datetime,P,PE,T_max,T_min,Q
01-Jan-1948,4.43,0.44,4.7611,-10.3556,0.1747
02-Jan-1948,18.77,0.442,8.0222,-2.7611,0.2714
03-Jan-1948,8.04,0.435,10.3944,-0.8278,0.2821
04-Jan-1948,3.93,0.429,10.7333,0.7278,0.2553
05-Jan-1948,1.71,0.424,12.0722,0.4389,0.266
06-Jan-1948,24.48,0.419,11.3722,-2.9333,0.223
07-Jan-1948,6.65,0.416,9.7444,2.2611,0.3923
08-Jan-1948,1.22,0.413,10.3611,0.6111,1.0264
09-Jan-1948,0,0.41,9.1056,-5.4,0.5589
10-Jan-1948,0,0.409,9.7167,-6.3444,0.4192
11-Jan-1948,0,0.408,7.7833,-9.5222,0.3117
12-Jan-1948,0,0.408,7.1278,-10.05,0.2553
13-Jan-1948,0,0.409,6.9389,-9.5278,0.2418
14-Jan-1948,0,0.41,8.3,-11.8167,0.2365
15-Jan-1948,0,0.412,8.5222,-11.4,0.2257
16-Jan-1948,0,0.415,8.8944,-10.4833,0.2203
17-Jan-1948,0,0.419,7.7111,-10.4944,0.215
18-Jan-1948,0,0.423,6.8222,-10.5611,0.215
19-Jan-1948,0,0.428,7.8667,-12.5722,0.2042
20-Jan-1948,0,0.434,8.6278,-11.4556,0.2096
21-Jan-1948,0,0.44,10.6444,-9.7611,0.2257
22-Jan-1948,0,0.447,13.6,-8.3944,0.2257
23-Jan-1948,0,0.455,13.8,-6.2611,0.215
24-Jan-1948,0,0.464,10.8167,-8.8056,0.2042
25-Jan-1948,0,0.473,5.5111,-9.7167,0.1935
26-Jan-1948,0,0.483,2.6333,-12.35,0.1666
27-Jan-1948,0,0.494,2.4167,-13.3833,0.1397
28-Jan-1948,0,0.506,5.3667,-12.9944,0.1881
29-Jan-1948,0,0.518,6.8944,-12.7833,0.1988
30-Jan-1948,0,0.531,7.2556,-11.7278,0.2096
31-Jan-1948,0.34,0.545,7.2667,-12.1222,0.2203
01-Feb-1948,0.16,0.559,0.6556,-7.3389,0.2096
02-Feb-1948,0,0.574,-1.6889,-16.1889,0.2042
03-Feb-1948,4.6,0.589,0.5667,-16.1111,0.1988
04-Feb-1948,8.87,0.606,-1.2833,-12.5222,0.1988
05-Feb-1948,23.35,0.623,-3.6778,-13.3333,0.1935
06-Feb-1948,7.71,0.641,-3.6611,-10.2389,0.1881
07-Feb-1948,6.59,0.659,0.3389,-17.3056,0.1827
08-Feb-1948,7.38,0.678,0.85,-15.2722,0.1935
09-Feb-1948,4.81,0.698,-0.3833,-5.6833,0.2042
10-Feb-1948,4.25,0.718,-3.45,-9.0833,0.1881
11-Feb-1948,0,0.739,-1,-15.8667,0.1612
12-Feb-1948,0,0.761,1.7111,-16.6167,0.1773
13-Feb-1948,0.32,0.783,5.0944,-15.8056,0.1881
14-Feb-1948,2.7,0.806,8.0556,-11.0889,0.1988
15-Feb-1948,0.32,0.829,8.6778,-6.0278,0.2177
16-Feb-1948,0,0.853,10.4722,-5.3556,0.2177
17-Feb-1948,0.42,0.878,9.3,-5.7111,0.2338
18-Feb-1948,0.16,0.903,7.7889,0.4,0.2606
19-Feb-1948,0,0.929,9.1389,-6.5778,0.2445
20-Feb-1948,3.01,0.955,8.2611,-8.4667,0.223
21-Feb-1948,4.12,0.982,7.8389,-5.0833,0.2284
22-Feb-1948,3.28,1.01,3.0111,-0.9444,0.266
23-Feb-1948,0.1,1.038,1.9111,-7.4944,0.2553
24-Feb-1948,0,1.067,5.8611,-10.7722,0.2177
25-Feb-1948,0,1.096,10.1222,-10.3667,0.2096
26-Feb-1948,0,1.126,9.2167,-8.0556,0.2445
27-Feb-1948,6.44,1.156,2.9833,-8.6167,0.2445
28-Feb-1948,1.18,1.187,0.9889,-6.2111,0.2338
29-Feb-1948,1.82,1.218,2.9556,-14.7111,0.2042
01-Mar-1948,0.19,1.25,3.5222,-12.4778,0.2177
02-Mar-1948,0,1.282,0.3389,-5.2944,0.2391
03-Mar-1948,0,1.315,0.8778,-12.3444,0.2042
04-Mar-1948,0,1.348,4.6833,-13.5722,0.1908
05-Mar-1948,0,1.382,4.4611,-11.9167,0.2096
06-Mar-1948,0,1.416,4.2889,-10.0056,0.2177
07-Mar-1948,0.89,1.451,4.1111,-9.7667,0.2096
08-Mar-1948,3.8,1.486,1.9444,-8.3,0.215
09-Mar-1948,0.76,1.521,1.7278,-7.3333,0.2096
10-Mar-1948,0,1.557,2.9667,-9.4222,0.215
11-Mar-1948,3.02,1.593,8.4278,-11.0667,0.1962
12-Mar-1948,9.52,1.629,6.0111,-9.9333,0.2177
13-Mar-1948,8.06,1.666,2.8389,-3.3056,0.215
14-Mar-1948,7.61,1.704,0.4222,-4.6111,0.2096
15-Mar-1948,11.61,1.741,2.0944,-11.2167,0.1962
16-Mar-1948,18.68,1.779,1.0667,-6.2556,0.2177
17-Mar-1948,3.28,1.818,3.2944,-8.9667,0.1988
18-Mar-1948,4.25,1.856,2.7611,-11.1056,0.1988
19-Mar-1948,4.88,1.895,0.1556,-7.0389,0.223
20-Mar-1948,0.09,1.935,3.4556,-11.8611,0.1962
21-Mar-1948,0,1.974,7.4889,-10.05,0.2042
22-Mar-1948,15.45,2.014,8.1556,-5.6167,0.2499
23-Mar-1948,19.66,2.054,4.2667,-3.6111,0.2445
24-Mar-1948,18.67,2.094,0.5889,-4.1556,0.2821
25-Mar-1948,2.08,2.135,1.6167,-8.4111,0.2177
26-Mar-1948,0,2.176,7.1944,-12.05,0.2177
27-Mar-1948,0,2.217,9.75,-8.1667,0.2714
28-Mar-1948,2.01,2.258,9.5444,-8.1,0.3171
29-Mar-1948,0.89,2.299,5.8611,-5.0333,0.3251
30-Mar-1948,0,2.341,8.4222,-3.4944,0.3063
31-Mar-1948,0,2.382,10.6944,-7.4611,0.3305
01-Apr-1948,9.6,2.424,12.3944,-7.4667,0.3896
02-Apr-1948,16.89,2.466,3,-0.9611,0.4944
03-Apr-1948,11.57,2.508,1.7278,-4.2333,0.4326
04-Apr-1948,18.56,2.551,3.5333,-6.3944,0.3762
05-Apr-1948,10.08,2.593,2.3667,-4.7667,0.3359
06-Apr-1948,5.24,2.635,1.95,-5.0056,0.3359
07-Apr-1948,2.54,2.678,6.5222,-9.45,0.3251
08-Apr-1948,21.71,2.72,7.0833,-9.2611,0.3439
09-Apr-1948,5.62,2.763,5.6889,-2.6556,0.4246
10-Apr-1948,8.67,2.806,3.4444,-2.4111,0.4487
11-Apr-1948,1.54,2.848,6.1889,-5.5167,0.4031
12-Apr-1948,3.44,2.891,8.9111,-9.2778,0.3816
13-Apr-1948,2.35,2.934,10.9611,-7.4111,0.4326
14-Apr-1948,0.27,2.977,14.3944,-4.4278,0.6449
15-Apr-1948,10.14,3.019,14.2056,2.3611,0.9593
16-Apr-1948,1.09,3.062,11.5667,-0.0111,1.0936
17-Apr-1948,0.09,3.104,10.45,1.2444,2.0556
18-Apr-1948,0,3.147,12.1333,-4.6611,1.7681
19-Apr-1948,0,3.189,14.8556,-6.2333,1.4483
20-Apr-1948,1.81,3.232,15.1444,-2.5944,1.4779
21-Apr-1948,16.74,3.274,10.3722,-2.9111,1.6337
22-Apr-1948,3.86,3.316,5.9611,-2.0722,1.3677
23-Apr-1948,0,3.358,9.9,-5.3944,1.0829
24-Apr-1948,0,3.4,12.4278,-6.8944,0.9808
25-Apr-1948,3.44,3.442,12.1722,0.3667,1.2468
26-Apr-1948,2.54,3.483,10.0111,-2.3278,1.6042
27-Apr-1948,0.72,3.525,12.3167,-1.1556,1.408
28-Apr-1948,12.45,3.566,8.4722,2.3667,1.5477
29-Apr-1948,9.61,3.607,6.3278,-6.7111,1.2414
30-Apr-1948,1.64,3.648,6.3278,-6.6944,1.0372
01-May-1948,0,3.689,7.35,-9.1111,0.9163
02-May-1948,0,3.729,10.4389,-3.1111,0.8948
03-May-1948,0,3.769,13.5111,-4.6778,0.9942
04-May-1948,0,3.809,15.4944,-3.2722,1.3167
05-May-1948,0,3.848,17.3889,-1.5833,1.7412
06-May-1948,11.48,3.888,15.4333,0.4167,2.6414
07-May-1948,0.96,3.927,5.7333,-0.55,3.0095
08-May-1948,0,3.965,6.3278,-7.4278,1.8138
09-May-1948,0,4.004,8.8667,-6.2222,1.5182
10-May-1948,0,4.042,11.4889,-7.5889,1.4644
11-May-1948,0,4.08,12.8167,-5.0722,1.6633
12-May-1948,0,4.117,16.0111,-3.7556,1.8917
13-May-1948,0,4.154,15.1111,-0.9889,2.3512
14-May-1948,0,4.191,17.6722,-2.8444,2.7408
15-May-1948,0,4.227,19.8389,-2.1333,3.0095
16-May-1948,0,4.263,17.2944,-2.5056,3.735
17-May-1948,9.41,4.298,11.3444,3.1278,3.9231
18-May-1948,19.81,4.333,4.9278,-1.5611,3.3857
19-May-1948,10.18,4.368,3.6778,-2.4278,2.1389
20-May-1948,3.7,4.402,4.7833,-2.3611,1.7976
21-May-1948,2.2,4.436,9.8333,-1.85,1.5182
22-May-1948,0,4.469,15.25,-3.3389,1.5477
23-May-1948,0,4.502,18.2167,-1.4,2.1819
24-May-1948,0,4.535,18.7333,1.8667,2.9826
25-May-1948,0,4.566,19.6556,0.9722,3.5738
26-May-1948,0,4.598,17.0722,1.9,4.2187
27-May-1948,9.57,4.629,11.75,2.6667,4.2187
28-May-1948,8.29,4.659,9.4833,-0.4833,3.0632
29-May-1948,1.59,4.689,8.5944,-0.3556,2.593
30-May-1948,6.59,4.718,6.7833,1.5611,2.5151
31-May-1948,4.88,4.747,12.4222,-2.1389,2.0878
01-Jun-1948,0,4.775,16.6611,0.2111,2.1711
02-Jun-1948,0,4.803,16.0111,1.05,2.902
03-Jun-1948,0,4.83,14.0056,2.1778,3.52
04-Jun-1948,1.68,4.857,9.3111,1.1556,3.3588
05-Jun-1948,0.51,4.883,10.7222,0.3222,2.9557
06-Jun-1948,0,4.908,18.0833,1.9944,3.0901
07-Jun-1948,2.86,4.933,18.0944,2.5889,2.9557
08-Jun-1948,5.14,4.957,18.4778,3.0222,3.0901
09-Jun-1948,0,4.981,17.2222,2.95,3.3588
10-Jun-1948,0,5.004,15.6833,3.1444,3.2244
11-Jun-1948,0.34,5.026,16.5944,2.3833,3.0901
12-Jun-1948,0.17,5.048,16.7444,2.05,3.117
13-Jun-1948,0,5.069,16.6611,-0.3111,2.902
14-Jun-1948,0,5.089,16.6556,-0.6333,2.9557
15-Jun-1948,0,5.109,16.8556,-0.6222,2.6548
16-Jun-1948,0,5.128,17.3944,-0.0056,2.4775
17-Jun-1948,0,5.147,17.3,-0.4167,2.3834
18-Jun-1948,0.34,5.165,15.9611,5.5167,2.3646
19-Jun-1948,0.51,5.182,16.3167,0.7833,2.2598
20-Jun-1948,0,5.198,17.0222,5.7444,2.3297
21-Jun-1948,0,5.214,17.45,6.1944,2.4022
22-Jun-1948,0,5.229,19.0833,1.2,2.241
23-Jun-1948,0,5.244,21.1889,2.1222,2.0878
24-Jun-1948,0,5.258,22.4389,4.6556,2.1738
25-Jun-1948,0,5.271,22.6056,4.9556,2.3646
26-Jun-1948,0,5.283,22.2944,5.4889,2.4022
27-Jun-1948,0,5.295,23.8556,5.8833,2.3297
28-Jun-1948,0,5.306,25.3667,5.7056,2.2249
29-Jun-1948,0,5.316,25.6778,5.5611,2.1228
30-Jun-1948,0,5.325,24.4611,7.8333,2.1228
01-Jul-1948,0,5.334,22.7222,9.6056,2.0045
02-Jul-1948,0,5.342,21.2722,6.9667,1.7063
03-Jul-1948,0,5.35,20.2167,6.1167,1.5612
04-Jul-1948,0,5.356,17.5444,2.0778,1.3811
05-Jul-1948,0,5.362,16.5278,0.6778,1.2038
06-Jul-1948,0,5.367,16.8889,3.1722,1.0721
07-Jul-1948,0,5.372,18.9889,4.1333,1.0157
08-Jul-1948,0,5.376,21.1111,2.8556,0.9942
09-Jul-1948,0,5.379,23.3333,4.7278,0.9378
10-Jul-1948,0,5.381,23.9667,6.0222,0.9378
11-Jul-1948,0,5.382,23.4389,5.6167,0.927
12-Jul-1948,0,5.383,24.3667,4.8,0.8545
13-Jul-1948,0,5.383,24.8667,4.7611,0.8034
14-Jul-1948,0,5.383,26.9444,6.8944,0.7658
15-Jul-1948,0,5.381,27.7611,8.2,0.7174
16-Jul-1948,0,5.379,27.5889,8.45,0.6637
17-Jul-1948,0,5.376,26.0389,7.3611,0.6368
18-Jul-1948,0,5.373,26.0389,6.6778,0.575
19-Jul-1948,0,5.368,25.3444,6.4833,0.5589
20-Jul-1948,0,5.363,25.1556,6.5833,0.5347
21-Jul-1948,0.17,5.358,25.75,7.4722,0.4944
22-Jul-1948,0,5.351,25.0389,8.8389,0.4407
23-Jul-1948,0,5.344,24.2444,8.85,0.4192
24-Jul-1948,0,5.336,23.5056,6.05,0.4031
25-Jul-1948,0,5.327,24.4333,5.1556,0.3816
26-Jul-1948,0,5.318,24.4333,5.4056,0.3708
27-Jul-1948,0,5.308,23.7722,5.4167,0.3359
28-Jul-1948,0,5.297,22.5778,4.6278,0.3251
29-Jul-1948,0,5.286,24.4944,4.2778,0.3628
30-Jul-1948,0,5.273,26,6.7,0.3708
31-Jul-1948,0,5.26,25.9222,7.2222,0.3359
01-Aug-1948,0,5.247,25.6722,6.5444,0.3251
02-Aug-1948,0,5.232,25.5833,6.2722,0.3359
03-Aug-1948,0,5.217,25.9056,6.2944,0.3251
04-Aug-1948,0,5.202,24.0222,10.1556,0.3063
05-Aug-1948,0,5.185,24.5,4.6278,0.2875
06-Aug-1948,0,5.168,24.7833,6.3722,0.2956
07-Aug-1948,0.03,5.151,22.3333,6.0056,0.2875
08-Aug-1948,0.1,5.132,20.9444,2.8444,0.2714
09-Aug-1948,0,5.113,20.7778,2.95,0.2714
10-Aug-1948,0,5.094,21.6278,3.5944,0.2553
11-Aug-1948,0,5.073,21.9833,3.5333,0.2499
12-Aug-1948,0,5.052,22.5944,3.3611,0.2606
13-Aug-1948,0,5.031,22.9,3.9278,0.2499
14-Aug-1948,0,5.009,23.4222,3.6556,0.2177
15-Aug-1948,0,4.986,22.75,7.15,0.2391
16-Aug-1948,0,4.962,22.8944,4.8167,0.2553
17-Aug-1948,0,4.938,22.5333,4.8389,0.2553
18-Aug-1948,0,4.913,22.1,4.3222,0.2445
19-Aug-1948,0,4.888,21.6944,4.6111,0.2096
20-Aug-1948,0,4.862,23.1056,4.0778,0.1908
21-Aug-1948,0,4.836,21.75,4.2667,0.172
22-Aug-1948,0,4.809,18.7833,6.9389,0.1558
23-Aug-1948,0.05,4.781,18.1944,5.6833,0.1532
24-Aug-1948,0,4.753,20.3833,1.7389,0.1558
25-Aug-1948,0,4.724,23.3667,3.7889,0.223
26-Aug-1948,0,4.695,24.5444,4.8444,0.2177
27-Aug-1948,0,4.665,24.5667,4.7833,0.2042
28-Aug-1948,0,4.635,26.5056,5.2167,0.1988
29-Aug-1948,0,4.604,26.8111,5.5722,0.1962
30-Aug-1948,0,4.573,25.8611,7.8889,0.1908
31-Aug-1948,0,4.541,26.7,6.9222,0.1988
01-Sep-1948,0,4.509,27.8333,7.9333,0.1908
02-Sep-1948,0,4.476,27.7444,8.6,0.1558
03-Sep-1948,0,4.443,26.8611,6.7389,0.1505
04-Sep-1948,0,4.409,25.3444,7.3722,0.1505
05-Sep-1948,0,4.375,24.8222,4.3556,0.1397
06-Sep-1948,0,4.341,24.7833,4.8111,0.1558
07-Sep-1948,0,4.306,24.3167,5.6333,0.1558
08-Sep-1948,0,4.27,25.7611,5.1278,0.1612
09-Sep-1948,0,4.235,26.9944,6.0167,0.1666
10-Sep-1948,0,4.198,28.0278,6.5333,0.1612
11-Sep-1948,0,4.162,27.7278,7.6222,0.1666
12-Sep-1948,0,4.125,27.8778,7.4722,0.1532
13-Sep-1948,0,4.088,26.3111,6.6778,0.1451
14-Sep-1948,0,4.05,24.3944,6.5389,0.137
15-Sep-1948,0,4.012,22.2389,8.8,0.1263
16-Sep-1948,0,3.974,20.3167,8.85,0.1182
17-Sep-1948,0.03,3.935,19.9444,8.1778,0.1075
18-Sep-1948,0.05,3.896,17.2722,6.1556,0.1048
19-Sep-1948,0,3.857,17.85,-0.3778,0.1263
20-Sep-1948,0.08,3.817,21.9833,0.9889,0.1558
21-Sep-1948,0.14,3.777,19.8333,2.2389,0.1558
22-Sep-1948,0,3.737,16.9722,0.1833,0.1558
23-Sep-1948,0.08,3.697,14.1778,2.0944,0.1612
24-Sep-1948,9.65,3.656,10.3056,-0.9389,0.1612
25-Sep-1948,3.1,3.616,6.2111,-4.75,0.1854
26-Sep-1948,0.27,3.575,10.6944,-6.0333,0.215
27-Sep-1948,0,3.534,16.2278,-3.4889,0.2042
28-Sep-1948,0,3.492,19.9778,-0.4278,0.2042
29-Sep-1948,0,3.451,20.0111,0.0056,0.1962
30-Sep-1948,0,3.409,21.1944,0.6389,0.1827
01-Oct-1948,0,3.367,21.7,4.9944,0.1532
02-Oct-1948,0,3.325,21.2,5.8667,0.137
03-Oct-1948,0,3.283,17.1889,7.4167,0.1317
04-Oct-1948,0.01,3.241,14.6556,1.7889,0.1344
05-Oct-1948,0,3.198,15.1889,1.7056,0.137
06-Oct-1948,0,3.156,17.8389,-0.4,0.137
07-Oct-1948,0,3.113,20.5278,0.5944,0.137
08-Oct-1948,0,3.071,21.3611,1.8056,0.137
09-Oct-1948,0,3.028,21.25,2.2889,0.1344
10-Oct-1948,0.02,2.986,18.6889,1.6444,0.1344
11-Oct-1948,0.92,2.943,14.6889,2.6111,0.137
12-Oct-1948,0.05,2.9,14.5167,1.2111,0.137
13-Oct-1948,22.27,2.857,10.9556,3.1611,0.137
14-Oct-1948,2.09,2.815,10.0389,0.7611,0.1854
15-Oct-1948,0.03,2.772,11.9111,0.5611,0.1773
16-Oct-1948,0.06,2.729,13.1278,0.3444,0.1612
17-Oct-1948,0,2.687,15.2833,-1.2556,0.1532
18-Oct-1948,0,2.644,16.4667,-0.4111,0.1505
19-Oct-1948,0,2.602,15.9111,-0.85,0.1451
20-Oct-1948,0,2.56,17.1111,-1.5167,0.1451
21-Oct-1948,0,2.517,17.3222,-0.55,0.1451
22-Oct-1948,0,2.475,17.3444,-0.7944,0.1451
23-Oct-1948,0,2.433,17.1167,0.3833,0.1397
24-Oct-1948,0,2.391,15.0167,0.7667,0.1397
25-Oct-1948,0,2.349,14.9,-1.1167,0.1397
26-Oct-1948,0,2.308,14.3667,-1.9667,0.1451
27-Oct-1948,0,2.266,10.9722,-4.5556,0.1451
28-Oct-1948,0.01,2.225,7.8944,-8.1778,0.1397
29-Oct-1948,4.37,2.184,4.0833,-5.3,0.137
30-Oct-1948,1.53,2.143,5.5389,-7.9444,0.1397
31-Oct-1948,4.57,2.103,8.3722,-6.1333,0.1505
01-Nov-1948,12.65,2.062,9.2389,-2.9556,0.1693
02-Nov-1948,0.39,2.022,10.4833,-0.4,0.3439
03-Nov-1948,6.45,1.982,8.3667,1.2833,0.266
04-Nov-1948,0,1.943,6.7889,-8.0556,0.2553
05-Nov-1948,0,1.904,10.6611,-6.9778,0.1908
06-Nov-1948,0,1.865,10.0833,-5.0944,0.1827
07-Nov-1948,0,1.826,7.5,-5.2444,0.1773
08-Nov-1948,0,1.787,5.9944,-10.5833,0.1532
09-Nov-1948,0,1.749,7.7167,-10.2222,0.137
10-Nov-1948,0,1.712,9.7778,-8.2167,0.1505
11-Nov-1948,0,1.674,9.0556,-7.6056,0.1666
12-Nov-1948,0,1.637,11.35,-7.3167,0.1612
13-Nov-1948,0,1.601,12.7278,-5.9944,0.1612
14-Nov-1948,0.43,1.564,12.3611,-3.3389,0.1558
15-Nov-1948,3,1.528,10.9278,0.3222,0.1558
16-Nov-1948,2.99,1.493,8.45,-1.5389,0.1532
17-Nov-1948,0.76,1.458,4.75,-4.2278,0.1612
18-Nov-1948,0.25,1.423,5.4833,-9.1056,0.137
19-Nov-1948,0.81,1.389,6.4833,-6.95,0.1532
20-Nov-1948,0,1.355,4.1278,-8.5556,0.1558
21-Nov-1948,0,1.322,3.5833,-10.1278,0.1397
22-Nov-1948,0,1.289,9.1889,-8.4167,0.1209
23-Nov-1948,0,1.257,11.4111,-5.7333,0.1532
24-Nov-1948,0.01,1.225,9.8722,-1.9833,0.1612
25-Nov-1948,0.42,1.193,5.7667,-9.6167,0.1397
26-Nov-1948,0.71,1.163,1.3944,-9.7889,0.1263
27-Nov-1948,0,1.132,4.1389,-14.2389,0.1155
28-Nov-1948,0,1.102,7.9278,-9.75,0.1558
29-Nov-1948,0,1.073,6.2889,-10.8778,0.1558
30-Nov-1948,0,1.044,8.3056,-9.1833,0.1317
01-Dec-1948,0,1.016,8.0389,-8.6167,0.1612
02-Dec-1948,0.18,0.988,10.9611,-6.9056,0.1397
03-Dec-1948,22.72,0.961,6.1389,-6.0389,0.1532
04-Dec-1948,3.23,0.935,-1.0333,-13.6389,0.1102
05-Dec-1948,8.48,0.909,0.9278,-8.3333,0.1451
06-Dec-1948,0.13,0.883,1.4722,-10.7111,0.1451
07-Dec-1948,2.49,0.858,4.5611,-8.2611,0.1532
08-Dec-1948,0.03,0.834,5.6889,-7.2611,0.1666
09-Dec-1948,0.02,0.811,8.8611,-8.1222,0.1532
10-Dec-1948,0,0.788,7.5889,-6.5889,0.1666
11-Dec-1948,0,0.765,8.9389,-1.3278,0.1558
12-Dec-1948,1.62,0.743,6.6444,-0.2222,0.1532
13-Dec-1948,10.11,0.722,2.8833,-3.3722,0.1666
14-Dec-1948,5.09,0.702,-2.3722,-8.8222,0.1532
15-Dec-1948,0.32,0.682,-3.8167,-13.9944,0.1344
16-Dec-1948,0.57,0.663,-4.4,-15.1389,0.129
17-Dec-1948,6.66,0.644,-3.9111,-11.6,0.1397
18-Dec-1948,0.07,0.627,-2.0333,-12.3778,0.1558
19-Dec-1948,3.08,0.609,2.4,-14.5278,0.1451
20-Dec-1948,5.81,0.593,5.6778,-10.0222,0.1397
21-Dec-1948,0.01,0.577,2.0333,-6.8444,0.1558
22-Dec-1948,0,0.562,-4.0278,-12.5889,0.1505
23-Dec-1948,2.34,0.547,-6.2667,-13.5611,0.1451
24-Dec-1948,0.01,0.534,-6.0722,-14.5278,0.1397
25-Dec-1948,0.83,0.521,-4.8389,-15.0056,0.1344
26-Dec-1948,33.1,0.508,-4.9,-11.5833,0.1397
27-Dec-1948,1.26,0.497,-1.5889,-11.5833,0.1451
28-Dec-1948,4.81,0.486,-1.4778,-13.5111,0.1397
29-Dec-1948,1.23,0.475,0.1889,-13.1056,0.1344
30-Dec-1948,0,0.466,1.2111,-13.0722,0.129
31-Dec-1948,2.43,0.457,3.4333,-11.3556,0.1236
01-Jan-1949,6.44,0.44,0.7611,-4.2611,0.1344
02-Jan-1949,0.44,0.442,-3.2444,-12.4,0.1451
03-Jan-1949,0.02,0.435,-9.2389,-14.2333,0.1344
04-Jan-1949,0,0.429,-7.2778,-12.3944,0.1236
05-Jan-1949,1.51,0.424,-3.2167,-14.0889,0.1236
06-Jan-1949,0,0.419,1.2778,-13.1333,0.1344
07-Jan-1949,0.16,0.416,4.2833,-12.4056,0.1451
08-Jan-1949,1.16,0.413,2.15,-9.8056,0.1558
09-Jan-1949,1.47,0.41,-8.2167,-14.8833,0.1451
10-Jan-1949,3.71,0.409,-11.8333,-13.5278,0.1344
11-Jan-1949,3.34,0.408,-11.15,-13.4722,0.129
12-Jan-1949,12.22,0.408,-7.3056,-15.6222,0.129
13-Jan-1949,9.57,0.409,-4.9556,-13.1889,0.1344
14-Jan-1949,3.37,0.41,-0.8444,-9.9389,0.1397
15-Jan-1949,0.02,0.412,-3.4389,-13.7,0.1505
16-Jan-1949,0,0.415,-6.0167,-13.1722,0.1344
17-Jan-1949,0.33,0.419,-2.0222,-12.5389,0.129
18-Jan-1949,0.33,0.423,-2.2611,-12.95,0.1344
19-Jan-1949,32.9,0.428,-3.6722,-11.2389,0.1397
20-Jan-1949,1.3,0.434,-2.3167,-11.7944,0.1451
21-Jan-1949,3.82,0.44,0.1056,-12.0944,0.1505
22-Jan-1949,9.72,0.447,-2.4556,-9.7556,0.1612
23-Jan-1949,6.39,0.455,-4.7056,-13.7389,0.1558
24-Jan-1949,0.17,0.464,-8.4278,-13.9611,0.1451
25-Jan-1949,0.24,0.473,-9.0944,-12.2111,0.1397
26-Jan-1949,0.6,0.483,-4.3556,-10.95,0.1397
27-Jan-1949,0.01,0.494,1.1556,-14.5944,0.1558
28-Jan-1949,0,0.506,-3.1278,-13.9444,0.1666
29-Jan-1949,0,0.518,-2.8444,-12.2333,0.1612
30-Jan-1949,0,0.531,0.7167,-12.8833,0.1558
31-Jan-1949,0.07,0.545,-1.5778,-13.4,0.1505
01-Feb-1949,1.86,0.559,-4.0167,-13.9167,0.1451
02-Feb-1949,1.57,0.574,-3.6222,-13.4944,0.1397
03-Feb-1949,5.47,0.589,-3.8556,-12.7833,0.1505
04-Feb-1949,5.69,0.606,-4.2056,-11.25,0.1558
05-Feb-1949,4.5,0.623,-2.8944,-10.3056,0.1666
06-Feb-1949,7.84,0.641,-1.4611,-15.2278,0.1612
07-Feb-1949,3.36,0.659,-3.0667,-9.4333,0.1666
08-Feb-1949,0,0.678,-2.8556,-15.7333,0.1612
09-Feb-1949,0.46,0.698,1.7833,-14.8722,0.172
10-Feb-1949,6.59,0.718,3.6722,-6.6833,0.1773
11-Feb-1949,10.62,0.739,-1.1889,-9.25,0.1773
12-Feb-1949,0.1,0.761,-7.5389,-13.85,0.172
13-Feb-1949,0,0.783,-8.2167,-15.0389,0.1666
14-Feb-1949,4.01,0.806,-1.3833,-15.7667,0.1666
15-Feb-1949,0.01,0.829,3.4111,-7.6667,0.172
16-Feb-1949,0,0.853,5.2944,-10.5889,0.1773
17-Feb-1949,0,0.878,7.4444,-9.0278,0.1827
18-Feb-1949,0,0.903,7.1667,-9.8222,0.1881
19-Feb-1949,0.01,0.929,7.3333,-9.4667,0.1935
20-Feb-1949,0.45,0.955,5.3,-6.1278,0.1988
21-Feb-1949,0,0.982,6.9222,-7.6611,0.215
22-Feb-1949,0.16,1.01,7.5833,-4.4,0.2418
23-Feb-1949,0.17,1.038,6.6,-8.1778,0.2687
24-Feb-1949,5.74,1.067,5.3167,-4.6833,0.2956
25-Feb-1949,0.17,1.096,6.4333,-4.9111,0.3224
26-Feb-1949,5.82,1.126,4,-4.8611,0.3359
27-Feb-1949,5.23,1.156,3.9667,-5.1944,0.3224
28-Feb-1949,0.5,1.187,5.3722,-7.4,0.2606
01-Mar-1949,0.74,1.218,4.25,-6.2611,0.2391
02-Mar-1949,9.97,1.25,2.8722,-3.2167,0.266
03-Mar-1949,22.88,1.282,-0.15,-3.5722,0.2606
04-Mar-1949,2.05,1.315,2.9944,-5.6389,0.2391
05-Mar-1949,0.32,1.348,3.8389,-9.2556,0.215
06-Mar-1949,0.55,1.382,3.5222,-10.1833,0.2096
07-Mar-1949,3.12,1.416,2.4667,-5.95,0.2391
08-Mar-1949,0.08,1.451,3.65,-8.7944,0.2096
09-Mar-1949,4.86,1.486,2.9611,-6.5444,0.2338
10-Mar-1949,8.97,1.521,2.4111,-4.6611,0.2338
11-Mar-1949,9.41,1.557,1.8944,-6.0167,0.2445
12-Mar-1949,5.04,1.593,3.7,-5.3111,0.2445
13-Mar-1949,0,1.629,7.5278,-9.0611,0.2284
14-Mar-1949,0.41,1.666,9.65,-5.8444,0.2553
15-Mar-1949,0.44,1.704,10.3,-2.7944,0.3009
16-Mar-1949,2.76,1.741,7.3,-1.9722,0.3305
17-Mar-1949,0,1.779,9.3278,-4.8944,0.3305
18-Mar-1949,0,1.818,10.8,-3.75,0.3708
19-Mar-1949,2.5,1.856,7.3889,-1.1167,0.4031
20-Mar-1949,0.08,1.895,7.9667,-4.1111,0.3762
21-Mar-1949,0.14,1.935,7.7167,-4.4611,0.3816
22-Mar-1949,5.3,1.974,3.8444,-3.6778,0.4192
23-Mar-1949,1.09,2.014,1.5889,-7.4444,0.3439
24-Mar-1949,0.02,2.054,2.6833,-10.15,0.3117
25-Mar-1949,0,2.094,6.2389,-10.4167,0.2875
26-Mar-1949,0.15,2.135,10.0556,-6.9,0.3063
27-Mar-1949,2.84,2.176,8.0556,-2.0944,0.3977
28-Mar-1949,19.51,2.217,3.6667,-6.8389,0.4568
29-Mar-1949,1,2.258,3.2222,-9.95,0.3439
30-Mar-1949,15.1,2.299,1.5667,-6.3889,0.3493
31-Mar-1949,8.94,2.341,3.4556,-5.25,0.3359
01-Apr-1949,0.08,2.382,7.6889,-6.4444,0.3171
02-Apr-1949,4.04,2.424,6.9167,-2.5889,0.3896
03-Apr-1949,0,2.466,9.2056,-3.6611,0.4031
04-Apr-1949,0,2.508,12.9833,-5.0556,0.4864
05-Apr-1949,0.08,2.551,12.6556,-3.1222,0.5858
06-Apr-1949,0.33,2.593,10.5833,-1.8222,0.6718
07-Apr-1949,1.18,2.635,8.9722,0.2722,0.6986
08-Apr-1949,0.01,2.678,10.8833,-1.9056,0.7282
09-Apr-1949,0,2.72,15.3,-2.6889,0.8034
10-Apr-1949,0,2.763,16.8222,-2.9556,1.0264
11-Apr-1949,0,2.806,17.4056,-0.6722,1.322
12-Apr-1949,0,2.848,15.8222,0.4778,1.6498
13-Apr-1949,0,2.891,16.8,-2.8611,1.7923
14-Apr-1949,0,2.934,16.0333,-1.7389,1.8594
15-Apr-1949,0,2.977,17.1611,-0.9944,1.8433
16-Apr-1949,0,3.019,18.9167,-0.95,1.9884
17-Apr-1949,0.16,3.062,16.2667,0.8667,2.2598
18-Apr-1949,2.52,3.104,14.5111,0.0889,2.2087
19-Apr-1949,0,3.147,12.3944,0.7556,2.421
20-Apr-1949,0,3.189,15.2833,-1.1611,2.3297
21-Apr-1949,0,3.232,19,0.4833,2.7139
22-Apr-1949,0,3.274,19.5167,2.5944,3.3857
23-Apr-1949,0,3.316,18.8444,4.1,3.8425
24-Apr-1949,0,3.358,16.4056,2.9056,4.0037
25-Apr-1949,0,3.4,15.9278,-1.4111,3.8693
26-Apr-1949,0,3.442,17.4889,-1.1444,3.2244
27-Apr-1949,0,3.483,17.6667,-1.5389,3.2244
28-Apr-1949,0.2,3.525,14.3111,2.8556,3.1976
29-Apr-1949,0,3.566,12.6889,-1.4889,2.902
30-Apr-1949,0,3.607,14.2333,-3.4889,2.6736
01-May-1949,0,3.648,13.9944,-0.1278,2.7408
02-May-1949,0.01,3.689,13.05,1.7389,3.0901
03-May-1949,0,3.729,11.7778,0.4056,2.8483
04-May-1949,0,3.769,11.8444,-2.3611,2.6118
05-May-1949,0,3.809,12.2611,-2.2444,2.5527
06-May-1949,0,3.848,15.2167,-1.4611,2.3834
07-May-1949,0,3.888,16.6333,-0.8333,2.5527
08-May-1949,0.18,3.927,13.35,2.5222,2.687
09-May-1949,3.53,3.965,9.8667,-3.7333,2.241
10-May-1949,10.57,4.004,13.6889,0.7778,2.155
11-May-1949,1.53,4.042,17.1111,1.1056,2.9557
12-May-1949,6,4.08,17.6556,3.7556,3.6544
13-May-1949,23.47,4.117,16.7278,3.4167,3.6812
14-May-1949,19.65,4.154,12.5778,3.0833,4.7292
15-May-1949,11.3,4.191,10.9778,2.3278,3.4932
16-May-1949,4.99,4.227,9.2111,5.0889,4.2993
17-May-1949,4.46,4.263,10.2444,0.5333,3.7619
18-May-1949,14.28,4.298,6.8278,-1.6167,3.117
19-May-1949,9.47,4.333,5.0667,-0.3889,2.8214
20-May-1949,0.11,4.368,8,0.1833,2.3834
21-May-1949,0.15,4.402,13.3556,-1.5111,2.2087
22-May-1949,0,4.436,16.1722,-0.6556,2.2947
23-May-1949,0,4.469,18.7833,1.4278,2.6333
24-May-1949,0,4.502,21.2611,2.6389,3.1707
25-May-1949,0,4.535,22.8333,5.1167,3.6006
26-May-1949,0.03,4.566,22.2611,6.0444,3.9768
27-May-1949,0,4.598,20.3833,4.4,4.0306
28-May-1949,0.45,4.629,15.4333,4.7778,3.7081
29-May-1949,3.44,4.659,10.8556,1.8278,3.3319
30-May-1949,3.8,4.689,9.7556,-0.2889,2.687
31-May-1949,0.14,4.718,9.9278,0.6722,2.3109
01-Jun-1949,0,4.747,12.9222,-2.35,2.0556
02-Jun-1949,0,4.775,13.8889,-0.7167,2.0878
03-Jun-1949,0,4.803,13.95,0.1278,2.1228
04-Jun-1949,0,4.83,17.7056,2.9722,2.155
05-Jun-1949,0.03,4.857,20.8778,3.2056,2.421
06-Jun-1949,0.05,4.883,20.9667,5.4722,2.6118
07-Jun-1949,0,4.908,21.9056,6.2611,2.7945
08-Jun-1949,0,4.933,22.6833,5.4111,2.902
09-Jun-1949,0,4.957,25.4167,4.7444,2.8751
10-Jun-1949,0,4.981,25.5278,6.9611,3.0364
11-Jun-1949,0,5.004,25.15,5.45,3.0095
12-Jun-1949,0,5.026,24.7389,4.6111,2.6333
13-Jun-1949,0,5.048,25.7,7.0889,2.4586
14-Jun-1949,0,5.069,25.9111,7.7333,2.3834
15-Jun-1949,0,5.089,26.3333,8.1,2.2947
16-Jun-1949,0,5.109,23.7111,9.3056,2.1899
17-Jun-1949,0.01,5.128,19.0444,2.7833,2.0045
18-Jun-1949,0.48,5.147,14.8278,4.3167,1.7063
19-Jun-1949,0.09,5.165,14.6667,0.1167,1.5343
20-Jun-1949,0,5.182,18.3389,1.0722,1.3301
21-Jun-1949,0,5.198,20.6722,2.45,1.2522
22-Jun-1949,0,5.214,21.3444,4.4333,1.1796
23-Jun-1949,0,5.229,21.2,4.1944,1.1071
24-Jun-1949,0,5.244,24.0389,5.6056,1.0479
25-Jun-1949,0,5.258,24.3222,7.4111,1.0479
26-Jun-1949,0,5.271,21.35,8.4778,1.0157
27-Jun-1949,0,5.283,21.6667,3.7333,0.9485
28-Jun-1949,0,5.295,18.9556,5.0611,0.8545
29-Jun-1949,0,5.306,19.4556,3.5056,0.8142
30-Jun-1949,0,5.316,21.8667,3.1556,0.7739
01-Jul-1949,0,5.325,25.0222,5.8222,0.7282
02-Jul-1949,0,5.334,24.8333,8.3222,0.6906
03-Jul-1949,0,5.342,23.4667,8.8944,0.6637
04-Jul-1949,0,5.35,23.0944,6.5,0.6368
05-Jul-1949,0,5.356,21.8278,5.1111,0.5938
06-Jul-1949,0,5.362,22.7,3.2833,0.567
07-Jul-1949,0,5.367,23.9556,4.9444,0.5428
08-Jul-1949,0,5.372,25.6222,7.5556,0.5186
09-Jul-1949,0,5.376,26.6167,9.3944,0.5025
10-Jul-1949,0,5.379,27.2778,10.0389,0.4783
11-Jul-1949,0.11,5.381,26.7944,10.5278,0.4568
12-Jul-1949,0.45,5.382,26.3889,10.1833,0.4246
13-Jul-1949,0,5.383,26.7,9.7278,0.4246
14-Jul-1949,0,5.383,27.8833,10.1,0.3816
15-Jul-1949,0,5.383,27.6889,10.45,0.3493
16-Jul-1949,0,5.381,27.8889,9.7,0.3171
17-Jul-1949,0,5.379,27.0722,9.2444,0.2956
18-Jul-1949,0,5.376,24.3444,12.3222,0.2821
19-Jul-1949,0,5.373,22.1389,9.4389,0.2714
20-Jul-1949,0,5.368,22.4333,5.2056,0.2499
21-Jul-1949,0,5.363,24.1278,6.1556,0.2499
22-Jul-1949,0,5.358,24.05,5.7611,0.3251
23-Jul-1949,0,5.351,23.0389,6.1278,0.3171
24-Jul-1949,0,5.344,21.9833,6.8333,0.3063
25-Jul-1949,0,5.336,23.2056,5.4167,0.2875
26-Jul-1949,0,5.327,23.9944,7.0167,0.3117
27-Jul-1949,0,5.318,24.1056,6.25,0.2956
28-Jul-1949,0,5.308,24.9056,7.7611,0.2768
29-Jul-1949,0.02,5.297,25.9722,8.5944,0.2768
30-Jul-1949,4.15,5.286,25.9,11.3889,0.266
31-Jul-1949,1.64,5.273,24.8833,10.9389,0.3359
01-Aug-1949,0.01,5.26,26.6778,10.6167,0.4246
02-Aug-1949,0,5.247,27.6333,10.6611,0.2606
03-Aug-1949,0,5.232,28.1611,10.5889,0.2499
04-Aug-1949,0,5.217,26.7222,9.6444,0.2391
05-Aug-1949,0,5.202,25.5556,9.6222,0.2284
06-Aug-1949,0,5.185,23.2889,10.3056,0.2096
07-Aug-1949,0,5.168,22.7278,9.7389,0.2042
08-Aug-1949,0.16,5.151,22.5722,5.3389,0.2042
09-Aug-1949,0.09,5.132,20.1056,5.5889,0.1962
10-Aug-1949,0.1,5.113,19.7556,4.4056,0.2177
11-Aug-1949,0.53,5.094,19.0611,5.2,0.2338
12-Aug-1949,0,5.073,20.1667,2.6278,0.223
13-Aug-1949,0,5.052,21.8111,3.9778,0.172
14-Aug-1949,0.03,5.031,21.6278,4.8056,0.1612
15-Aug-1949,0.43,5.009,21.4778,4.4778,0.1505
16-Aug-1949,0.21,4.986,21.7778,5.1667,0.1666
17-Aug-1949,0,4.962,22.4167,4.5111,0.215
18-Aug-1949,0,4.938,21.6667,4.2167,0.2042
19-Aug-1949,0,4.913,23.7222,3.4944,0.1827
20-Aug-1949,0,4.888,24.6167,4.8833,0.172
21-Aug-1949,0,4.862,22.1778,4.9833,0.1773
22-Aug-1949,0.34,4.836,21.5778,7.8,0.1773
23-Aug-1949,0,4.809,20.3611,6.7889,0.1773
24-Aug-1949,0,4.781,21.7056,2.8833,0.172
25-Aug-1949,0,4.753,22.7222,2.3,0.1612
26-Aug-1949,0.02,4.724,22.8944,3.7556,0.1693
27-Aug-1949,2.98,4.695,19.4056,6.3167,0.1558
28-Aug-1949,0.6,4.665,20.2556,7.6,0.1693
29-Aug-1949,0,4.635,23.7167,6.2222,0.172
30-Aug-1949,0,4.604,25.8611,7.7833,0.1666
31-Aug-1949,0,4.573,27.05,7.8444,0.1693
01-Sep-1949,0,4.541,27.4667,8.7333,0.1827
02-Sep-1949,0,4.509,26.1389,8.0389,0.1532
03-Sep-1949,0,4.476,25.7167,7.5111,0.1558
04-Sep-1949,0,4.443,24.8222,8.4,0.1612
05-Sep-1949,0,4.409,23.7,4.6167,0.1532
06-Sep-1949,0,4.375,22.7778,5.0222,0.1397
07-Sep-1949,0,4.341,22.6389,3.0056,0.137
08-Sep-1949,0.05,4.306,22.6,5.0611,0.1317
09-Sep-1949,0,4.27,21.0167,5.9278,0.137
10-Sep-1949,0,4.235,19.0833,0.8889,0.1263
11-Sep-1949,0,4.198,19.9,1.9444,0.1263
12-Sep-1949,1,4.162,18.9333,2.9222,0.1236
13-Sep-1949,0,4.125,20.1222,3.6,0.1317
14-Sep-1949,0,4.088,21.2722,3.1333,0.1344
15-Sep-1949,0,4.05,22.5833,4.2278,0.1209
16-Sep-1949,0,4.012,21.7889,6.4722,0.1102
17-Sep-1949,0,3.974,20.45,3.4667,0.1075
18-Sep-1949,0,3.935,23.7944,3.2278,0.1102
19-Sep-1949,0,3.896,25.1,4.9667,0.1102
20-Sep-1949,0.02,3.857,25.15,5.9833,0.1102
21-Sep-1949,0.06,3.817,25.3111,8.0444,0.1102
22-Sep-1949,0,3.777,26.3944,7.7889,0.1182
23-Sep-1949,0,3.737,26.5722,8.8056,0.1209
24-Sep-1949,0,3.697,23.0667,7.8333,0.1155
25-Sep-1949,0,3.656,19.35,5.6722,0.1075
26-Sep-1949,0.1,3.616,18.4889,2.2722,0.1102
27-Sep-1949,0.27,3.575,17.45,1.85,0.1102
28-Sep-1949,0.06,3.534,15.3278,1.55,0.1209
29-Sep-1949,0,3.492,17.3667,0.85,0.1317
30-Sep-1949,0,3.451,19.8389,1.7778,0.1317
01-Oct-1949,0,3.409,19.8944,2.5778,0.1344
02-Oct-1949,0,3.367,21.5833,2.8556,0.1317
03-Oct-1949,0,3.325,21.4222,3.3333,0.1263
04-Oct-1949,0,3.283,20.8889,4.2278,0.1209
05-Oct-1949,0,3.241,16.4889,6.7167,0.1155
06-Oct-1949,0,3.198,12.4556,0.8222,0.1182
07-Oct-1949,6.71,3.156,6.7167,-3.9611,0.1236
08-Oct-1949,0.52,3.113,3.2389,-4.3,0.1505
09-Oct-1949,0.07,3.071,10.6056,-5.1,0.1612
10-Oct-1949,1.42,3.028,13.9611,0.9611,0.172
11-Oct-1949,0,2.986,18.9,1.5278,0.1908
12-Oct-1949,0,2.943,18.7333,3.6833,0.1827
13-Oct-1949,0,2.9,15.5778,2.9722,0.1666
14-Oct-1949,0.19,2.857,17.7,0.9833,0.1558
15-Oct-1949,2.07,2.815,19.2944,0.9444,0.1558
16-Oct-1949,0,2.772,17.6056,3.6333,0.1532
17-Oct-1949,3.46,2.729,12.0056,3.4222,0.1505
18-Oct-1949,3.95,2.687,3.0667,-7.8611,0.1505
19-Oct-1949,0.27,2.644,0.0111,-8.8333,0.1505
20-Oct-1949,0.21,2.602,5.3611,-6.4111,0.1612
21-Oct-1949,0,2.56,8.5167,-6.3722,0.1693
22-Oct-1949,0,2.517,11.3,-5.0667,0.1666
23-Oct-1949,0,2.475,13.1556,-4.0389,0.1666
24-Oct-1949,0,2.433,14.1278,-3.1778,0.1666
25-Oct-1949,0,2.391,15,-1.7833,0.1612
26-Oct-1949,0,2.349,13.6056,-2.3833,0.1612
27-Oct-1949,0,2.308,14.9333,-1.3111,0.1558
28-Oct-1949,0,2.266,17.0889,-0.7278,0.1666
29-Oct-1949,0,2.225,15.75,-0.1556,0.1666
30-Oct-1949,0,2.184,15.1333,-0.7556,0.1666
31-Oct-1949,0,2.143,17.6944,-1.1056,0.1693
01-Nov-1949,0,2.103,17.0444,-1.7056,0.1612
02-Nov-1949,0,2.062,17.5389,-1.8389,0.1558
03-Nov-1949,0,2.022,17.6278,-1.4833,0.1558
04-Nov-1949,0,1.982,16.7833,-2.2167,0.1532
05-Nov-1949,0,1.943,16.3556,-3.5111,0.1505
06-Nov-1949,0.15,1.904,14.9722,-1.8889,0.1505
07-Nov-1949,0.72,1.865,9.1722,0.3278,0.1558
08-Nov-1949,10.18,1.826,5.3222,-2.6,0.1612
09-Nov-1949,45.89,1.787,2.8222,-2.3833,0.1854
10-Nov-1949,17.63,1.749,2.5167,-3.8889,0.2042
11-Nov-1949,0.03,1.712,6.1833,-7.1556,0.1263
12-Nov-1949,0,1.674,8.7667,-5.3389,0.1397
13-Nov-1949,0,1.637,10.6944,-4.7389,0.1827
14-Nov-1949,0,1.601,11.8944,-4.0778,0.1908
15-Nov-1949,0,1.564,12.3111,-3.35,0.1988
16-Nov-1949,0,1.528,11.6889,-3.5,0.1988
17-Nov-1949,0,1.493,12.7389,-3.1667,0.1962
18-Nov-1949,0,1.458,13.6889,-4.2,0.1988
19-Nov-1949,0,1.423,12.5944,-3.7778,0.2042
20-Nov-1949,0,1.389,11.9722,-4.1667,0.1988
21-Nov-1949,0,1.355,11.2944,-4.7,0.1962
22-Nov-1949,0,1.322,12.1722,-4.7833,0.1854
23-Nov-1949,0,1.289,12.9889,-2.4611,0.1908
24-Nov-1949,0,1.257,14,-1.0111,0.1962
25-Nov-1949,0,1.225,16.3,-0.6944,0.1988
26-Nov-1949,0,1.193,15.1333,-1.0167,0.215
27-Nov-1949,0,1.163,13.1722,-0.5833,0.2096
28-Nov-1949,0,1.132,13.7556,0.6889,0.2177
29-Nov-1949,0,1.102,12.2,-2.4611,0.2177
30-Nov-1949,0,1.073,11.2222,-0.9389,0.2042
01-Dec-1949,0,1.044,11.7056,-4.6,0.1854
02-Dec-1949,0,1.016,12.5833,-4.0556,0.172
03-Dec-1949,0,0.988,9.7611,-6.0222,0.1773
04-Dec-1949,0,0.961,12.5333,-6.0278,0.1558
05-Dec-1949,0.02,0.935,9.9278,-2.5111,0.172
06-Dec-1949,0,0.909,5.3111,-6.1889,0.1666
07-Dec-1949,0.11,0.883,5.2389,-4.8,0.1558
08-Dec-1949,0.01,0.858,4.2333,-6.8167,0.1666
09-Dec-1949,12.48,0.834,5.7778,-7.9111,0.1532
10-Dec-1949,0,0.811,-0.8722,-13.9944,0.1612
11-Dec-1949,0,0.788,-4.0333,-16.2333,0.1021
12-Dec-1949,0,0.765,-0.2667,-15.1611,0.1075
13-Dec-1949,0,0.743,2.8111,-11.9778,0.1236
14-Dec-1949,0.07,0.722,2.0389,-9.5556,0.1451
15-Dec-1949,0.66,0.702,0.6111,-8.0111,0.1558
16-Dec-1949,2.24,0.682,0.75,-6.4722,0.1612
17-Dec-1949,9.83,0.663,0.6111,-4.8778,0.172
18-Dec-1949,14.65,0.644,0.2278,-4.4389,0.1612
19-Dec-1949,5.18,0.627,-2.5667,-11.4167,0.1505
20-Dec-1949,0.11,0.609,-5.2944,-16.8778,0.1344
21-Dec-1949,0,0.593,1.4667,-15.4111,0.129
22-Dec-1949,0,0.577,4.7833,-11.8889,0.1505
23-Dec-1949,0,0.562,7.4556,-10.4111,0.1612
24-Dec-1949,0,0.547,3.1278,-9.9556,0.1612
25-Dec-1949,0,0.534,5.1444,-12.2222,0.1666
26-Dec-1949,0,0.521,6.9778,-10.1222,0.1666
27-Dec-1949,0,0.508,8.4222,-9.3833,0.172
28-Dec-1949,0,0.497,7.7944,-8,0.1666
29-Dec-1949,0,0.486,6.9722,-8.0278,0.1666
30-Dec-1949,0,0.475,6.1444,-6.3778,0.1612
31-Dec-1949,0,0.466,6.5167,-7.3556,0.1558
01-Jan-1950,6,0.44,4.5056,-6.4111,0.1505
02-Jan-1950,3.81,0.442,0.0222,-10.8222,0.1397
03-Jan-1950,0,0.435,-5.2556,-15.6722,0.1236
04-Jan-1950,0.03,0.429,-3.7611,-16.5222,0.1397
05-Jan-1950,0,0.424,-1.8778,-15.8611,0.1344
06-Jan-1950,0,0.419,2.4722,-14.2167,0.1397
07-Jan-1950,0.05,0.416,3.5167,-11.7722,0.1451
08-Jan-1950,20.34,0.413,-0.8,-8.0333,0.1505
09-Jan-1950,0.4,0.41,-2.0722,-10.8944,0.1451
10-Jan-1950,34.62,0.409,0.2667,-9.9389,0.1397
11-Jan-1950,3.16,0.408,-2.8778,-9.5056,0.1075
12-Jan-1950,0.66,0.408,-3.1611,-13.7611,0.1182
13-Jan-1950,11.5,0.409,-1.1389,-14.6889,0.129
14-Jan-1950,31.49,0.41,-3.1389,-10.6333,0.1182
15-Jan-1950,0.07,0.412,0.0333,-13.3833,0.1129
16-Jan-1950,48.3,0.415,3.1111,-7.7278,0.1881
17-Jan-1950,27.1,0.419,7.6556,0.3,0.4031
18-Jan-1950,0.71,0.423,8.7611,1.8611,0.8599
19-Jan-1950,0.01,0.428,10.2278,-1.5944,1.0748
20-Jan-1950,0.83,0.434,12.1889,-1.4333,0.5186
21-Jan-1950,3.91,0.44,9.7833,1.1111,0.661
22-Jan-1950,7.7,0.447,9.1111,2.3333,1.005
23-Jan-1950,23.96,0.455,4.8611,-1.1889,1.2898
24-Jan-1950,1.54,0.464,-0.7056,-8.1944,0.8652
25-Jan-1950,0.19,0.473,-4.4833,-14.5722,0.5105
26-Jan-1950,0.14,0.483,1.5611,-14.2833,0.4192
27-Jan-1950,11.62,0.494,3.1167,-9.5889,0.4487
28-Jan-1950,15.64,0.506,3.2944,-5.5889,0.4111
29-Jan-1950,0.04,0.518,0.5444,-12.2,0.3439
30-Jan-1950,3.09,0.531,-2.1778,-11.6778,0.3628
31-Jan-1950,0.59,0.545,-2.1389,-14.0833,0.3493
01-Feb-1950,0,0.559,-2.9833,-14.3778,0.2875
02-Feb-1950,0,0.574,-1.6833,-15.0222,0.2768
03-Feb-1950,4.1,0.589,2.8833,-13.5556,0.3708
04-Feb-1950,27.01,0.606,4.2389,-4.0111,0.9028
05-Feb-1950,10.28,0.623,5.1111,-1.9611,0.9055
06-Feb-1950,16.38,0.641,2.5167,-2.6111,0.9378
07-Feb-1950,0.02,0.659,2.7,-9.6111,0.61
08-Feb-1950,0,0.678,4.3111,-11.2444,0.4783
09-Feb-1950,0,0.698,3.9056,-11.7611,0.4326
10-Feb-1950,5.7,0.718,4.6167,-4.6611,0.4487
11-Feb-1950,0.02,0.739,3.6,-9.0833,0.4407
12-Feb-1950,0,0.761,5.3278,-10.6056,0.3816
13-Feb-1950,0,0.783,8.8056,-8.1944,0.3896
14-Feb-1950,0,0.806,9.8944,-4.5611,0.4031
15-Feb-1950,0,0.829,12.0278,-5.1778,0.4246
16-Feb-1950,0,0.853,10.45,-2.8167,0.4702
17-Feb-1950,0,0.878,9.5778,-6.5944,0.4622
18-Feb-1950,0,0.903,12.0667,-5.9833,0.4487
19-Feb-1950,0,0.929,10.7222,-3.1944,0.4783
20-Feb-1950,0,0.955,8.95,-4.8111,0.4783
21-Feb-1950,0,0.982,6.9111,-7.5389,0.4487
22-Feb-1950,0,1.01,10.4222,-6.8667,0.4487
23-Feb-1950,0,1.038,10.55,-5.5611,0.4702
24-Feb-1950,0,1.067,11.8333,-4.1,0.4864
25-Feb-1950,0,1.096,13.8722,-4.4722,0.5428
26-Feb-1950,0,1.126,12.8722,-3.0889,0.575
27-Feb-1950,0,1.156,11.3667,-3.75,0.61
28-Feb-1950,0,1.187,10.4056,-6.6222,0.5858
01-Mar-1950,0,1.218,10.5611,-6.0944,0.567
02-Mar-1950,0,1.25,10.35,-5.3333,0.5508
03-Mar-1950,0,1.282,12.3444,-5.0667,0.5428
04-Mar-1950,0.13,1.315,15.1944,-3.8056,0.575
05-Mar-1950,7.48,1.348,7.4111,-2.5556,0.6825
06-Mar-1950,0.1,1.382,2.7667,-10.5278,0.61
07-Mar-1950,0,1.416,7.6611,-10.5833,0.5508
08-Mar-1950,3.25,1.451,5.6667,-5.3667,0.5508
09-Mar-1950,0.16,1.486,4.0111,-6.0611,0.5105
10-Mar-1950,1.15,1.521,2.6222,-8.0389,0.4783
11-Mar-1950,3.49,1.557,-0.4944,-9.0722,0.4702
12-Mar-1950,0,1.593,2.2333,-15.5333,0.3896
13-Mar-1950,0.57,1.629,7.5444,-10.8444,0.4407
14-Mar-1950,0.18,1.666,5.9222,-6.1111,0.4407
15-Mar-1950,0,1.704,8.6667,-8.2889,0.3977
16-Mar-1950,0.18,1.741,10.2333,-6.9778,0.3977
17-Mar-1950,10.81,1.779,6.5722,-1.6944,0.4407
18-Mar-1950,0.88,1.818,7.2222,-5.4278,0.4326
19-Mar-1950,19.11,1.856,6.1611,-0.3889,0.5616
20-Mar-1950,0.01,1.895,7.9889,-6.5889,0.6637
21-Mar-1950,0.35,1.935,9.9444,-4.3333,0.5589
22-Mar-1950,17.41,1.974,6.7889,-4.1833,0.7551
23-Mar-1950,3.7,2.014,5.2556,-8.3167,0.6288
24-Mar-1950,59.56,2.054,1.0444,-3.8556,0.6288
25-Mar-1950,2.04,2.094,0.4667,-8.4667,0.575
26-Mar-1950,0.43,2.135,1.9778,-6.3278,0.567
27-Mar-1950,0.01,2.176,4.7222,-5.6111,0.5508
28-Mar-1950,0,2.217,7.3944,-9.4222,0.575
29-Mar-1950,0,2.258,10.4389,-7.4833,0.6368
30-Mar-1950,0,2.299,15.2222,-1.0722,0.6986
31-Mar-1950,0,2.341,15.2667,-3.2833,0.8142
01-Apr-1950,0,2.382,15.6056,-2.0389,0.8437
02-Apr-1950,0,2.424,15.0944,0.1833,1.0157
03-Apr-1950,0,2.466,13.3556,-1.9611,1.1904
04-Apr-1950,0,2.508,12.7944,-3.6722,1.2414
05-Apr-1950,0.7,2.551,11.2333,-2.1167,1.2145
06-Apr-1950,15.46,2.593,6.9167,-1.6889,1.2145
07-Apr-1950,36.6,2.635,4.1944,-2.2222,1.1796
08-Apr-1950,35.59,2.678,0.3167,-5.5333,1.0829
09-Apr-1950,0.98,2.72,3.4667,-7.15,1.005
10-Apr-1950,0,2.763,7.2222,-8.1556,1.0264
11-Apr-1950,0,2.806,11.1111,-7.1611,1.1608
12-Apr-1950,0.38,2.848,12.4333,-4.4722,1.2952
13-Apr-1950,2.67,2.891,7.1167,-2.7833,1.3543
14-Apr-1950,0.01,2.934,7.1,-8.3556,1.1071
15-Apr-1950,0,2.977,12.9,-4.9056,1.0157
16-Apr-1950,0,3.019,17.2667,-2.2833,1.1554
17-Apr-1950,0,3.062,17.9389,-0.05,1.4349
18-Apr-1950,0,3.104,16.8111,-0.3167,1.6042
19-Apr-1950,0,3.147,20.1722,-0.6,1.8756
20-Apr-1950,0,3.189,21.0333,1.6778,2.2786
21-Apr-1950,0,3.232,19.5222,1.4056,2.7677
22-Apr-1950,0,3.274,16.4278,3.6889,3.0095
23-Apr-1950,0,3.316,15.2222,-1.2556,2.8483
24-Apr-1950,0,3.358,12.7389,-3.4278,2.7139
25-Apr-1950,0,3.4,16.6833,-2.0389,2.6333
26-Apr-1950,0,3.442,16.9611,-0.8,3.0095
27-Apr-1950,0,3.483,14.3389,2.9944,3.1976
28-Apr-1950,0.01,3.525,10.1056,-3.85,2.9557
29-Apr-1950,0,3.566,11.0278,-5.6444,2.4586
30-Apr-1950,0.04,3.607,13.0444,-3.3778,2.4586
01-May-1950,17.69,3.648,6.6278,-2.1167,2.5527
02-May-1950,13.88,3.689,1.4056,-4.0444,2.0207
03-May-1950,2.62,3.729,0.6111,-8.8778,1.8138
04-May-1950,0.11,3.769,5.2278,-7.2389,1.6042
05-May-1950,0,3.809,7.5444,-4.3389,1.4779
06-May-1950,1.69,3.848,4.9056,-4.7722,1.3946
07-May-1950,4.28,3.888,2.9611,-9.1667,1.2898
08-May-1950,0,3.927,7.4722,-7.1889,1.2038
09-May-1950,0.9,3.965,11.5889,-5.7444,1.1796
10-May-1950,0,4.004,14.5,-2.6333,1.2522
11-May-1950,0.07,4.042,15.9333,1.7833,1.5182
12-May-1950,0.04,4.08,17.1,0.7222,1.7681
13-May-1950,0,4.117,18.2,1.8444,2.2598
14-May-1950,0.05,4.154,18.6833,2.1667,2.7945
15-May-1950,0,4.191,18.2222,1.4833,3.1976
16-May-1950,0,4.227,18.8444,1.0944,3.7081
17-May-1950,0,4.263,17.0111,2.4722,4.0037
18-May-1950,0,4.298,15.2722,-1.4722,3.7081
19-May-1950,0,4.333,18.1556,-1.3667,3.6275
20-May-1950,0,4.368,20.2167,0.4944,3.7619
21-May-1950,0.07,4.402,21.8389,3.2167,4.3799
22-May-1950,0,4.436,21.65,3.7944,4.5142
23-May-1950,0,4.469,20.1889,2.9611,4.2724
24-May-1950,0.17,4.502,18.95,2.9667,4.5142
25-May-1950,0.06,4.535,18.7278,1.6889,4.6755
26-May-1950,0,4.566,20.6722,1.8778,4.4874
27-May-1950,0,4.598,20.8278,4.4222,4.7023
28-May-1950,0,4.629,19.8944,3.15,5.0516
29-May-1950,0,4.659,22.45,4.4111,4.6755
30-May-1950,0,4.689,24.8722,5.4278,4.9173
31-May-1950,0,4.718,24.1111,6.9611,5.4278
01-Jun-1950,0,4.747,23.8889,5.3667,5.3472
02-Jun-1950,0.08,4.775,21.1111,5.7222,5.1054
03-Jun-1950,0.05,4.803,19.8722,2.7389,4.568
04-Jun-1950,0,4.83,22.4833,2.6667,4.0843
05-Jun-1950,0.13,4.857,22.0889,5.7833,4.353
06-Jun-1950,2.93,4.883,16.4,1.7889,4.568
07-Jun-1950,0.3,4.908,7.4833,-3.9111,3.3051
08-Jun-1950,0,4.933,13.2833,-4.9722,2.6333
09-Jun-1950,0,4.957,15.7722,-0.8278,2.6736
10-Jun-1950,0,4.981,15.35,2.15,2.7408
11-Jun-1950,2.34,5.004,11.6556,2.4444,2.902
12-Jun-1950,2.96,5.026,13.6389,-1.4667,2.3646
13-Jun-1950,3.42,5.048,13.3889,1.0056,2.3109
14-Jun-1950,1.68,5.069,15.2722,0.0667,2.4586
15-Jun-1950,8.3,5.089,15.3,2.0278,3.0095
16-Jun-1950,0.19,5.109,16.0056,2.6333,3.0364
17-Jun-1950,0,5.128,16.8333,1.7222,3.0095
18-Jun-1950,0.22,5.147,19.7222,2.2667,2.902
19-Jun-1950,0.15,5.165,23.0778,4.1333,2.9826
20-Jun-1950,0.01,5.182,24.4944,7.4111,3.2244
21-Jun-1950,0,5.198,21.6944,7.5889,3.4663
22-Jun-1950,0,5.214,21.5944,5.3056,3.1976
23-Jun-1950,0,5.229,17.8944,6.8889,3.0901
24-Jun-1950,0,5.244,14.3944,2.4389,2.687
25-Jun-1950,0,5.258,18.7222,0.3389,2.2249
26-Jun-1950,0,5.271,21.3444,3.1889,2.0878
27-Jun-1950,0,5.283,24.0722,3.9,2.0045
28-Jun-1950,0,5.295,27.0667,6.6222,1.9884
29-Jun-1950,0.29,5.306,29.35,9.0111,2.0368
30-Jun-1950,0.36,5.316,29.4556,10.2667,2.0207
01-Jul-1950,0,5.325,28.4389,11.7667,1.8756
02-Jul-1950,0,5.334,28.0833,11.0167,1.8594
03-Jul-1950,0,5.342,27.9833,10.4778,1.7063
04-Jul-1950,2.19,5.35,26.9056,9.4722,1.5612
05-Jul-1950,0.36,5.356,26.5056,7.05,1.4349
06-Jul-1950,2.3,5.362,25.4389,8.0611,1.3811
07-Jul-1950,0.01,5.367,24.7833,9.7722,1.3167
08-Jul-1950,0.02,5.372,24.2056,9.2722,1.1796
09-Jul-1950,0.95,5.376,21.7944,9.85,1.0963
10-Jul-1950,1.29,5.379,18.8556,9.5333,1.0157
11-Jul-1950,1.08,5.381,22.3611,7.25,0.97
12-Jul-1950,0.22,5.382,24.4222,7.7,0.9808
13-Jul-1950,0,5.383,27.2722,9.2778,0.8652
14-Jul-1950,0,5.383,26.1,10.6056,0.7846
15-Jul-1950,0,5.383,26.5278,9.4111,0.7362
16-Jul-1950,0,5.381,26.0667,9.6556,0.6825
17-Jul-1950,0,5.379,24.7556,7.6333,0.6449
18-Jul-1950,0,5.376,23.9,7.15,0.6019
19-Jul-1950,0,5.373,22.9722,6.6611,0.5508
20-Jul-1950,0.25,5.368,24.9111,5.6889,0.5186
21-Jul-1950,0,5.363,25.9556,7.6667,0.4864
22-Jul-1950,0,5.358,26.0167,8.3444,0.4568
23-Jul-1950,0,5.351,26.3333,7.7667,0.4246
24-Jul-1950,0.19,5.344,27.1556,9.6833,0.4246
25-Jul-1950,1.42,5.336,24.9389,10.6,0.4864
26-Jul-1950,0.11,5.327,25.3556,10.1278,0.4702
27-Jul-1950,0,5.318,23.7222,10.4444,0.4487
28-Jul-1950,0,5.308,21.2556,10.3944,0.4246
29-Jul-1950,0,5.297,21.3611,4.7222,0.4031
30-Jul-1950,0,5.286,21.8833,5.5833,0.3493
31-Jul-1950,0.03,5.273,25.0167,7,0.3251
01-Aug-1950,2.82,5.26,25.6944,8.7222,0.3117
02-Aug-1950,0.37,5.247,22.7778,8.55,0.5347
03-Aug-1950,0,5.232,22.6333,8.8,0.4326
04-Aug-1950,0,5.217,20.2389,6.55,0.3977
05-Aug-1950,0,5.202,18.4556,1.7889,0.3762
06-Aug-1950,0,5.185,20.5556,3.0222,0.3628
07-Aug-1950,0,5.168,22.0278,4.7,0.3359
08-Aug-1950,0,5.151,20.9944,5.4833,0.3359
09-Aug-1950,0,5.132,21.3278,3.8167,0.3305
10-Aug-1950,0,5.113,21.2222,4.6889,0.2768
11-Aug-1950,0.33,5.094,21.6722,5.3167,0.2768
12-Aug-1950,0.01,5.073,22.35,5.2167,0.2768
13-Aug-1950,0,5.052,23.4,5.9222,0.3063
14-Aug-1950,0,5.031,24.1111,5.8444,0.2956
15-Aug-1950,0,5.009,26.1111,6.3222,0.2821
16-Aug-1950,0,4.986,27.3833,8.1,0.2821
17-Aug-1950,0,4.962,28.2667,9.3444,0.2768
18-Aug-1950,0.06,4.938,29.1389,9.9444,0.2499
19-Aug-1950,0,4.913,29.6556,9.8889,0.2499
20-Aug-1950,0.83,4.888,29.1611,10.9,0.2768
21-Aug-1950,0,4.862,28.6333,9.9778,0.2768
22-Aug-1950,0,4.836,25.6444,7.9722,0.2606
23-Aug-1950,0,4.809,24.3667,5.6556,0.2445
24-Aug-1950,0.8,4.781,23.9222,5.7222,0.2445
25-Aug-1950,0,4.753,25.2722,6.3056,0.2445
26-Aug-1950,0,4.724,26.5222,8.2833,0.2177
27-Aug-1950,0,4.695,28.0833,9.3889,0.2096
28-Aug-1950,0,4.665,28.8444,9.3556,0.1988
29-Aug-1950,0,4.635,29.5667,9.45,0.2284
30-Aug-1950,0,4.604,29.1,10.9667,0.2096
31-Aug-1950,0,4.573,28.9333,10.5111,0.2177
01-Sep-1950,0,4.541,30,10.9944,0.223
02-Sep-1950,0,4.509,30.4278,11.2944,0.2042
03-Sep-1950,0.25,4.476,27.7556,12.3278,0.1827
04-Sep-1950,0,4.443,26.9722,10.7056,0.1773
05-Sep-1950,0.03,4.409,24.8833,10.2444,0.172
06-Sep-1950,0.14,4.375,22.8056,8.5333,0.1532
07-Sep-1950,9.21,4.341,18.1389,9.6611,0.1666
08-Sep-1950,0.26,4.306,19.0444,6.2444,0.2499
09-Sep-1950,2.51,4.27,17.9778,4.7056,0.2445
10-Sep-1950,0.47,4.235,17.5889,4.3389,0.2391
11-Sep-1950,1.47,4.198,17.0944,4.5944,0.2445
12-Sep-1950,0.1,4.162,18.7889,4.4056,0.2768
13-Sep-1950,0.07,4.125,19.1722,4.0056,0.2391
14-Sep-1950,0,4.088,17.6278,3.9444,0.215
15-Sep-1950,1.61,4.05,16.8889,1.9833,0.1962
16-Sep-1950,3.41,4.012,15.3389,3.0722,0.1908
17-Sep-1950,1.97,3.974,11.4,2.4,0.1988
18-Sep-1950,10.36,3.935,10.2278,2.4389,0.2177
19-Sep-1950,0.71,3.896,12.0389,0.7944,0.2553
20-Sep-1950,0,3.857,15.8833,1.5889,0.2606
21-Sep-1950,0,3.817,18.65,2.3944,0.2553
22-Sep-1950,0,3.777,19.1833,4.3611,0.2499
23-Sep-1950,0,3.737,20.0222,3.6389,0.2391
24-Sep-1950,0,3.697,20.7167,4.2222,0.223
25-Sep-1950,0,3.656,20.2611,5.3111,0.2177
26-Sep-1950,0,3.616,19.7556,4.4556,0.215
27-Sep-1950,0,3.575,19.4389,3.75,0.2042
28-Sep-1950,0,3.534,19.3944,2.2167,0.2096
29-Sep-1950,0,3.492,13.05,1.7389,0.1962
30-Sep-1950,0,3.451,9.1278,-4.75,0.1962
01-Oct-1950,0,3.409,10.1944,-5.3889,0.2042
02-Oct-1950,0,3.367,16.5889,-3.7667,0.2096
03-Oct-1950,0,3.325,19.8833,0.7611,0.2096
04-Oct-1950,0.12,3.283,17.7111,4.4111,0.2042
05-Oct-1950,0.45,3.241,15.5111,5.9778,0.1988
06-Oct-1950,0,3.198,14.6944,-0.1222,0.1988
07-Oct-1950,0,3.156,18.35,1.9444,0.2042
08-Oct-1950,0,3.113,20.3167,3.8611,0.2096
09-Oct-1950,0,3.071,18.95,4.2167,0.2042
10-Oct-1950,0,3.028,21.0611,3.8333,0.172
11-Oct-1950,0,2.986,23.0444,5.2111,0.1558
12-Oct-1950,0,2.943,22.6278,5.2444,0.1558
13-Oct-1950,0,2.9,21.5389,5.3556,0.1532
14-Oct-1950,0,2.857,19.4333,6.0167,0.1558
15-Oct-1950,0,2.815,17.6278,5.4167,0.1505
16-Oct-1950,0,2.772,16.2444,5.0167,0.1451
17-Oct-1950,0,2.729,14.3333,3.4722,0.1532
18-Oct-1950,0,2.687,16.9278,1.2111,0.1451
19-Oct-1950,0,2.644,20.0222,1.6611,0.1532
20-Oct-1950,0,2.602,18.0667,3.2778,0.1558
21-Oct-1950,0,2.56,17.0667,0.6056,0.1558
22-Oct-1950,0.38,2.517,16.0778,0.8056,0.1558
23-Oct-1950,7.02,2.475,10.6111,2.8333,0.1612
24-Oct-1950,5.9,2.433,9.4556,2.8722,0.1988
25-Oct-1950,21.03,2.391,7.7056,2.5944,0.2391
26-Oct-1950,74.45,2.349,8.9611,1.1944,0.2875
27-Oct-1950,7.4,2.308,6.5111,-0.85,0.575
28-Oct-1950,0.13,2.266,10.0833,2.9,0.3816
29-Oct-1950,0.8,2.225,13.0556,4.2444,0.3816
30-Oct-1950,28.59,2.184,9.3222,1.5,0.6422
31-Oct-1950,0.11,2.143,6.5722,-2.6722,0.567
01-Nov-1950,0.28,2.103,12.5556,0.0611,0.3977
02-Nov-1950,0,2.062,13.2556,-0.0944,0.3977
03-Nov-1950,0,2.022,13.85,1.35,0.4487
04-Nov-1950,0,1.982,15.75,-0.1056,0.4783
05-Nov-1950,0,1.943,16.1833,-0.0167,0.4407
06-Nov-1950,0,1.904,15.5722,-0.9778,0.3977
07-Nov-1950,0,1.865,15.3611,-0.2056,0.3628
08-Nov-1950,0,1.826,13.3278,-0.6222,0.3439
09-Nov-1950,0,1.787,9.6,-2.0611,0.3305
10-Nov-1950,0,1.749,6.6333,-7.7056,0.2956
11-Nov-1950,0,1.712,11.1444,-6.4778,0.2875
12-Nov-1950,0,1.674,9.15,-2.3833,0.2875
13-Nov-1950,3.32,1.637,4.5667,-2.4722,0.2714
14-Nov-1950,3.44,1.601,0.6111,-4.2389,0.2768
15-Nov-1950,1.07,1.564,2.6222,-5.9833,0.223
16-Nov-1950,19.64,1.528,4.1611,-3.3444,0.2956
17-Nov-1950,13.08,1.493,7.3111,0.3611,0.4192
18-Nov-1950,184.91,1.458,7.1889,1.8,7.6849
19-Nov-1950,12.98,1.423,9.4833,3.5667,16.9821
20-Nov-1950,47.02,1.389,10.3,3.9,17.0627
21-Nov-1950,5.37,1.355,11.1556,4.7667,17.6001
22-Nov-1950,0,1.322,9.4889,-1.7833,5.9921
23-Nov-1950,0,1.289,10.7944,-2.7,3.8962
24-Nov-1950,0,1.257,12.8,-1.6722,2.902
25-Nov-1950,0,1.225,12.1778,-0.7611,2.4855
26-Nov-1950,0,1.193,13.3,-1.4889,2.1496
27-Nov-1950,0,1.163,11.8444,-2.0889,1.9078
28-Nov-1950,0.02,1.132,10.3333,-3.8222,1.6982
29-Nov-1950,0.52,1.102,10.7222,-4.4333,1.5531
30-Nov-1950,7.19,1.073,7.8722,-2.9444,1.588
01-Dec-1950,1.32,1.044,3.7444,-4.5833,1.3973
02-Dec-1950,30.13,1.016,2.1111,-8.3389,1.2441
03-Dec-1950,149.68,0.988,4.8833,-3.0944,12.4679
04-Dec-1950,0.76,0.961,5.9722,-0.3556,7.0938
05-Dec-1950,0.01,0.935,5.0944,-4.4889,3.5738
06-Dec-1950,28.51,0.909,6.9444,-1.4556,3.4932
07-Dec-1950,26.26,0.883,7.5111,1.5,7.5237
08-Dec-1950,32.25,0.858,8.3722,1.6889,12.1454
09-Dec-1950,0.01,0.834,8.9278,-1.6389,6.019
10-Dec-1950,0.15,0.811,12.2167,-1.9611,4.1918
11-Dec-1950,8.27,0.788,11.2,0.0389,3.3588
12-Dec-1950,0.02,0.765,9.5167,-2.25,2.902
13-Dec-1950,0.74,0.743,7.4,-4.1333,2.5366
14-Dec-1950,17.23,0.722,6.3667,-0.4556,2.8483
15-Dec-1950,0.12,0.702,7.9833,-1.3556,2.3592
16-Dec-1950,0,0.682,6.8667,-4.6556,2.069
17-Dec-1950,0,0.663,7.4333,-4.4667,1.8756
18-Dec-1950,0.01,0.644,5.0167,-4.6611,1.7305
19-Dec-1950,0,0.627,8.6056,-3.4889,1.623
20-Dec-1950,0,0.609,7.6222,-5.1167,1.5047
21-Dec-1950,0,0.593,8.1111,-5.5722,1.3973
22-Dec-1950,0,0.577,8.7333,-5.5778,1.2898
23-Dec-1950,0,0.562,8.6667,-6.1056,1.236
24-Dec-1950,0,0.547,9.1389,-5.4889,1.1823
25-Dec-1950,0,0.534,8.6167,-5.4278,1.1286
26-Dec-1950,0,0.521,8.1778,-6.6556,1.0748
27-Dec-1950,0,0.508,6.9444,-7.3111,1.0211
28-Dec-1950,0,0.497,8.2722,-5.7389,0.9673
29-Dec-1950,0.19,0.486,8.1278,-3.0222,0.9136
30-Dec-1950,6.71,0.475,6.0222,-5.4389,0.8867
31-Dec-1950,0.4,0.466,-0.1667,-9.9556,0.8599
01-Jan-1951,0,0.44,0.8056,-10.1333,0.833
02-Jan-1951,0.64,0.442,5.0611,-6.8389,0.833
03-Jan-1951,2.79,0.435,4.3278,-1.2278,0.833
04-Jan-1951,0.06,0.429,5.2833,-2.0111,0.8061
05-Jan-1951,0,0.424,4.6722,-7.7889,0.7792
06-Jan-1951,0,0.419,4.2444,-9.0889,0.7255
07-Jan-1951,0,0.416,5.0333,-8.5667,0.6986
08-Jan-1951,0.01,0.413,4.8944,-7.4389,0.6718
09-Jan-1951,0,0.41,4.5722,-8.8611,0.6449
10-Jan-1951,7.74,0.409,2.9778,-6.8833,0.6261
11-Jan-1951,16.16,0.408,-0.8556,-5.0389,0.6449
12-Jan-1951,0.11,0.408,0.6833,-11.1056,0.61
13-Jan-1951,0,0.409,4.4389,-12.4056,0.575
14-Jan-1951,0.03,0.41,7.8444,-7.0111,0.6449
15-Jan-1951,6.67,0.412,5.2167,-3.1,0.61
16-Jan-1951,1.05,0.415,0.8389,-10.6667,0.5911
17-Jan-1951,4.18,0.419,4.4111,-4.7333,0.5911
18-Jan-1951,37.19,0.423,1.4111,-2.8889,0.618
19-Jan-1951,1.53,0.428,-0.7667,-7.6333,0.4756
20-Jan-1951,0.01,0.434,0.5111,-13.0056,0.532
21-Jan-1951,6.45,0.44,6.0111,-6.85,0.6718
22-Jan-1951,7.29,0.447,8.05,1.2333,1.4349
23-Jan-1951,0,0.455,9,-2.4556,1.3919
24-Jan-1951,0,0.464,10.9944,-4.2778,1.0694
25-Jan-1951,0,0.473,12.2333,-4.5111,0.9432
26-Jan-1951,0,0.483,10.8722,-3.6167,0.9082
27-Jan-1951,0.03,0.494,9.3111,-0.3667,0.8975
28-Jan-1951,0.04,0.506,6.5222,-2.9222,0.8545
29-Jan-1951,4.1,0.518,1,-9.0889,0.79
30-Jan-1951,0.26,0.531,-5.3,-13.7833,0.6906
31-Jan-1951,0,0.545,-0.7222,-13.9944,0.6341
01-Feb-1951,0.21,0.559,3.1111,-13.1111,0.6986
02-Feb-1951,0,0.574,6.7833,-7.0722,0.6906
03-Feb-1951,1.76,0.589,7.5056,-0.8333,0.6718
04-Feb-1951,6.75,0.606,7.3722,0.3056,0.79
05-Feb-1951,5.66,0.623,7.2167,-0.2444,0.9432
06-Feb-1951,0,0.641,12.6667,-2.8833,0.79
07-Feb-1951,0.8,0.659,12.0778,-1.0556,0.8975
08-Feb-1951,0.11,0.678,9.2111,0.5833,1.0238
09-Feb-1951,0,0.698,15.3778,-2.5278,0.9217
10-Feb-1951,1.66,0.718,12.5056,-0.7056,0.9539
11-Feb-1951,5.61,0.739,6.6944,-1.3111,0.9781
12-Feb-1951,0.93,0.761,4.8111,-4.8167,0.9217
13-Feb-1951,0,0.783,6.6611,-6.7833,0.8437
14-Feb-1951,0,0.806,7.0833,-5.7778,0.8222
15-Feb-1951,0,0.829,6.4556,-5.2556,0.8007
16-Feb-1951,0,0.853,6.6333,-7.4778,0.7604
17-Feb-1951,0.53,0.878,5.5722,-6.8333,0.7309
18-Feb-1951,0.19,0.903,1.2167,-7.7333,0.6986
19-Feb-1951,0.04,0.929,3.0278,-12.15,0.653
20-Feb-1951,0.62,0.955,4.7667,-8.1722,0.6906
21-Feb-1951,10.66,0.982,-0.6556,-7.7111,0.6718
22-Feb-1951,2.25,1.01,-2.1722,-11.1056,0.653
23-Feb-1951,0.1,1.038,-0.2611,-13.2889,0.575
24-Feb-1951,0.03,1.067,1.8889,-12.1444,0.653
25-Feb-1951,0.8,1.096,0.5222,-8.0167,0.6449
26-Feb-1951,3.82,1.126,-2.1611,-9.4333,0.6341
27-Feb-1951,6.91,1.156,-2.9889,-9.3778,0.6341
28-Feb-1951,4.48,1.187,-2.7222,-12.7556,0.5831
01-Mar-1951,9.9,1.218,-2.9278,-9.5278,0.6368
02-Mar-1951,7.09,1.25,-5.4056,-11.5556,0.6019
03-Mar-1951,0.89,1.282,-1.4278,-15.1333,0.524
04-Mar-1951,6,1.315,1.4722,-6,0.61
05-Mar-1951,2.17,1.348,2.4222,-3.8111,0.5562
06-Mar-1951,1.99,1.382,1.8611,-3.6278,0.575
07-Mar-1951,0.68,1.416,5.1278,-2.5722,0.5831
08-Mar-1951,0.01,1.451,6.7444,-4.4833,0.618
09-Mar-1951,0.98,1.486,3.3722,-3.25,0.618
10-Mar-1951,0.06,1.521,2.7722,-10.6444,0.575
11-Mar-1951,0,1.557,7.0333,-10.3944,0.5482
12-Mar-1951,0,1.593,11.2056,-7.2556,0.575
13-Mar-1951,0,1.629,11.1722,-4.7722,0.618
14-Mar-1951,0,1.666,13.3,-4.5056,0.6476
15-Mar-1951,0,1.704,13.1778,-3.4389,0.6744
16-Mar-1951,0,1.741,10.4056,-3.1167,0.6744
17-Mar-1951,0,1.779,8.5556,-8.6444,0.6664
18-Mar-1951,0,1.818,9.6222,-7.8167,0.6368
19-Mar-1951,0,1.856,12.1,-5.8056,0.6556
20-Mar-1951,0,1.895,13.8389,-1.8222,0.7148
21-Mar-1951,0,1.935,11.4611,-0.4944,0.7766
22-Mar-1951,0,1.974,8.5667,-5.5222,0.7766
23-Mar-1951,0,2.014,9.9889,-6.4278,0.7766
24-Mar-1951,0,2.054,12.9667,-5.5,0.7658
25-Mar-1951,0,2.094,11.7833,-4.1222,0.8169
26-Mar-1951,0,2.135,9.8222,-4.4111,0.7954
27-Mar-1951,0,2.176,10.3944,-5.1056,0.8061
28-Mar-1951,0,2.217,12.6,-5.4222,0.8061
29-Mar-1951,1.87,2.258,10.2444,1.65,0.8733
30-Mar-1951,0.51,2.299,2.9222,-7.2778,0.8276
31-Mar-1951,0,2.341,4.9222,-6.95,0.7658
01-Apr-1951,0,2.382,10.1722,-7.75,0.7336
02-Apr-1951,0,2.424,10.8778,-4.6611,0.7551
03-Apr-1951,0.16,2.466,11.0389,-1.75,0.7658
04-Apr-1951,2.21,2.508,10.3444,0.55,0.7551
05-Apr-1951,0.22,2.551,11.9278,-1.2222,0.7846
06-Apr-1951,0,2.593,13.7111,-2.1722,0.8733
07-Apr-1951,0.03,2.635,14.6889,-0.9278,1.0023
08-Apr-1951,0,2.678,16.6667,-1.25,1.0775
09-Apr-1951,0,2.72,19.0778,0.3944,1.2925
10-Apr-1951,0,2.763,17.0167,2.0278,1.5907
11-Apr-1951,0,2.806,16.6778,-1.2167,1.666
12-Apr-1951,0,2.848,18.7944,-1.5889,1.7439
13-Apr-1951,0.06,2.891,19.6,0.9056,1.8702
14-Apr-1951,0.46,2.934,17.8778,2.1389,1.9481
15-Apr-1951,7.17,2.977,17.5611,1.7611,1.8218
16-Apr-1951,0.65,3.019,14.2389,2.7611,2.0636
17-Apr-1951,0.34,3.062,11.95,0.1278,2.0314
18-Apr-1951,0.04,3.104,12.4778,-1.9167,1.8702
19-Apr-1951,1.61,3.147,11.6833,0.8167,1.8702
20-Apr-1951,0.03,3.189,13.2,-0.9722,1.7896
21-Apr-1951,0,3.232,14.4056,-0.4278,1.9159
22-Apr-1951,2.29,3.274,14.9222,-0.3389,1.8836
23-Apr-1951,2.55,3.316,13.3778,1.4056,1.8541
24-Apr-1951,1.49,3.358,10.6444,0.7444,1.7896
25-Apr-1951,33.29,3.4,7.2611,-1.1833,1.7439
26-Apr-1951,3.36,3.442,8.7444,0.2556,1.5773
27-Apr-1951,0.39,3.483,11.85,-1.8278,1.5316
28-Apr-1951,47.13,3.525,7.0778,-2.1,1.8218
29-Apr-1951,1.62,3.566,1.3889,-5.0444,1.6364
30-Apr-1951,0.27,3.607,4.8222,-7.1611,1.4456
01-May-1951,0.04,3.648,4.9333,-4.3833,1.3462
02-May-1951,0.06,3.689,10.3889,-6.2333,1.2495
03-May-1951,10.65,3.729,10.9333,-2.3167,1.2495
04-May-1951,11.99,3.769,8.6611,-2.0889,1.3758
05-May-1951,5.58,3.809,9.1722,-3.2056,1.3596
06-May-1951,0.32,3.848,8.1889,-1.2056,1.3059
07-May-1951,0,3.888,10.2944,-3.3444,1.2226
08-May-1951,0.04,3.927,12.0333,-3.0944,1.2495
09-May-1951,0.02,3.965,16.0667,-0.3,1.4456
10-May-1951,3.54,4.004,17.7167,1.8111,1.7439
11-May-1951,1.72,4.042,12.3556,-0.2278,2.198
12-May-1951,0.05,4.08,5.5333,-5.75,1.8379
13-May-1951,7.03,4.117,5.0389,-6.3611,1.6821
14-May-1951,0.02,4.154,9.0556,-4.5,1.6364
15-May-1951,0,4.191,13.4944,-1.9944,1.5477
16-May-1951,0,4.227,17.45,0.7556,1.7734
17-May-1951,1.85,4.263,18.8056,3.0444,2.2302
18-May-1951,0.17,4.298,18.8389,2.5722,2.6709
19-May-1951,0,4.333,18.6111,3.3556,2.9557
20-May-1951,0,4.368,18.7278,3.3556,3.1707
21-May-1951,0.59,4.402,17.1889,3.1389,3.2244
22-May-1951,0,4.436,18.9333,2.7111,3.2244
23-May-1951,0,4.469,17.4833,5.4111,3.3319
24-May-1951,0,4.502,21.8778,2.7556,3.4125
25-May-1951,0,4.535,24.6333,6.1556,3.6006
26-May-1951,0,4.566,24.85,7.9889,4.138
27-May-1951,0,4.598,21.9667,9.4167,4.6486
28-May-1951,2.91,4.629,19.5278,4.9444,4.6217
29-May-1951,0,4.659,18.2556,4.0111,4.0574
30-May-1951,0,4.689,14.6778,2.3389,3.5738
31-May-1951,0,4.718,12.5889,-0.3222,3.0632
01-Jun-1951,0,4.747,11.3611,-2.3389,2.6521
02-Jun-1951,0,4.775,13.45,-1.1667,2.4022
03-Jun-1951,1.01,4.803,15.7444,-0.2389,2.3324
04-Jun-1951,0,4.83,15.9889,2.0611,2.2464
05-Jun-1951,0,4.857,15.5,2.1444,2.2141
06-Jun-1951,0,4.883,14.55,-0.9167,2.2141
07-Jun-1951,0,4.908,15.4444,-1.9444,2.1631
08-Jun-1951,0,4.933,15.7611,-1.1889,2.0959
09-Jun-1951,0.04,4.957,17.85,0.2389,2.0475
10-Jun-1951,0,4.981,19.9611,1.5722,2.0126
11-Jun-1951,0,5.004,20.1333,3.9889,2.0798
12-Jun-1951,0,5.026,21.0278,4.2778,2.0475
13-Jun-1951,0.57,5.048,22.0944,5.75,2.1281
14-Jun-1951,0,5.069,23.6444,6.95,2.2652
15-Jun-1951,0,5.089,25.6778,7.9222,2.4398
16-Jun-1951,0,5.109,25.1556,10.6278,2.5634
17-Jun-1951,0,5.128,24.7444,8.6722,2.6145
18-Jun-1951,0,5.147,24.8722,7.9278,2.4022
19-Jun-1951,0.28,5.165,24.2611,7.6,2.1469
20-Jun-1951,8.36,5.182,19.8222,9.2889,2.0798
21-Jun-1951,0.68,5.198,17.8056,6.3833,1.932
22-Jun-1951,0.06,5.214,20.0611,4.0556,1.8836
23-Jun-1951,0.14,5.229,21.4111,5.3111,1.6821
24-Jun-1951,0,5.244,21.2278,5.8222,1.5907
25-Jun-1951,0.08,5.258,21.5167,4.6889,1.5477
26-Jun-1951,0,5.271,23.0778,5.8722,1.5316
27-Jun-1951,0,5.283,24.8556,6.2056,1.4591
28-Jun-1951,0,5.295,25.2333,5.0556,1.3596
29-Jun-1951,0,5.306,25.4611,3.9278,1.2092
30-Jun-1951,0,5.316,26.0444,6.7278,1.1178
01-Jul-1951,0,5.325,24.75,6.1556,1.1044
02-Jul-1951,0,5.334,24.3333,5.2611,1.0533
03-Jul-1951,0,5.342,21.15,6.0833,0.9915
04-Jul-1951,0,5.35,20.0111,1.0722,0.9297
05-Jul-1951,0,5.356,18.4111,5.9611,0.8975
06-Jul-1951,0,5.362,22.6444,2.0722,0.8491
07-Jul-1951,0,5.367,24.5,4.7222,0.7954
08-Jul-1951,0,5.372,25.8,5.9167,0.7658
09-Jul-1951,0,5.376,25.6722,6.5056,0.7148
10-Jul-1951,0,5.379,24.7778,7.2389,0.6959
11-Jul-1951,0,5.381,24,7.5,0.6744
12-Jul-1951,0,5.382,25.5167,7.5889,0.6476
13-Jul-1951,0,5.383,25.3944,7.7944,0.6288
14-Jul-1951,0,5.383,26.2111,6.9611,0.5831
15-Jul-1951,0,5.383,25.7833,7.3611,0.5401
16-Jul-1951,0.02,5.381,26.9833,7.5667,0.5159
17-Jul-1951,6.53,5.379,27.9333,9.5944,0.5159
18-Jul-1951,0,5.376,27.3944,12.2833,0.4998
19-Jul-1951,0,5.373,25.9944,11.8222,0.4837
20-Jul-1951,0.02,5.368,23.8111,12.9611,0.4595
21-Jul-1951,0,5.363,24.2444,8.45,0.4595
22-Jul-1951,0,5.358,27.05,9.1611,0.4299
23-Jul-1951,0.05,5.351,27.0944,9.9222,0.4299
24-Jul-1951,0,5.344,25.3611,9.4722,0.4299
25-Jul-1951,0,5.336,26.2944,6.5222,0.446
26-Jul-1951,0,5.327,26.4722,8.1056,0.4246
27-Jul-1951,0,5.318,26.2,9.3556,0.4165
28-Jul-1951,0.27,5.308,24.6333,11.6111,0.4084
29-Jul-1951,1.13,5.297,24.3278,9.7333,0.4084
30-Jul-1951,0,5.286,26.2278,10.6167,0.3547
31-Jul-1951,0,5.273,27.4278,11.1389,0.3628
01-Aug-1951,0,5.26,27.4222,11.8056,0.3681
02-Aug-1951,0,5.247,26.9222,10.1333,0.3493
03-Aug-1951,0.04,5.232,25.3667,9.9944,0.3413
04-Aug-1951,0,5.217,23.6444,8.05,0.3332
05-Aug-1951,0,5.202,22.7833,6.2,0.3224
06-Aug-1951,0,5.185,23.4444,6.6611,0.309
07-Aug-1951,0,5.168,22.9056,6.45,0.2956
08-Aug-1951,0,5.151,24.4944,6.8333,0.2795
09-Aug-1951,0,5.132,25.25,6.8722,0.2338
10-Aug-1951,0,5.113,26.1333,7.6611,0.2123
11-Aug-1951,0,5.094,24.7056,8.4944,0.2445
12-Aug-1951,0,5.073,24.7611,4.8444,0.2848
13-Aug-1951,0,5.052,25.7444,5.8,0.2848
14-Aug-1951,0,5.031,26.2556,6.9889,0.266
15-Aug-1951,0,5.009,28.4667,8.9889,0.2553
16-Aug-1951,0.43,4.986,27.9944,9.5833,0.2795
17-Aug-1951,0.19,4.962,26.9778,12.4889,0.266
18-Aug-1951,1.4,4.938,27.5722,11.0111,0.2714
19-Aug-1951,3.73,4.913,25.4722,10.2611,0.2902
20-Aug-1951,1.21,4.888,22.4278,7.7444,0.3036
21-Aug-1951,3.09,4.862,19.6444,7.4556,0.309
22-Aug-1951,2.58,4.836,19.6667,7.1333,0.3224
23-Aug-1951,0.67,4.809,18.6778,3.9667,0.3224
24-Aug-1951,0,4.781,19.5,4.3278,0.2848
25-Aug-1951,0,4.753,23.0333,5.3556,0.2445
26-Aug-1951,0,4.724,24.0611,7.2556,0.2123
27-Aug-1951,0,4.695,21.5778,6.45,0.2284
28-Aug-1951,0,4.665,18.2778,8.4222,0.2445
29-Aug-1951,0,4.635,16.2444,6.2944,0.2499
30-Aug-1951,0,4.604,16.9944,1.9667,0.2606
31-Aug-1951,0,4.573,19.0167,2.7,0.266
01-Sep-1951,0,4.541,20.5,4.6667,0.266
02-Sep-1951,0,4.509,21.5278,5.0333,0.266
03-Sep-1951,0,4.476,22.6556,5.5944,0.266
04-Sep-1951,0,4.443,23.3333,6.1944,0.2553
05-Sep-1951,0,4.409,21.6111,6.2111,0.2445
06-Sep-1951,0,4.375,22.3167,3.5944,0.2391
07-Sep-1951,0,4.341,25.35,5.7222,0.2553
08-Sep-1951,0,4.306,24.3056,6.3667,0.2714
09-Sep-1951,0,4.27,25.7722,7.05,0.2499
10-Sep-1951,0,4.235,26.9944,7.3889,0.2391
11-Sep-1951,0,4.198,23.3833,6.2944,0.2338
12-Sep-1951,0,4.162,22.7333,5.0778,0.2284
13-Sep-1951,0,4.125,25.35,6.1444,0.2338
14-Sep-1951,0,4.088,26.0389,7.1833,0.2284
15-Sep-1951,0,4.05,26.4778,7.6722,0.223
16-Sep-1951,0,4.012,26.8056,8.8444,0.2177
17-Sep-1951,1.7,3.974,25.1556,9.05,0.2123
18-Sep-1951,0.1,3.935,23.9167,9.4444,0.2177
19-Sep-1951,0.02,3.896,24.9944,8.4056,0.2123
20-Sep-1951,0.12,3.857,24.0611,9.1111,0.2042
21-Sep-1951,0.02,3.817,21.2833,5.0444,0.1988
22-Sep-1951,0,3.777,22.9167,4.5333,0.2042
23-Sep-1951,0,3.737,23.3333,4.7056,0.2042
24-Sep-1951,0,3.697,22.6556,5.2778,0.1988
25-Sep-1951,0,3.656,21.25,6.2389,0.18
26-Sep-1951,0,3.616,21.2944,3.4167,0.172
27-Sep-1951,0,3.575,21.1,4.2222,0.172
28-Sep-1951,0,3.534,18.4389,2.7222,0.1666
29-Sep-1951,0,3.492,17.7111,1.6722,0.172
30-Sep-1951,0.71,3.451,17.9722,2.3278,0.1666
01-Oct-1951,7.2,3.409,14.1,5.7667,0.1612
02-Oct-1951,4.77,3.367,10.5278,6.2833,0.18
03-Oct-1951,0.02,3.325,11.3833,0.4333,0.1935
04-Oct-1951,0,3.283,10.4611,-0.6278,0.1881
05-Oct-1951,0,3.241,12.4056,-2.3889,0.1827
06-Oct-1951,0,3.198,15.4111,-1.0389,0.1827
07-Oct-1951,0,3.156,17.8611,0.6278,0.18
08-Oct-1951,0,3.113,20.5278,2.0833,0.18
09-Oct-1951,0,3.071,20.8167,4.1944,0.1747
10-Oct-1951,0.01,3.028,17.5167,4.7667,0.1666
11-Oct-1951,0,2.986,14.9833,0.7333,0.1693
12-Oct-1951,0,2.943,11.7111,-2.0556,0.1747
13-Oct-1951,0,2.9,14.3556,-1.3444,0.1827
14-Oct-1951,0,2.857,17.5444,-0.3444,0.1747
15-Oct-1951,0,2.815,14.7056,4.0444,0.1693
16-Oct-1951,0,2.772,12.8111,2.9722,0.1693
17-Oct-1951,0,2.729,14.0722,-0.8,0.1747
18-Oct-1951,0,2.687,16.0833,0.1278,0.18
19-Oct-1951,0,2.644,16.7,1.1667,0.18
20-Oct-1951,0,2.602,13.8778,-0.1889,0.1747
21-Oct-1951,0,2.56,8.9056,-3.2722,0.1693
22-Oct-1951,0,2.517,11.3111,-4.1833,0.1612
23-Oct-1951,0,2.475,11.2333,-1.0833,0.1558
24-Oct-1951,60.85,2.433,5.8722,0.05,0.2015
25-Oct-1951,10.09,2.391,1.4278,-4.8111,0.2795
26-Oct-1951,0.17,2.349,5.5944,-1.3,0.223
27-Oct-1951,0,2.308,8.3944,-3.4056,0.2418
28-Oct-1951,0,2.266,11.2111,-2.0556,0.2311
29-Oct-1951,0,2.225,13.5111,-3.5222,0.2257
30-Oct-1951,0,2.184,12.1444,-3.0833,0.2257
31-Oct-1951,0,2.143,12.8056,-2.6722,0.223
01-Nov-1951,0,2.103,10.6611,-2.6833,0.223
02-Nov-1951,0,2.062,11.25,-5.0778,0.223
03-Nov-1951,0,2.022,14.4611,-2.7,0.223
04-Nov-1951,0,1.982,15.3278,-0.6889,0.223
05-Nov-1951,0,1.943,13.5944,-1.35,0.2257
06-Nov-1951,0,1.904,15.0389,-1.8167,0.2177
07-Nov-1951,0.24,1.865,15.4889,-0.7,0.2177
08-Nov-1951,0.32,1.826,12.9167,-1.3,0.2123
09-Nov-1951,0.02,1.787,12.8944,-3.0667,0.2069
10-Nov-1951,4.69,1.749,10.9722,-1.7556,0.2069
11-Nov-1951,4.72,1.712,7.1722,-1.2722,0.2177
12-Nov-1951,3.22,1.674,6.8944,0.5611,0.2311
13-Nov-1951,0.55,1.637,7.5667,-4.5444,0.2365
14-Nov-1951,1.03,1.601,7.8333,0.6944,0.2311
15-Nov-1951,0,1.564,5.7,-5.8667,0.2365
16-Nov-1951,0,1.528,3.8556,-8.15,0.2123
17-Nov-1951,0.07,1.493,5.7333,-9.0667,0.1881
18-Nov-1951,0.58,1.458,7.0111,-8.2611,0.2015
19-Nov-1951,32.97,1.423,5.8111,-5.2556,0.2311
20-Nov-1951,34.59,1.389,-0.3,-3.65,0.2418
21-Nov-1951,14.36,1.355,-2.6167,-6.6556,0.1747
22-Nov-1951,12.9,1.322,-1.6833,-9.4556,0.1612
23-Nov-1951,1.33,1.289,-2.4667,-8.9778,0.2177
24-Nov-1951,0,1.257,0.0333,-10.4278,0.2365
25-Nov-1951,0,1.225,0.9278,-10.4333,0.2311
26-Nov-1951,1.69,1.193,2.3722,-6,0.2741
27-Nov-1951,0.4,1.163,5.7,-3.15,0.2956
28-Nov-1951,0,1.132,6.3722,-3.1056,0.3198
29-Nov-1951,0,1.102,6.7722,-2.9889,0.3144
30-Nov-1951,24.28,1.073,6.6944,-2.0167,0.2956
01-Dec-1951,36.36,1.044,4.2333,-0.7333,0.5508
02-Dec-1951,8.32,1.016,2.5444,-5.1778,0.5052
03-Dec-1951,26.51,0.988,1.4667,-6.6667,0.4219
04-Dec-1951,22.49,0.961,2.1389,-3.7167,0.4487
05-Dec-1951,5.95,0.935,-0.5556,-7.3611,0.395
06-Dec-1951,0,0.909,-4.2556,-12.6889,0.3144
07-Dec-1951,1.43,0.883,-6.4167,-13.2444,0.3386
08-Dec-1951,0,0.858,-5.2333,-14.3056,0.3198
09-Dec-1951,0,0.834,-3.7444,-14.7667,0.2956
10-Dec-1951,0,0.811,0.7278,-12.7944,0.2956
11-Dec-1951,0,0.788,2.9944,-9.5778,0.2956
12-Dec-1951,0.1,0.765,1.4889,-8.8278,0.2687
13-Dec-1951,0.01,0.743,3.5278,-7.2556,0.2687
14-Dec-1951,0,0.722,3.4056,-10.9667,0.2687
15-Dec-1951,0,0.702,4.6333,-9.1667,0.2687
16-Dec-1951,0.69,0.682,3.8722,-7.45,0.2553
17-Dec-1951,0.26,0.663,3.4556,-10.0222,0.2553
18-Dec-1951,3.98,0.644,3.85,-6.1,0.2553
19-Dec-1951,3.03,0.627,-0.5944,-7.9389,0.2418
20-Dec-1951,0,0.609,0.2444,-12.7333,0.2795
21-Dec-1951,0,0.593,4.5167,-11.9056,0.2956
22-Dec-1951,0.17,0.577,7.9556,-6.3889,0.3251
23-Dec-1951,0.23,0.562,7.1167,-5.2056,0.3009
24-Dec-1951,0.48,0.547,5.0722,-5.9111,0.3009
25-Dec-1951,1.34,0.534,1.7278,-8.3,0.2848
26-Dec-1951,1.02,0.521,4.7167,-6.4444,0.2902
27-Dec-1951,6.36,0.508,6.9778,0.5833,0.2956
28-Dec-1951,92.01,0.497,3.4167,-1.7944,0.5401
29-Dec-1951,27.07,0.486,-0.2556,-2.9111,0.5052
30-Dec-1951,21.99,0.475,-2.1722,-6.5833,0.3762
31-Dec-1951,0,0.466,-5.6667,-14.5944,0.2848
01-Jan-1952,0,0.44,-5.5333,-13.5056,0.2687
02-Jan-1952,0,0.442,-6.05,-14.2556,0.2418
03-Jan-1952,0,0.435,-4.45,-13.7722,0.2418
04-Jan-1952,0,0.429,-2.2944,-13.1556,0.2553
05-Jan-1952,0,0.424,-1.8278,-13.6167,0.2687
06-Jan-1952,3.14,0.419,0.8389,-12.1944,0.2956
07-Jan-1952,1.86,0.416,-2.3611,-9.4889,0.309
08-Jan-1952,1.03,0.413,-2.0722,-10.6556,0.309
09-Jan-1952,0,0.41,1.8889,-13.5167,0.3224
10-Jan-1952,5.94,0.409,1.5611,-7.6944,0.309
11-Jan-1952,18.44,0.408,-0.9944,-5.2667,0.2956
12-Jan-1952,43.57,0.408,-2.5278,-5.9222,0.2956
13-Jan-1952,3.04,0.409,-2.8556,-11.2833,0.2687
14-Jan-1952,40.13,0.41,-1.85,-7.7056,0.2284
15-Jan-1952,39.76,0.412,-0.7278,-5.5222,0.2553
16-Jan-1952,2.1,0.415,-1.7056,-9.7667,0.2956
17-Jan-1952,0.11,0.419,-2.0667,-11.8667,0.309
18-Jan-1952,0,0.423,-0.6333,-12.2778,0.3224
19-Jan-1952,0.1,0.428,2.1833,-10.7889,0.3493
20-Jan-1952,12.49,0.434,0.0333,-8.5278,0.3493
21-Jan-1952,1.06,0.44,0.05,-7.9833,0.3493
22-Jan-1952,0,0.447,2.7944,-7.3111,0.3493
23-Jan-1952,4.38,0.455,5.9778,-5.3722,0.3493
24-Jan-1952,38.09,0.464,4.0667,-1.6389,0.3762
25-Jan-1952,15.64,0.473,4,-1.75,0.4299
26-Jan-1952,0.17,0.483,4.3778,-4.4222,0.4837
27-Jan-1952,0,0.494,3.5556,-7.9611,0.5374
28-Jan-1952,0,0.506,5.0778,-7.2278,0.5643
29-Jan-1952,0.01,0.518,5.9944,-7.0167,0.4837
30-Jan-1952,1.53,0.531,6.4444,-5.7222,0.4971
31-Jan-1952,11.83,0.545,6.2611,-1.9167,0.5132
01-Feb-1952,32.95,0.559,5.6667,-2.3722,1.0587
02-Feb-1952,4.55,0.574,2.7222,-3.7111,1.4618
03-Feb-1952,0.03,0.589,6.0111,-6.7,0.8169
04-Feb-1952,0,0.606,6.1722,-7.0111,0.6825
05-Feb-1952,0,0.623,5.7333,-7.6944,0.6073
06-Feb-1952,0,0.641,6.6167,-7.6722,0.575
07-Feb-1952,0,0.659,6.6722,-6.8778,0.5589
08-Feb-1952,0,0.678,6.1,-6.9722,0.5374
09-Feb-1952,0,0.698,7.3611,-7.2333,0.5132
10-Feb-1952,0,0.718,7.7222,-7.5222,0.5052
11-Feb-1952,9.95,0.739,3.3833,-5.5778,0.5293
12-Feb-1952,0.19,0.761,-0.1278,-10.3944,0.4837
13-Feb-1952,0,0.783,0.3,-12.4833,0.4407
14-Feb-1952,0.12,0.806,2.5833,-10.5944,0.4407
15-Feb-1952,0.67,0.829,5.85,-7.3833,0.4487
16-Feb-1952,16.78,0.853,3.7278,-2.1556,0.4917
17-Feb-1952,2.69,0.878,-1.3278,-7.25,0.4702
18-Feb-1952,0.75,0.903,-3.7278,-12.0833,0.4219
19-Feb-1952,1,0.929,-1.7611,-8.4944,0.4407
20-Feb-1952,6.59,0.955,-1.0056,-6.8778,0.4353
21-Feb-1952,0.2,0.982,-0.2278,-10.6278,0.4138
22-Feb-1952,0.69,1.01,1.4556,-8.1611,0.4084
23-Feb-1952,1.09,1.038,4.5556,-3.4667,0.4084
24-Feb-1952,0.03,1.067,4.8389,-7.6611,0.4084
25-Feb-1952,0.02,1.096,7.1278,-9.5333,0.4004
26-Feb-1952,0.31,1.126,6.6222,-7.2,0.4407
27-Feb-1952,0.18,1.156,7.1333,-5.7111,0.4622
28-Feb-1952,0.56,1.187,8.0611,-3.7556,0.4917
29-Feb-1952,1.65,1.218,7.7056,-5.2722,0.5374
01-Mar-1952,10.49,1.25,1.5278,-7.4,0.567
02-Mar-1952,0,1.282,-1.0111,-13.8333,0.4917
03-Mar-1952,1.24,1.315,3.3056,-11.4,0.4622
04-Mar-1952,2.12,1.348,2.7722,-8.1222,0.4917
05-Mar-1952,0.19,1.382,1.5444,-9.9722,0.4407
06-Mar-1952,5.37,1.416,-0.7778,-7.5222,0.4487
07-Mar-1952,31.38,1.451,-1.5556,-6.7833,0.4353
08-Mar-1952,14.59,1.486,-0.8056,-7.75,0.4407
09-Mar-1952,0.48,1.521,4.5389,-8.0056,0.4353
10-Mar-1952,9.96,1.557,1.6889,-5.6222,0.4622
11-Mar-1952,0.99,1.593,-1.4222,-10.5889,0.4353
12-Mar-1952,6.25,1.629,-2.2944,-8.7944,0.4219
13-Mar-1952,1.09,1.666,-1.6944,-12.4444,0.395
14-Mar-1952,30.08,1.704,-3.1722,-11.75,0.4084
15-Mar-1952,33.44,1.741,-1.8333,-5.1667,0.4487
16-Mar-1952,1.24,1.779,-0.1111,-10.6389,0.4219
17-Mar-1952,0.9,1.818,4.55,-9.9,0.4219
18-Mar-1952,26.4,1.856,1.1333,-5.6722,0.4272
19-Mar-1952,15.33,1.895,-2.7167,-7,0.3628
20-Mar-1952,1.38,1.935,-2.9056,-13.5778,0.2956
21-Mar-1952,0.01,1.974,-2.3222,-14.2111,0.3224
22-Mar-1952,0,2.014,-0.7111,-13.0722,0.3493
23-Mar-1952,0.41,2.054,6.8056,-11.9444,0.3762
24-Mar-1952,0.04,2.094,9.75,-3.1611,0.4998
25-Mar-1952,0,2.135,10.7333,-2.5944,0.884
26-Mar-1952,0,2.176,9.9889,-3.6111,1.2307
27-Mar-1952,0,2.217,11.5833,-5.35,1.2978
28-Mar-1952,0,2.258,12.1,-1.3111,1.5934
29-Mar-1952,0,2.299,11.6278,-1.0722,1.7331
30-Mar-1952,0,2.341,10.3611,0.5667,1.8917
31-Mar-1952,0,2.382,9.9778,-2.6222,1.9427
01-Apr-1952,0,2.424,12.3667,-4.9833,1.803
02-Apr-1952,0,2.466,10.45,-1.0389,1.9239
03-Apr-1952,0,2.508,12.5611,-3.95,2.0475
04-Apr-1952,0,2.551,14.7556,-2.7389,2.2894
05-Apr-1952,0,2.593,16.8111,-1.1556,2.6844
06-Apr-1952,0,2.635,15.2722,1.3,3.1976
07-Apr-1952,3.81,2.678,10.9778,1.0944,3.1707
08-Apr-1952,0.85,2.72,8.25,-3.8833,2.5903
09-Apr-1952,0.11,2.763,10.15,-3.7222,2.3646
10-Apr-1952,7.64,2.806,7.3556,-1.1222,2.1577
11-Apr-1952,0,2.848,10.1667,-3.4389,1.8729
12-Apr-1952,0,2.891,12.9889,-3.0444,2.0314
13-Apr-1952,6.14,2.934,9.1556,-0.3389,2.327
14-Apr-1952,0.02,2.977,6.6389,-5.4833,2.0636
15-Apr-1952,0,3.019,9.9944,-5.9778,1.9427
16-Apr-1952,0,3.062,12.5278,-2.9722,2.1765
17-Apr-1952,0,3.104,15.0389,-1.9889,2.5715
18-Apr-1952,0,3.147,15.5389,-1.5222,3.0632
19-Apr-1952,0,3.189,12.2944,0.95,3.3319
20-Apr-1952,0,3.232,10.3278,-1.7889,3.0095
21-Apr-1952,0,3.274,12.55,-3.0889,3.0901
22-Apr-1952,0,3.316,16.1444,-2.9111,3.3857
23-Apr-1952,0,3.358,17.6111,-0.3556,3.8962
24-Apr-1952,2.15,3.4,16.2556,2.0222,4.4605
25-Apr-1952,42.52,3.442,9.8389,2.0056,4.8904
26-Apr-1952,4.91,3.483,9.4556,-0.0444,4.138
27-Apr-1952,0.08,3.525,14.2333,0.1444,3.6275
28-Apr-1952,0,3.566,12.4167,1.6389,4.1112
29-Apr-1952,0,3.607,12.1333,-1.5056,4.6217
30-Apr-1952,0.06,3.648,10.5944,2.2333,4.5142
01-May-1952,0.01,3.689,12.8611,2.6722,4.7292
02-May-1952,0,3.729,13.9444,3.0667,6.0727
03-May-1952,0.07,3.769,12.6444,4.4111,5.9652
04-May-1952,0,3.809,13.6611,-2.6944,5.186
05-May-1952,0,3.848,14.1,-2.1889,4.7561
06-May-1952,0.06,3.888,13.1778,-2.0667,4.7292
07-May-1952,9.68,3.927,9.8667,1.4611,4.6755
08-May-1952,0.06,3.965,10.5889,-3.1056,4.0306
09-May-1952,0,4.004,13.6222,-2.3667,3.6544
10-May-1952,0,4.042,16.6944,-0.5944,3.8425
11-May-1952,0,4.08,16.8889,1.8333,4.2993
12-May-1952,0,4.117,16.9667,0.5611,5.1322
13-May-1952,0,4.154,15.7556,1.85,5.7234
14-May-1952,0,4.191,16.0333,-0.3111,6.1802
15-May-1952,0.08,4.227,13.3111,-1.1833,5.6428
16-May-1952,0,4.263,14.2722,1.7,4.8904
17-May-1952,0,4.298,16.7389,1.0667,5.0248
18-May-1952,0,4.333,20.2556,2.4333,5.6428
19-May-1952,0.24,4.368,19.4722,3.5167,6.1802
20-May-1952,0,4.402,14.5111,5.0389,6.8251
21-May-1952,0,4.436,15.7111,-0.8333,6.6639
22-May-1952,0,4.469,16.0722,0.7389,5.9652
23-May-1952,0,4.502,19.9722,1.6667,6.0458
24-May-1952,0,4.535,20.2444,3.6833,6.6101
25-May-1952,0,4.566,20.8833,2.9444,7.1207
26-May-1952,0,4.598,21.8944,3.1278,7.0669
27-May-1952,0,4.629,22.6389,5.1,7.4968
28-May-1952,0,4.659,20.0333,5.3778,7.7387
29-May-1952,0,4.689,19.7222,2.3111,7.0669
30-May-1952,0,4.718,20.2722,3.0444,7.2281
31-May-1952,0,4.747,18.55,5.15,7.9268
01-Jun-1952,0.24,4.775,17.9556,1.7611,7.8999
02-Jun-1952,0.69,4.803,19.8222,3.5889,7.255
03-Jun-1952,0,4.83,20.3167,3.5333,7.3625
04-Jun-1952,0.13,4.857,23.2333,4.5722,7.1475
05-Jun-1952,1.21,4.883,22.3056,7.4889,8.0074
06-Jun-1952,2.7,4.908,16.2722,6.4722,8.4104
07-Jun-1952,0,4.933,19.7389,4.6889,7.7387
08-Jun-1952,0.06,4.957,22.1889,4.7556,8.3298
09-Jun-1952,3.18,4.981,18.6833,3.6222,7.4162
10-Jun-1952,0.07,5.004,15.0944,0.3944,5.6159
11-Jun-1952,0.43,5.026,12.4833,1.7889,5.2935
12-Jun-1952,0,5.048,11.4278,-5.4889,4.138
13-Jun-1952,0,5.069,12.6889,-2.1333,3.8425
14-Jun-1952,0,5.089,13.0222,1.45,3.8693
15-Jun-1952,0,5.109,15.7778,-0.4833,3.9231
16-Jun-1952,0,5.128,21.7444,0.8889,4.0037
17-Jun-1952,0,5.147,22.9389,4.2,4.4067
18-Jun-1952,0,5.165,21.7389,5.75,4.7829
19-Jun-1952,0,5.182,19.6833,2.6556,4.8635
20-Jun-1952,0,5.198,19.0778,4.0278,4.5948
21-Jun-1952,0.03,5.214,16.8889,5.0278,4.5948
22-Jun-1952,0.05,5.229,16.6833,2.4,4.4336
23-Jun-1952,1.47,5.244,13.4278,6.2611,4.3261
24-Jun-1952,0.27,5.258,13.7556,2.1056,3.9768
25-Jun-1952,1.82,5.271,13.0056,0.6833,3.6544
26-Jun-1952,0.45,5.283,12.6611,1.7611,3.3857
27-Jun-1952,0,5.295,14.1667,2.3556,3.2244
28-Jun-1952,0.04,5.306,12.7389,5.5944,3.1976
29-Jun-1952,0.18,5.316,13.1111,2.6833,3.0901
30-Jun-1952,0,5.325,18.6278,1.7889,3.0901
01-Jul-1952,0,5.334,21.7,2.8833,3.1976
02-Jul-1952,0,5.342,23.6889,6.1778,3.4125
03-Jul-1952,1.93,5.35,25.5111,8.2833,3.6812
04-Jul-1952,0,5.356,25.5222,6.4,3.6812
05-Jul-1952,0,5.362,24.7,7.6111,3.7081
06-Jul-1952,0,5.367,25.1889,7.0167,3.735
07-Jul-1952,0,5.372,25.6444,8.4278,3.6275
08-Jul-1952,0.51,5.376,26.2389,8.95,3.6275
09-Jul-1952,1.67,5.379,25.0056,11.9111,3.4663
10-Jul-1952,0.96,5.381,20.8,10.9222,3.3857
11-Jul-1952,0,5.382,21.2611,7.4889,3.4663
12-Jul-1952,1.85,5.383,21.4611,7.1833,3.3319
13-Jul-1952,4.46,5.383,21.75,7.8111,2.9826
14-Jul-1952,2.7,5.383,22.5056,8.05,2.9557
15-Jul-1952,0,5.381,24.5389,7.6167,2.902
16-Jul-1952,0,5.379,26.6389,10.15,2.7677
17-Jul-1952,0.47,5.376,26.6778,10.6889,2.7139
18-Jul-1952,0,5.373,26.1778,11.5611,2.6091
19-Jul-1952,0,5.368,25.8444,7.5,2.4963
20-Jul-1952,0,5.363,25.9444,8.6056,2.2329
21-Jul-1952,0,5.358,24.6389,9.35,2.1577
22-Jul-1952,0,5.351,25.4667,8.5111,2.0314
23-Jul-1952,0,5.344,25.8056,10.1333,1.8218
24-Jul-1952,0.64,5.336,25.2111,11.3056,1.7681
25-Jul-1952,2,5.327,23.1889,11.1556,1.8541
26-Jul-1952,1.42,5.318,23.3722,10.6333,2.0314
27-Jul-1952,4.83,5.308,24.6278,10.7778,2.2894
28-Jul-1952,5.06,5.297,25.15,11.7167,2.1953
29-Jul-1952,9.15,5.286,23.9167,11.9833,2.0314
30-Jul-1952,7.94,5.273,17.1444,11.7722,2.0126
31-Jul-1952,5.81,5.26,21.0222,9.1444,2.0126
01-Aug-1952,0.59,5.247,23.0556,7.9889,2.0825
02-Aug-1952,0.03,5.232,24.5278,10.2167,1.6982
03-Aug-1952,0,5.217,26.3222,10.7556,1.4618
04-Aug-1952,0,5.202,25.5111,9.4,1.3113
05-Aug-1952,0,5.185,25.7389,9.7556,1.193
06-Aug-1952,0,5.168,25.1111,11.9222,1.1178
07-Aug-1952,0,5.151,25.4389,9.6222,1.0936
08-Aug-1952,0,5.132,24.9556,8.1167,1.0721
09-Aug-1952,0,5.113,23.9889,9.1278,1.0372
10-Aug-1952,0,5.094,23.4611,6.0611,0.876
11-Aug-1952,0,5.073,25.1222,7.5722,0.7981
12-Aug-1952,0,5.052,24.9667,8.4722,0.7792
13-Aug-1952,0,5.031,24.5167,9.4278,0.7524
14-Aug-1952,0,5.009,25.0611,5.5722,0.7443
15-Aug-1952,0,4.986,25.3611,6.5,0.7174
16-Aug-1952,0,4.962,25.5944,7.2278,0.6906
17-Aug-1952,0,4.938,25.2667,6.5944,0.6664
18-Aug-1952,0,4.913,25.8944,6.0778,0.6556
19-Aug-1952,0,4.888,25.3333,6.3056,0.6234
20-Aug-1952,0,4.862,24.9556,6.55,0.6073
21-Aug-1952,0,4.836,25.1722,7.4722,0.6153
22-Aug-1952,0,4.809,25.6389,7.7,0.6153
23-Aug-1952,0,4.781,25.6167,8.0111,0.5831
24-Aug-1952,0,4.753,23.7667,7.9056,0.575
25-Aug-1952,0,4.724,22.2444,7.8,0.567
26-Aug-1952,0,4.695,20.9111,7.6778,0.5508
27-Aug-1952,0,4.665,22.1444,4.7278,0.5508
28-Aug-1952,0,4.635,23.2889,4.9778,0.5293
29-Aug-1952,0,4.604,22.6389,6.9556,0.5213
30-Aug-1952,0,4.573,22.9556,6.5,0.4998
31-Aug-1952,0,4.541,25.0833,5.5,0.4837
01-Sep-1952,0,4.509,26.2222,8.5333,0.5132
02-Sep-1952,0,4.476,27.0556,9.5,0.5132
03-Sep-1952,0,4.443,25.9833,11.4778,0.4998
04-Sep-1952,0,4.409,22.1167,9.9278,0.4837
05-Sep-1952,0.26,4.375,22.1833,6.1889,0.4702
06-Sep-1952,0.18,4.341,21.4778,9.1278,0.4837
07-Sep-1952,0,4.306,20.7833,5.9944,0.4837
08-Sep-1952,0.04,4.27,20.7556,4.2278,0.4622
09-Sep-1952,0.93,4.235,17.3944,7.7389,0.4837
10-Sep-1952,8.84,4.198,10.5056,0.7889,0.5213
11-Sep-1952,7.31,4.162,8.2333,-0.6389,0.575
12-Sep-1952,0,4.125,13.5444,0.7056,0.5589
13-Sep-1952,0,4.088,16.6167,1.2111,0.4917
14-Sep-1952,0,4.05,20.5111,2.6556,0.4568
15-Sep-1952,0,4.012,22.3056,4.2722,0.4353
16-Sep-1952,0,3.974,22.3333,5.0722,0.4084
17-Sep-1952,0.08,3.935,22.8389,5.1056,0.3869
18-Sep-1952,0.39,3.896,23.0389,5.4333,0.3816
19-Sep-1952,1.09,3.857,21.0389,7.8333,0.3869
20-Sep-1952,0,3.817,20.0167,9.0944,0.4622
21-Sep-1952,0,3.777,22.4778,6.8222,0.4407
22-Sep-1952,0,3.737,23.3,6.2833,0.4084
23-Sep-1952,0,3.697,23.4278,7.5833,0.395
24-Sep-1952,0,3.656,23.9222,8.5333,0.3547
25-Sep-1952,0,3.616,24.2722,6.6167,0.3251
26-Sep-1952,2.25,3.575,22.7611,7.3333,0.3198
27-Sep-1952,0,3.534,22.2944,6.1611,0.3305
28-Sep-1952,0,3.492,23.4444,7.0222,0.3305
29-Sep-1952,0,3.451,23.6222,6.1389,0.3386
30-Sep-1952,0,3.409,23.5833,6.6556,0.3386
01-Oct-1952,0,3.367,23.4056,6.6833,0.3386
02-Oct-1952,0,3.325,23.9778,6.3222,0.3305
03-Oct-1952,0,3.283,23.7611,6.5667,0.3198
04-Oct-1952,0,3.241,23.15,6.6944,0.3198
05-Oct-1952,0,3.198,22.6,5.7111,0.3144
06-Oct-1952,0,3.156,21.7278,4.4944,0.309
07-Oct-1952,0,3.113,20.6333,6.2556,0.3009
08-Oct-1952,0,3.071,19.4444,4.7833,0.2902
09-Oct-1952,0,3.028,16.7556,1.2611,0.2795
10-Oct-1952,0,2.986,17.9111,2.8056,0.2795
11-Oct-1952,0,2.943,19.0278,2.3833,0.2795
12-Oct-1952,0,2.9,20.1611,2.6389,0.2795
13-Oct-1952,0,2.857,21.0556,2.8167,0.2848
14-Oct-1952,0,2.815,19.2778,2.2278,0.2741
15-Oct-1952,0,2.772,19.45,1.4833,0.2741
16-Oct-1952,0,2.729,19.3889,5.5833,0.2741
17-Oct-1952,0.12,2.687,17.8833,6.5833,0.2741
18-Oct-1952,2.11,2.644,15.3444,6.6,0.2848
19-Oct-1952,0,2.602,14.95,-0.5389,0.3009
20-Oct-1952,0,2.56,16.8833,0.1833,0.2902
21-Oct-1952,0,2.517,18.6222,1,0.2795
22-Oct-1952,0,2.475,18.5611,0.9,0.2687
23-Oct-1952,0,2.433,15.9056,0.9833,0.2687
24-Oct-1952,0,2.391,16.5222,0.6222,0.2687
25-Oct-1952,0,2.349,17.8333,0.4222,0.2633
26-Oct-1952,0,2.308,17.9944,0.3722,0.258
27-Oct-1952,0,2.266,17.8111,-0.4722,0.258
28-Oct-1952,0,2.225,18.15,0.3778,0.258
29-Oct-1952,0,2.184,16.3222,0.95,0.2687
30-Oct-1952,0,2.143,15.0389,0.1667,0.258
31-Oct-1952,0,2.103,14.1556,-0.1444,0.258
01-Nov-1952,0,2.062,10.5722,-3.5389,0.258
02-Nov-1952,0,2.022,8.6778,-5.6056,0.258
03-Nov-1952,0,1.982,11.6333,-6.3444,0.2472
04-Nov-1952,0,1.943,13.8056,-4.8333,0.2472
05-Nov-1952,0,1.904,13.9278,-2.0944,0.258
06-Nov-1952,0,1.865,12.6389,-1.3444,0.258
07-Nov-1952,0,1.826,12.6611,-2.6778,0.258
08-Nov-1952,0,1.787,12.35,-3.9222,0.2472
09-Nov-1952,0,1.749,11.2,-6.0278,0.2365
10-Nov-1952,0,1.712,11,-4.9944,0.2311
11-Nov-1952,0,1.674,11.4111,-3.3389,0.2526
12-Nov-1952,5.78,1.637,8.1167,-2.7556,0.2472
13-Nov-1952,10.71,1.601,7.4333,-0.7,0.258
14-Nov-1952,43.31,1.564,3.4167,-2.8278,0.3305
15-Nov-1952,8.16,1.528,-1.9111,-5.5222,0.2311
16-Nov-1952,1.45,1.493,-1.1556,-5.8556,0.2472
17-Nov-1952,0,1.458,1.9944,-11.1389,0.2526
18-Nov-1952,0,1.423,3.8778,-9.3833,0.258
19-Nov-1952,0,1.389,5.5944,-7.9333,0.2526
20-Nov-1952,0,1.355,6.2,-7.6111,0.2633
21-Nov-1952,0,1.322,4.1222,-6.5833,0.2741
22-Nov-1952,0,1.289,-0.9778,-10.4722,0.2741
23-Nov-1952,0,1.257,-3.3222,-11.4,0.2472
24-Nov-1952,0,1.225,3.2,-12.5556,0.2284
25-Nov-1952,0,1.193,2.7333,-11.9833,0.2338
26-Nov-1952,0,1.163,0.6,-12.2167,0.2391
27-Nov-1952,0,1.132,1.9667,-12.5722,0.2418
28-Nov-1952,0,1.102,1.3944,-12.7611,0.2472
29-Nov-1952,1.29,1.073,-0.3444,-12.1667,0.2526
30-Nov-1952,1.3,1.044,2.8111,-11.5778,0.2821
01-Dec-1952,30.76,1.016,2.1833,-7.2111,0.2902
02-Dec-1952,13.58,0.988,0.0667,-5.8722,0.2902
03-Dec-1952,0.25,0.961,0.9722,-11.8,0.2902
04-Dec-1952,3.09,0.935,4.5833,-9.75,0.3063
05-Dec-1952,18.89,0.909,2.9778,-6.1667,0.309
06-Dec-1952,11.36,0.883,3.2389,-7.5667,0.3009
07-Dec-1952,38.63,0.858,1.3444,-2.6167,0.3144
08-Dec-1952,7.87,0.834,0.7222,-3.8556,0.2795
09-Dec-1952,2.04,0.811,1.6056,-6.1222,0.2848
10-Dec-1952,0.54,0.788,7.0111,-3.5,0.3251
11-Dec-1952,0,0.765,8.3889,-3.6389,0.3198
12-Dec-1952,0,0.743,8.4889,-5.1944,0.309
13-Dec-1952,0,0.722,8.0444,-5.4167,0.309
14-Dec-1952,0,0.702,8.9111,-6.0556,0.309
15-Dec-1952,0,0.682,9.7722,-5.1611,0.309
16-Dec-1952,0,0.663,6.3167,-3.6556,0.3198
17-Dec-1952,0,0.644,6.55,-3.9889,0.309
18-Dec-1952,0.22,0.627,5.6222,-6.8722,0.2956
19-Dec-1952,15.64,0.609,2.3389,-4.3444,0.3009
20-Dec-1952,3.44,0.593,1.4611,-5.2333,0.309
21-Dec-1952,0,0.577,3.2444,-10.4889,0.2848
22-Dec-1952,0,0.562,2.65,-9.5,0.2741
23-Dec-1952,0.04,0.547,-0.6778,-12.5056,0.258
24-Dec-1952,0.8,0.534,-2.4167,-12.4111,0.2795
25-Dec-1952,3.34,0.521,0.2611,-9.0222,0.3762
26-Dec-1952,4.49,0.508,4.0667,-5.7556,0.3144
27-Dec-1952,2.93,0.497,1.4389,-4.3278,0.2633
28-Dec-1952,0.12,0.486,1.3778,-9.8222,0.2365
29-Dec-1952,4.65,0.475,4.3444,-7.3722,0.2956
30-Dec-1952,30.57,0.466,1.0389,-4.3,0.3493
31-Dec-1952,0.72,0.457,0.4556,-7.9222,0.3251
01-Jan-1953,1.28,0.44,3.7111,-6.8444,0.309
02-Jan-1953,0,0.442,5.2667,-6.6778,0.309
03-Jan-1953,0,0.435,6.8778,-5.7833,0.2956
04-Jan-1953,0,0.429,6.0278,-6.6778,0.2956
05-Jan-1953,0,0.424,6.5611,-6.7389,0.2956
06-Jan-1953,19.01,0.419,3.9222,-4.7833,0.3198
07-Jan-1953,9.79,0.416,4.4444,-3.2056,0.2687
08-Jan-1953,7.78,0.413,8.7444,-0.5722,0.3816
09-Jan-1953,2.68,0.41,10.2611,4.0944,1.0883
10-Jan-1953,0,0.409,11.1222,-1.6778,1.0506
11-Jan-1953,0,0.408,13.6778,-1.5944,0.79
12-Jan-1953,3.05,0.408,9.6278,-0.3778,0.7443
13-Jan-1953,28.78,0.409,4.2611,-0.8722,0.8357
14-Jan-1953,6.61,0.41,0.3444,-4.3833,0.6556
15-Jan-1953,0,0.412,2.7778,-10.3778,0.5374
16-Jan-1953,0.01,0.415,5.9222,-8.0444,0.4998
17-Jan-1953,4.55,0.419,5.6222,-2.1111,0.5293
18-Jan-1953,5.08,0.423,5.2722,1.7056,0.6476
19-Jan-1953,0.14,0.428,8.4944,1.5389,0.6744
20-Jan-1953,21.23,0.434,6.1,-0.7667,0.6986
21-Jan-1953,0,0.44,2.3944,-9.8,0.5992
22-Jan-1953,0,0.447,7.7833,-7.7556,0.5508
23-Jan-1953,0,0.455,9.9278,-4.5778,0.5428
24-Jan-1953,0,0.464,11.2278,-3.1222,0.5293
25-Jan-1953,0,0.473,10.2278,-0.3333,0.5213
26-Jan-1953,0,0.483,6.8333,-2.2778,0.4917
27-Jan-1953,0,0.494,7.3611,-10.5833,0.4138
28-Jan-1953,0,0.506,12.1111,-4.9778,0.4702
29-Jan-1953,0,0.518,11.7667,-1.3167,0.4756
30-Jan-1953,0,0.531,10.5667,-2.8389,0.4756
31-Jan-1953,0,0.545,11.9667,-4.5111,0.4702
01-Feb-1953,0,0.559,11.75,-4.35,0.4917
02-Feb-1953,0,0.574,11.75,-5.6278,0.4837
03-Feb-1953,0,0.589,13.0444,-4.7611,0.4756
04-Feb-1953,0.47,0.606,9.7889,-3.6833,0.4837
05-Feb-1953,0.36,0.623,7.9889,-0.6556,0.4756
06-Feb-1953,0,0.641,11.3333,-2.8389,0.5132
07-Feb-1953,3.01,0.659,11.35,-3.5167,0.5213
08-Feb-1953,0.51,0.678,5.45,-6.7,0.5132
09-Feb-1953,0,0.698,-0.6667,-11.6,0.4084
10-Feb-1953,0,0.718,3.0833,-11.2111,0.4004
11-Feb-1953,0,0.739,7.5889,-8.4944,0.4407
12-Feb-1953,0,0.761,4.0722,-9.4278,0.4272
13-Feb-1953,0,0.783,8.5056,-8.8833,0.3869
14-Feb-1953,0,0.806,10.8444,-5.0333,0.4272
15-Feb-1953,0,0.829,8.2944,-7.8056,0.4138
16-Feb-1953,0,0.853,8.0556,-8.9556,0.395
17-Feb-1953,0.03,0.878,8.1222,-7.6778,0.395
18-Feb-1953,0.29,0.903,3.0111,-9.4111,0.3816
19-Feb-1953,0,0.929,-2.2611,-12.7278,0.3305
20-Feb-1953,0,0.955,1.8111,-12.8278,0.3386
21-Feb-1953,0,0.982,2.7,-11.8444,0.3493
22-Feb-1953,0.12,1.01,6.4167,-11.0611,0.3547
23-Feb-1953,1.93,1.038,1.4722,-9.4889,0.3762
24-Feb-1953,0.08,1.067,2.3833,-11.7167,0.3493
25-Feb-1953,0,1.096,7.3056,-10.3,0.3386
26-Feb-1953,0,1.126,9.8833,-7.8167,0.3628
27-Feb-1953,0,1.156,11.7056,-5.7444,0.3762
28-Feb-1953,2.99,1.187,9.9556,-5.0333,0.4004
01-Mar-1953,16.12,1.218,0.65,-9.9667,0.4138
02-Mar-1953,0,1.25,-2.6056,-15.15,0.3493
03-Mar-1953,0,1.282,2.75,-11.4556,0.3386
04-Mar-1953,0,1.315,8.0333,-7.6722,0.3762
05-Mar-1953,0,1.348,10.4389,-6.3778,0.3762
06-Mar-1953,0,1.382,10.3,-5.2,0.395
07-Mar-1953,0,1.416,11.4667,-4.4556,0.4138
08-Mar-1953,0,1.451,12.7278,-4.9389,0.4487
09-Mar-1953,0,1.486,10.9722,-4.35,0.4837
10-Mar-1953,9.31,1.521,5.6444,-3.4944,0.5132
11-Mar-1953,0.13,1.557,5.4,-5.0389,0.4568
12-Mar-1953,4.35,1.593,3.1889,-3.6722,0.4487
13-Mar-1953,0,1.629,3.0222,-10.6389,0.395
14-Mar-1953,0,1.666,6.9833,-11.8278,0.395
15-Mar-1953,0,1.704,8,-5.3222,0.4138
16-Mar-1953,0.65,1.741,8.1167,-5.2611,0.4138
17-Mar-1953,0,1.779,6.6167,-4.9444,0.4219
18-Mar-1953,0.08,1.818,5.9111,-4.75,0.4272
19-Mar-1953,34.28,1.856,2.8389,-2.5556,0.4568
20-Mar-1953,2.88,1.895,0.0167,-7.6,0.3762
21-Mar-1953,0.52,1.935,3.6556,-4.9833,0.395
22-Mar-1953,0,1.974,9.6611,-6.7611,0.4407
23-Mar-1953,0,2.014,14.0222,-4.8667,0.5293
24-Mar-1953,0,2.054,13.8833,-2.1167,0.6476
25-Mar-1953,0,2.094,11.5,-1.8833,0.6986
26-Mar-1953,0,2.135,12.8222,-4.5556,0.7336
27-Mar-1953,0,2.176,14.3722,-4.4444,0.7524
28-Mar-1953,0.34,2.217,9.8333,-0.3556,0.7981
29-Mar-1953,2.84,2.258,6.4667,-3.1444,0.7255
30-Mar-1953,0,2.299,10.7167,-6.0667,0.6476
31-Mar-1953,0,2.341,12.6556,-5.2944,0.6906
01-Apr-1953,0,2.382,13.7778,-2.9611,0.7712
02-Apr-1953,0,2.424,14.3833,-2.6556,0.9351
03-Apr-1953,0,2.466,16.1611,-2.0278,1.1071
04-Apr-1953,0,2.508,16.6056,-1.4056,1.2683
05-Apr-1953,0,2.551,15.6,0.5444,1.4779
06-Apr-1953,0,2.593,9.4333,-0.75,1.5585
07-Apr-1953,7.96,2.635,2.6222,-10.3778,1.2414
08-Apr-1953,1.15,2.678,-1.1222,-9.2167,1.0264
09-Apr-1953,1.11,2.72,0.4556,-12,0.9136
10-Apr-1953,7.5,2.763,0.1056,-7.6,0.8948
11-Apr-1953,0,2.806,3.6611,-10.3944,0.7981
12-Apr-1953,0,2.848,5.6667,-9.6722,0.7524
13-Apr-1953,0.12,2.891,7.3667,-4.6167,0.7336
14-Apr-1953,0,2.934,11,-5.4111,0.6986
15-Apr-1953,0,2.977,13.9556,-4.7667,0.7443
16-Apr-1953,6.16,3.019,11.2111,-1.6,0.8652
17-Apr-1953,0.17,3.062,7.1222,-3.3167,0.8948
18-Apr-1953,0.37,3.104,12.7056,-5.4556,0.8464
19-Apr-1953,5.87,3.147,13.2556,0.1722,1.0157
20-Apr-1953,12.32,3.189,13.0167,1.2056,1.3113
21-Apr-1953,0.08,3.232,18.6056,0.2444,1.7143
22-Apr-1953,0,3.274,20.2611,2.0944,2.4586
23-Apr-1953,0,3.316,18.4,3.0389,2.8751
24-Apr-1953,0,3.358,17.9222,0.3389,2.902
25-Apr-1953,0,3.4,19.4222,0.7278,3.0364
26-Apr-1953,0.66,3.442,15.5444,4.5889,3.3857
27-Apr-1953,48.92,3.483,9.1444,1.6,4.0843
28-Apr-1953,0.39,3.525,5.3444,-3.5111,2.902
29-Apr-1953,5.46,3.566,3.7333,-2.7444,2.2894
30-Apr-1953,2.46,3.607,3.8778,-5.4333,1.9239
01-May-1953,0.43,3.648,3.8056,-6.2056,1.6633
02-May-1953,0,3.689,8.9333,-6.4778,1.494
03-May-1953,0,3.729,13.4944,-3.7833,1.4456
04-May-1953,0,3.769,16.2167,-0.8278,1.6633
05-May-1953,0.18,3.809,16.8611,-1.7111,2.0126
06-May-1953,0.04,3.848,14.5667,2.3778,2.3646
07-May-1953,0.14,3.888,9.4667,-0.3556,2.327
08-May-1953,2.32,3.927,4.6167,-4.5111,2.0636
09-May-1953,0.12,3.965,5.65,-6.2889,1.7331
10-May-1953,0.14,4.004,6.7222,-5.2222,1.6283
11-May-1953,0,4.042,8.5667,-5.5833,1.6122
12-May-1953,0,4.08,12.1111,-4.6722,1.6821
13-May-1953,0.56,4.117,13.4556,-2.2833,1.9239
14-May-1953,6.44,4.154,11.3667,1.8278,2.1953
15-May-1953,10.05,4.191,7.3278,-0.2833,2.0636
16-May-1953,0.74,4.227,9.7111,-1.25,1.7681
17-May-1953,0,4.263,13.6333,-1.0056,1.7842
18-May-1953,0.04,4.298,14.95,0.3778,2.4398
19-May-1953,9.14,4.333,11.5611,4.4333,3.0095
20-May-1953,0,4.368,11.0667,1.7111,2.8483
21-May-1953,6.15,4.402,8.7167,-0.3167,2.6091
22-May-1953,0.01,4.436,11.0167,-2.4111,2.1953
23-May-1953,7.5,4.469,7.3778,-0.8333,2.2705
24-May-1953,1.8,4.502,4.2056,-6.4167,1.9078
25-May-1953,4.84,4.535,3.1778,-5.2278,1.7331
26-May-1953,3.68,4.566,4.3444,-5.05,1.5424
27-May-1953,7.39,4.598,7.3944,-3.8278,1.4456
28-May-1953,26.24,4.629,5.5944,-1.6,1.5746
29-May-1953,1.71,4.659,9.95,0.4222,1.5262
30-May-1953,0.34,4.689,13.7556,-1.75,1.8379
31-May-1953,2.93,4.718,11.3167,1.8389,2.1953
01-Jun-1953,10.89,4.747,6.9278,0.3778,2.1577
02-Jun-1953,0.03,4.775,9.8056,-3.5778,1.8379
03-Jun-1953,0,4.803,12.6,-0.7944,2.1577
04-Jun-1953,0,4.83,13.0556,-0.25,2.4963
05-Jun-1953,0.27,4.857,12.4,-0.5111,2.6091
06-Jun-1953,8.85,4.883,11.5944,2.7778,3.0632
07-Jun-1953,0.04,4.908,9.6278,1.4167,3.2782
08-Jun-1953,0,4.933,10.2833,-3.1333,3.0095
09-Jun-1953,0,4.957,11.4111,-1.0167,2.9289
10-Jun-1953,0,4.981,11.4667,-2.0111,2.9289
11-Jun-1953,0.26,5.004,15.8278,1.4222,2.902
12-Jun-1953,1.28,5.026,13.7889,1.8056,3.117
13-Jun-1953,0,5.048,16.8278,-1.9556,2.8483
14-Jun-1953,0,5.069,17.1778,-0.4889,3.2244
15-Jun-1953,0.54,5.089,19.4778,1.4778,3.3857
16-Jun-1953,6.8,5.109,16.4278,3.1333,3.6812
17-Jun-1953,0,5.128,19.2389,3.6944,3.735
18-Jun-1953,0,5.147,21.5611,5.5111,4.568
19-Jun-1953,0,5.165,18.5111,5.9333,5.0248
20-Jun-1953,0,5.182,18.9278,1.2444,4.3261
21-Jun-1953,0,5.198,21.3889,1.9333,3.8693
22-Jun-1953,0,5.214,23.3889,2.5278,3.6812
23-Jun-1953,0,5.229,22.9389,3.6778,3.6275
24-Jun-1953,0,5.244,20.4722,3.2667,3.6275
25-Jun-1953,0,5.258,19.5833,1.7056,3.3857
26-Jun-1953,0,5.271,17.7778,2.8056,3.1438
27-Jun-1953,0,5.283,20.4,0.9722,2.8483
28-Jun-1953,0,5.295,17.9778,3.1667,2.8483
29-Jun-1953,0,5.306,18.5278,2.1444,2.7677
30-Jun-1953,0,5.316,18.7611,3.8389,2.7945
01-Jul-1953,0,5.325,21.05,2.7,2.7408
02-Jul-1953,0,5.334,24.2611,4.3556,2.6655
03-Jul-1953,0,5.342,24.1222,4.2778,2.5715
04-Jul-1953,0,5.35,25.1111,4.4778,2.4586
05-Jul-1953,0,5.356,25.9556,6.1278,2.4586
06-Jul-1953,0,5.362,27.1722,7.4056,2.5527
07-Jul-1953,0,5.367,25.4111,8.9,2.5903
08-Jul-1953,0.06,5.372,25.6333,7.9556,2.4586
09-Jul-1953,0,5.376,24.8,8.85,2.4022
10-Jul-1953,0.02,5.379,24.5,8.0833,2.2517
11-Jul-1953,0.11,5.381,26.6833,7.9889,2.1577
12-Jul-1953,0.43,5.382,27.7444,12.1444,2.1201
13-Jul-1953,0.08,5.383,26.6889,10.8778,2.1389
14-Jul-1953,0,5.383,24.7278,11.7111,2.0825
15-Jul-1953,0,5.383,25.2222,9.5,1.9427
16-Jul-1953,0.2,5.381,25.5333,9.7167,1.8218
17-Jul-1953,1.93,5.379,24.8167,10.1667,1.6445
18-Jul-1953,3.94,5.376,25.5,9.5111,1.3973
19-Jul-1953,0.51,5.373,26.1778,9.8278,1.2548
20-Jul-1953,0,5.368,26.7444,7.0167,1.1796
21-Jul-1953,0,5.363,26.9556,8.0611,1.0506
22-Jul-1953,0,5.358,27.2444,7.6111,0.9646
23-Jul-1953,0,5.351,26.4278,9.55,0.9136
24-Jul-1953,0,5.344,24.3222,8.4722,0.8652
25-Jul-1953,0,5.336,24.0111,5.0278,0.79
26-Jul-1953,0,5.327,24.8722,5.3389,0.7174
27-Jul-1953,0,5.318,25.9778,6.5944,0.6476
28-Jul-1953,0,5.308,25.7778,10.3333,0.6476
29-Jul-1953,0,5.297,26.2556,8.1944,0.6234
30-Jul-1953,0,5.286,25.8222,9.1778,0.6234
31-Jul-1953,0,5.273,24.2667,8.6611,0.6234
01-Aug-1953,0,5.26,23.5889,8.1056,0.5911
02-Aug-1953,0,5.247,22.0889,6.6444,0.567
03-Aug-1953,0,5.232,19.3278,4.7444,0.5589
04-Aug-1953,0,5.217,21.55,2.4667,0.5428
05-Aug-1953,0,5.202,23.2222,4.4944,0.4998
06-Aug-1953,0,5.185,23.1056,5.4389,0.4998
07-Aug-1953,0,5.168,24.1111,5.85,0.5213
08-Aug-1953,0,5.151,26.0556,4.6389,0.4998
09-Aug-1953,0,5.132,26.5056,6.8944,0.4756
10-Aug-1953,0,5.113,26.1722,5.9444,0.4487
11-Aug-1953,0,5.094,27.3,7.6611,0.4272
12-Aug-1953,0,5.073,27.2333,9.1056,0.4219
13-Aug-1953,0.72,5.052,25,12.0333,0.5213
14-Aug-1953,0.09,5.031,25.6111,7.7778,0.5992
15-Aug-1953,0,5.009,24.35,7.4,0.4702
16-Aug-1953,0,4.986,23.6111,8.8889,0.4138
17-Aug-1953,0,4.962,23.7889,5.85,0.3816
18-Aug-1953,0,4.938,25.4056,5.8111,0.3547
19-Aug-1953,0,4.913,25.8778,6.0778,0.3305
20-Aug-1953,0,4.888,23.0778,6.3,0.3009
21-Aug-1953,0,4.862,22.6,4.3722,0.2956
22-Aug-1953,0,4.836,24.4667,4.4111,0.3628
23-Aug-1953,0,4.809,22.9111,5.9389,0.3762
24-Aug-1953,0,4.781,20.8667,7.2389,0.3547
25-Aug-1953,0,4.753,19.9278,8.7556,0.3493
26-Aug-1953,0,4.724,19.5167,5.7889,0.3439
27-Aug-1953,0,4.695,19.5778,5.25,0.3386
28-Aug-1953,0,4.665,17.3944,5.4611,0.3386
29-Aug-1953,1.01,4.635,15.0333,3.7278,0.3386
30-Aug-1953,18.14,4.604,12.7,2.3111,0.5213
31-Aug-1953,0.1,4.573,14.8333,3.0944,0.5132
01-Sep-1953,0.11,4.541,19.8389,3.3611,0.3869
02-Sep-1953,0,4.509,23.3444,5.6111,0.3251
03-Sep-1953,0,4.476,23.2833,6.8833,0.2902
04-Sep-1953,0,4.443,24.8444,6.5944,0.2687
05-Sep-1953,0,4.409,25.3611,8.7667,0.2633
06-Sep-1953,0,4.375,24.8278,9.0111,0.2418
07-Sep-1953,0,4.341,24.1611,6.5556,0.2311
08-Sep-1953,0,4.306,24.5167,7.0778,0.2257
09-Sep-1953,0,4.27,25.9944,6.75,0.2257
10-Sep-1953,0,4.235,27.1444,7.9556,0.2633
11-Sep-1953,0,4.198,27.1333,8.9444,0.2902
12-Sep-1953,0.01,4.162,25.8556,10.1667,0.2902
13-Sep-1953,0,4.125,26.0167,9.0944,0.2902
14-Sep-1953,0,4.088,26.2889,8.9889,0.2902
15-Sep-1953,0.87,4.05,24.7389,9.3944,0.2902
16-Sep-1953,0,4.012,23.9111,7.3944,0.3009
17-Sep-1953,0,3.974,22.5611,6.3778,0.3009
18-Sep-1953,0,3.935,22.8667,5.3278,0.2795
19-Sep-1953,0,3.896,24.4222,5.0944,0.2741
20-Sep-1953,0,3.857,23.8722,5.4222,0.2741
21-Sep-1953,0,3.817,20.2056,4.3222,0.2633
22-Sep-1953,0,3.777,18.2556,2.7833,0.2633
23-Sep-1953,0,3.737,20.2444,0.9556,0.258
24-Sep-1953,0,3.697,22.2278,2.6833,0.2526
25-Sep-1953,0,3.656,23.7056,4.1667,0.2418
26-Sep-1953,1.53,3.616,21.1722,3.8833,0.2365
27-Sep-1953,0.11,3.575,19.1667,5.7167,0.2472
28-Sep-1953,0,3.534,19.3889,4.3889,0.2365
29-Sep-1953,0,3.492,20.3222,1.5111,0.2311
30-Sep-1953,0,3.451,20.5056,1.7,0.2257
01-Oct-1953,0,3.409,16.3222,4.1833,0.223
02-Oct-1953,0,3.367,12.2111,-0.0611,0.2069
03-Oct-1953,0,3.325,15.9,-2.1111,0.223
04-Oct-1953,0,3.283,18.8667,-1.0889,0.2069
05-Oct-1953,0,3.241,22.2722,1.9833,0.1988
06-Oct-1953,0,3.198,22.3611,4.2111,0.1935
07-Oct-1953,0,3.156,21.9944,4.5222,0.1881
08-Oct-1953,0,3.113,21.6222,4.5889,0.1827
09-Oct-1953,0,3.071,21.0556,4.0222,0.18
10-Oct-1953,1.07,3.028,16.3611,5.9056,0.1747
11-Oct-1953,0,2.986,11.9056,-0.2778,0.18
12-Oct-1953,0,2.943,16.1556,-0.7722,0.1881
13-Oct-1953,0,2.9,16.4278,-0.1333,0.1988
14-Oct-1953,0,2.857,11.9444,1.9944,0.1935
15-Oct-1953,0,2.815,12.25,-3.6167,0.1988
16-Oct-1953,0,2.772,15.7722,-2.3333,0.1988
17-Oct-1953,1.62,2.729,15.6111,-1.1111,0.1988
18-Oct-1953,22.84,2.687,9.9444,0.7333,0.2123
19-Oct-1953,0.11,2.644,4.7889,-2.3167,0.2526
20-Oct-1953,0,2.602,11.8278,-1.8,0.2418
21-Oct-1953,0.06,2.56,6.1556,-2.3056,0.2472
22-Oct-1953,13.62,2.517,2.0889,-2.35,0.2311
23-Oct-1953,7.53,2.475,6.3222,-1.1222,0.2418
24-Oct-1953,0,2.433,9.0833,-3.2111,0.258
25-Oct-1953,0,2.391,10.1444,-3.25,0.2526
26-Oct-1953,0,2.349,12.3222,-2.5889,0.258
27-Oct-1953,0,2.308,14.2611,-1.5278,0.258
28-Oct-1953,0,2.266,16.2,-1.0222,0.258
29-Oct-1953,0,2.225,15.9111,-0.2,0.258
30-Oct-1953,0,2.184,14.5222,-1.5389,0.2472
31-Oct-1953,0,2.143,15.4,-0.8056,0.2365
01-Nov-1953,0.26,2.103,15.5,1.5,0.2311
02-Nov-1953,0.78,2.062,12.1889,2.8833,0.2311
03-Nov-1953,0,2.022,12.2722,-1.8944,0.2418
04-Nov-1953,0,1.982,12.7833,-3.3889,0.2311
05-Nov-1953,0.42,1.943,7.8444,-1.6667,0.2257
06-Nov-1953,0.38,1.904,7.4222,-1.0222,0.223
07-Nov-1953,0,1.865,9.5833,-6.4667,0.2123
08-Nov-1953,0,1.826,11.9722,-4.2056,0.2177
09-Nov-1953,0,1.787,12.8111,-3.6444,0.2177
10-Nov-1953,4.1,1.749,10.4389,-0.5389,0.2177
11-Nov-1953,0,1.712,11.7111,-2.8278,0.2472
12-Nov-1953,0.6,1.674,10.1056,0.1333,0.2311
13-Nov-1953,0.59,1.637,11.4056,-0.3611,0.2257
14-Nov-1953,19.84,1.601,8.3611,0.2333,0.2633
15-Nov-1953,0,1.564,9.4778,-5.6167,0.2633
16-Nov-1953,2.6,1.528,10.7889,-5.0889,0.2472
17-Nov-1953,1.29,1.493,3.7278,-8.6167,0.2526
18-Nov-1953,0,1.458,0.7333,-10.2389,0.223
19-Nov-1953,9.55,1.423,5.8167,-10.2222,0.2069
20-Nov-1953,0.53,1.389,0.5667,-7.9444,0.2203
21-Nov-1953,0.28,1.355,2.7167,-9.6,0.223
22-Nov-1953,0.49,1.322,6.0222,-4.35,0.258
23-Nov-1953,0.28,1.289,9.0278,-1.0111,0.2526
24-Nov-1953,0,1.257,11.3278,-2.5722,0.2472
25-Nov-1953,0,1.225,11.8944,-4.35,0.2526
26-Nov-1953,0,1.193,11.9333,-2.9889,0.2526
27-Nov-1953,0,1.163,12.3,-1.0722,0.2472
28-Nov-1953,0,1.132,11.7611,-5.0167,0.2365
29-Nov-1953,0,1.102,12.1667,-4.7611,0.2418
30-Nov-1953,0.03,1.073,7.7944,-3.1667,0.2365
01-Dec-1953,0,1.044,4.8778,-7.0611,0.223
02-Dec-1953,0,1.016,5.8833,-7.8778,0.1935
03-Dec-1953,14.6,0.988,4.7611,-6.5056,0.2123
04-Dec-1953,16.93,0.961,2.3333,-6.8778,0.2526
05-Dec-1953,0,0.935,4.3,-11,0.1558
06-Dec-1953,2.87,0.909,5.6556,-7.0833,0.2418
07-Dec-1953,1.19,0.883,1.9722,-5.0278,0.2472
08-Dec-1953,0,0.858,4.5778,-10.6389,0.2123
09-Dec-1953,0,0.834,8.9944,-6.9333,0.2472
10-Dec-1953,0,0.811,4.9389,-3.9,0.2418
11-Dec-1953,0,0.788,4.45,-9.2167,0.2177
12-Dec-1953,0,0.765,10.2611,-7.9944,0.2177
13-Dec-1953,0,0.743,10.5889,-6.3722,0.2311
14-Dec-1953,0,0.722,12.4778,-5.4556,0.2472
15-Dec-1953,0,0.702,9.6389,-3.25,0.2526
16-Dec-1953,0,0.682,9.5667,-2.2056,0.2526
17-Dec-1953,0.02,0.663,7.75,-3.3167,0.2526
18-Dec-1953,0,0.644,6.7667,-4.9611,0.2472
19-Dec-1953,0.52,0.627,9.7556,-2.1333,0.2418
20-Dec-1953,0.09,0.609,8.9167,-1.1167,0.2526
21-Dec-1953,0,0.593,5.3833,-8.8389,0.2177
22-Dec-1953,0,0.577,2.8389,-10.45,0.1827
23-Dec-1953,0,0.562,2.5556,-12.5944,0.1693
24-Dec-1953,0,0.547,2.2,-10.4667,0.1827
25-Dec-1953,0,0.534,3.4778,-11.1667,0.1935
26-Dec-1953,0,0.521,6.4667,-9.5778,0.2096
27-Dec-1953,0,0.508,4.1333,-5.7944,0.2257
28-Dec-1953,0,0.497,6.5278,-9.9056,0.2042
29-Dec-1953,0,0.486,5.5333,-9.4778,0.2015
30-Dec-1953,0,0.475,5.1778,-11.0833,0.1908
31-Dec-1953,0,0.466,6.7,-10.5056,0.1881
01-Jan-1954,0,0.44,7.2667,-5.9944,0.1881
02-Jan-1954,0,0.442,7.9111,-8.9389,0.1935
03-Jan-1954,1.24,0.435,6.1778,-5.6778,0.2177
04-Jan-1954,0,0.429,9.6833,-4.1444,0.2123
05-Jan-1954,0,0.424,11.7889,-5.6944,0.2123
06-Jan-1954,2.83,0.419,12.0778,-4.1167,0.2177
07-Jan-1954,6.08,0.416,5.6333,-3.2,0.2257
08-Jan-1954,0,0.413,1.8,-11.3556,0.1693
09-Jan-1954,0,0.41,3.5889,-12.2056,0.1666
10-Jan-1954,0,0.409,4.0333,-8.8167,0.1962
11-Jan-1954,0.95,0.408,2.85,-7.4889,0.2365
12-Jan-1954,1.57,0.408,-0.9111,-6.7167,0.2177
13-Jan-1954,0,0.409,2.1444,-11.5889,0.1988
14-Jan-1954,0,0.41,6.0667,-8.8722,0.1962
15-Jan-1954,0.77,0.412,5.3056,-2.4667,0.1935
16-Jan-1954,2.22,0.415,6.5944,-0.5111,0.2015
17-Jan-1954,16.55,0.419,4.3833,-1.7667,0.2177
18-Jan-1954,0.86,0.423,3.3167,-2.1556,0.1935
19-Jan-1954,1,0.428,0.5889,-6.3278,0.1908
20-Jan-1954,0.92,0.434,3.4111,-9.1778,0.1881
21-Jan-1954,0,0.44,6.8389,-10.3278,0.1827
22-Jan-1954,2.31,0.447,6.9833,-4.8444,0.2177
23-Jan-1954,63.79,0.455,5.7667,0.1111,0.3493
24-Jan-1954,36.78,0.464,0.8056,-3.0167,0.4004
25-Jan-1954,0,0.473,-0.5611,-7.8722,0.2472
26-Jan-1954,0,0.483,0.8889,-12.6389,0.2015
27-Jan-1954,0.05,0.494,5.6444,-8.5667,0.2472
28-Jan-1954,0,0.506,6.7556,-0.8556,0.258
29-Jan-1954,0,0.518,9.6222,-2.7056,0.2526
30-Jan-1954,0,0.531,9.2,-5.7556,0.2526
31-Jan-1954,0,0.545,9.3278,-5.6944,0.2365
01-Feb-1954,0,0.559,8.6333,-5.1278,0.2311
02-Feb-1954,0,0.574,9.2167,-5.9056,0.2311
03-Feb-1954,0,0.589,10.0333,-7.5833,0.2284
04-Feb-1954,0,0.606,9.3833,-7.8167,0.2284
05-Feb-1954,0,0.623,10.2556,-7.5444,0.2257
06-Feb-1954,0,0.641,10.0611,-6.5889,0.2257
07-Feb-1954,0,0.659,11.0556,-6.7222,0.2284
08-Feb-1954,0,0.678,11.1056,-7.0111,0.2311
09-Feb-1954,0,0.698,13.4056,-6.6667,0.2311
10-Feb-1954,0.09,0.718,10.6833,-5.1611,0.258
11-Feb-1954,0,0.739,9.6222,-1.4833,0.2902
12-Feb-1954,21.75,0.761,5.8389,0.3222,0.3198
13-Feb-1954,71.52,0.783,0.8222,-1.9444,0.3869
14-Feb-1954,7.99,0.806,0.2833,-5.0833,0.2956
15-Feb-1954,0.01,0.829,0.4944,-12.3611,0.258
16-Feb-1954,1.62,0.853,3.9,-8.0111,0.3198
17-Feb-1954,25.05,0.878,3.7556,-4.3444,0.3762
18-Feb-1954,2.6,0.903,-0.2944,-9.25,0.3251
19-Feb-1954,0,0.929,3.6778,-11.2,0.2902
20-Feb-1954,0,0.955,8.3667,-8.4778,0.3198
21-Feb-1954,0,0.982,11.3333,-5.7111,0.3493
22-Feb-1954,0,1.01,10.6667,-6.2333,0.3628
23-Feb-1954,0,1.038,12.6333,-5.3833,0.3762
24-Feb-1954,0,1.067,13.3722,-5.2778,0.4138
25-Feb-1954,0,1.096,13.6722,-4.6722,0.4407
26-Feb-1954,0,1.126,12.3444,-2.8278,0.4837
27-Feb-1954,0,1.156,8.5222,-6.7667,0.4702
28-Feb-1954,0,1.187,11.1944,-6.8944,0.4487
01-Mar-1954,0,1.218,8.7611,-6.2611,0.4702
02-Mar-1954,0,1.25,8.1889,-7.8667,0.4353
03-Mar-1954,0,1.282,10.35,-6.9444,0.4353
04-Mar-1954,0,1.315,10.7389,-5.2389,0.4272
05-Mar-1954,0,1.348,11.4722,-6.1611,0.4407
06-Mar-1954,0,1.382,11.8167,-2.9111,0.4702
07-Mar-1954,0.91,1.416,11.2056,-4.8444,0.4702
08-Mar-1954,27.46,1.451,10.9278,2.3611,0.9673
09-Mar-1954,31.72,1.486,6.8889,2.6889,5.7503
10-Mar-1954,21.03,1.521,1.9667,-5.1611,2.7677
11-Mar-1954,0.03,1.557,-4.4389,-10,1.6122
12-Mar-1954,0,1.593,-2.4444,-14.3167,1.1527
13-Mar-1954,0,1.629,0.9722,-12.9778,0.9646
14-Mar-1954,0,1.666,5.5611,-11.5833,0.884
15-Mar-1954,0,1.704,8.1222,-7.0167,0.8464
16-Mar-1954,9.14,1.741,2.5389,-4.4611,0.79
17-Mar-1954,2.12,1.779,-1.0611,-8.0833,0.7443
18-Mar-1954,0.35,1.818,0.7778,-12.2389,0.6664
19-Mar-1954,10.13,1.856,-0.1778,-6.9222,0.6556
20-Mar-1954,16.91,1.895,0.9278,-8.3667,0.6476
21-Mar-1954,1.22,1.935,1.9944,-10.0444,0.6234
22-Mar-1954,16.92,1.974,1.8944,-7.4,0.5831
23-Mar-1954,14.38,2.014,0.0944,-4.8444,0.5992
24-Mar-1954,10.18,2.054,-1.1778,-4.7333,0.5589
25-Mar-1954,0.29,2.094,2.3611,-10.2389,0.5293
26-Mar-1954,0,2.135,7.3,-9.2222,0.5428
27-Mar-1954,0,2.176,10.4833,-5.9056,0.6476
28-Mar-1954,0.01,2.217,9.8889,-5.1611,0.7336
29-Mar-1954,3.18,2.258,4.7944,-3.8111,0.7094
30-Mar-1954,1.4,2.299,2.75,-3.2778,0.6664
31-Mar-1954,0,2.341,7.35,-8.6889,0.6234
01-Apr-1954,0,2.382,10.3,-8.3111,0.6234
02-Apr-1954,0,2.424,11.9056,-4.9944,0.6476
03-Apr-1954,0,2.466,12.05,-0.6944,0.6986
04-Apr-1954,2.4,2.508,11.7111,-1.7944,0.8088
05-Apr-1954,3.85,2.551,8.7944,1.0722,1.0157
06-Apr-1954,2.61,2.593,7.4889,-0.6333,0.9243
07-Apr-1954,0,2.635,10.8333,-5.3333,0.8545
08-Apr-1954,0.19,2.678,10.2056,-0.4889,0.8948
09-Apr-1954,0,2.72,11.2944,-3.0389,0.884
10-Apr-1954,0.01,2.763,10.3667,-4.6556,0.9136
11-Apr-1954,0,2.806,14.4722,-3.3167,0.9351
12-Apr-1954,0,2.848,17.0056,-2.6389,1.0829
13-Apr-1954,0,2.891,16.9056,0.4,1.3113
14-Apr-1954,0,2.934,16.2056,-0.4833,1.7681
15-Apr-1954,0,2.977,18.2056,-0.4056,1.9615
16-Apr-1954,0,3.019,21.3222,0.3444,2.327
17-Apr-1954,0,3.062,21.7,1.8944,2.8214
18-Apr-1954,0,3.104,20.1278,1.8444,3.0364
19-Apr-1954,0,3.147,19.3889,0.1889,3.0901
20-Apr-1954,0,3.189,18.2333,-0.0556,2.9289
21-Apr-1954,0,3.232,19.1389,0.7444,2.9826
22-Apr-1954,0,3.274,20.9333,0.6611,3.1438
23-Apr-1954,1.75,3.316,19.6722,2.2833,3.4125
24-Apr-1954,2.93,3.358,16.6667,2.4278,3.3857
25-Apr-1954,0,3.4,14.1722,-0.5056,3.1976
26-Apr-1954,0.29,3.442,15.55,-0.3,3.0095
27-Apr-1954,10.27,3.483,10.4056,3.3333,3.0632
28-Apr-1954,0.42,3.525,9.7889,0.9333,2.421
29-Apr-1954,0.01,3.566,10.2889,-1.2,2.1577
30-Apr-1954,3.81,3.607,7.1722,-2.0722,1.9777
01-May-1954,0,3.648,6.6,-8.2,1.6633
02-May-1954,0,3.689,14.0222,-5.3722,1.6283
03-May-1954,0,3.729,16.8889,0.3833,2.0475
04-May-1954,0,3.769,19.2278,1.7722,2.5151
05-May-1954,0,3.809,20.4056,2.1167,2.9557
06-May-1954,0,3.848,21.4389,2.4167,3.2513
07-May-1954,0,3.888,22.7278,3.2333,3.4394
08-May-1954,0.24,3.927,21.1278,5.4333,3.9231
09-May-1954,4.42,3.965,14.9722,4.2889,3.8693
10-May-1954,0,4.004,16.5722,-0.6056,3.0095
11-May-1954,0,4.042,18.5722,0.7389,3.1438
12-May-1954,0,4.08,18.9611,0.5333,3.1438
13-May-1954,0,4.117,19.6167,1.1667,3.0364
14-May-1954,0,4.154,20.7389,2,3.1707
15-May-1954,0,4.191,19.9667,4.9,3.3051
16-May-1954,0,4.227,22.4722,4.0222,3.1707
17-May-1954,0,4.263,24.0111,6.2611,3.4932
18-May-1954,0,4.298,25.4833,7.1889,3.735
19-May-1954,0,4.333,25.2611,8.3722,4.0037
20-May-1954,0,4.368,21.8611,8.3111,4.0306
21-May-1954,0,4.402,15.9944,3.8,3.6006
22-May-1954,0,4.436,16.2944,-0.8889,2.7677
23-May-1954,0,4.469,20.6833,0.8167,2.4586
24-May-1954,0,4.502,19.5,5.2111,2.421
25-May-1954,0,4.535,16.2611,2.9667,2.2517
26-May-1954,0,4.566,16.7778,0.0111,2.0314
27-May-1954,0,4.598,17.2278,-0.6833,1.8917
28-May-1954,0,4.629,18.3333,1.3611,1.8729
29-May-1954,0,4.659,15.6167,4.9778,1.8917
30-May-1954,0,4.689,16.2722,1.0444,1.7842
31-May-1954,0,4.718,16.3944,1.0889,1.6122
01-Jun-1954,0,4.747,16.7667,0.3278,1.6633
02-Jun-1954,0,4.775,20.6,0.6056,1.6283
03-Jun-1954,0,4.803,19.0667,5.8222,1.7331
04-Jun-1954,0.9,4.83,13.1833,3.55,1.6982
05-Jun-1954,0.42,4.857,6.8389,-2.5833,1.4295
06-Jun-1954,0,4.883,11.9222,-6.05,1.2307
07-Jun-1954,0,4.908,14.2389,-2.0556,1.142
08-Jun-1954,9.99,4.933,9.2833,1.2167,1.1662
09-Jun-1954,6.63,4.957,4.9056,-1.9389,1.142
10-Jun-1954,0,4.981,10.1333,-2.95,1.0157
11-Jun-1954,0,5.004,15.95,-1.2222,1.0264
12-Jun-1954,4.6,5.026,12.4167,2.3278,1.0506
13-Jun-1954,0,5.048,14.1667,-1.4889,1.0936
14-Jun-1954,0,5.069,17.8667,3.0444,1.005
15-Jun-1954,0.21,5.089,17.2833,4.6889,1.0721
16-Jun-1954,0,5.109,17.9833,3.1944,1.0936
17-Jun-1954,0,5.128,17.5722,0.5833,1.1796
18-Jun-1954,0,5.147,19.9833,0.4111,1.1071
19-Jun-1954,0,5.165,21.8222,2.7333,1.1178
20-Jun-1954,0,5.182,25.7611,5.6111,1.1796
21-Jun-1954,0,5.198,28.8389,7.6167,1.2844
22-Jun-1954,0,5.214,29.1167,9.9,1.2844
23-Jun-1954,0,5.229,27.4944,10.9222,1.2172
24-Jun-1954,0,5.244,26.1333,8.75,1.1662
25-Jun-1954,0,5.258,25.2222,5.95,1.0829
26-Jun-1954,0,5.271,21.7778,7.0556,0.9754
27-Jun-1954,0,5.283,19.0278,2.1778,0.8948
28-Jun-1954,0,5.295,20.6111,2.05,0.8464
29-Jun-1954,0,5.306,24.0056,4.7444,0.8088
30-Jun-1954,0,5.316,21.0444,10.1667,0.7174
01-Jul-1954,0,5.325,21.4556,2.8278,0.6986
02-Jul-1954,0,5.334,24.1278,4.9889,0.6476
03-Jul-1954,0,5.342,25.5278,6.2722,0.6073
04-Jul-1954,0.33,5.35,24.8833,8.7444,0.575
05-Jul-1954,0,5.356,24.1389,6.5667,0.5374
06-Jul-1954,0,5.362,23.15,7.4889,0.4998
07-Jul-1954,0,5.367,23.0389,10.4889,0.4702
08-Jul-1954,0,5.372,22.8389,6.95,0.4756
09-Jul-1954,0,5.376,23.6167,7.5056,0.4756
10-Jul-1954,0,5.379,24.6111,6.9278,0.4407
11-Jul-1954,0,5.381,27.1278,7.3611,0.4756
12-Jul-1954,0,5.382,28.0278,7.7556,0.4756
13-Jul-1954,0.19,5.383,26.9778,10.0667,0.4622
14-Jul-1954,0.31,5.383,25.6167,13.3944,0.5052
15-Jul-1954,0.07,5.383,24.8722,12.0778,0.4998
16-Jul-1954,0,5.381,25.8389,9.9389,0.4756
17-Jul-1954,0,5.379,26.1,10.3944,0.4568
18-Jul-1954,0,5.376,25.2611,9.7056,0.4407
19-Jul-1954,0,5.373,24.1889,10.2111,0.4219
20-Jul-1954,0,5.368,22.8778,6.9944,0.4084
21-Jul-1954,0,5.363,22.3611,5.6333,0.3681
22-Jul-1954,0,5.358,23.2944,5.1056,0.4084
23-Jul-1954,0,5.351,26.0056,6.4611,0.395
24-Jul-1954,0.16,5.344,25.4389,9.7222,0.4084
25-Jul-1954,3.22,5.336,22.6944,11.5889,0.4917
26-Jul-1954,4.66,5.327,23.1611,8.0944,0.4756
27-Jul-1954,0,5.318,25.7722,8.3833,0.4219
28-Jul-1954,0,5.308,26.8333,8.9889,0.3386
29-Jul-1954,0,5.297,25.65,8.7778,0.2902
30-Jul-1954,0,5.286,26.9167,7.3611,0.2633
31-Jul-1954,0,5.273,27.9611,8.9667,0.2472
01-Aug-1954,0,5.26,29.0611,9.6722,0.2365
02-Aug-1954,0,5.247,27.8611,10.6056,0.2633
03-Aug-1954,0,5.232,25.2667,8.8556,0.2687
04-Aug-1954,0,5.217,21.9111,6.5,0.258
05-Aug-1954,0,5.202,20.45,2.6333,0.2526
06-Aug-1954,0,5.185,21.9667,2.9611,0.309
07-Aug-1954,0,5.168,25.5111,4.7778,0.3386
08-Aug-1954,0,5.151,25.7556,6.7111,0.3251
09-Aug-1954,0,5.132,24.7833,7.0611,0.309
10-Aug-1954,0,5.113,24.5056,6.2667,0.2848
11-Aug-1954,0,5.094,23.5833,7.9111,0.258
12-Aug-1954,0,5.073,21.9833,5.7222,0.2365
13-Aug-1954,0,5.052,20.0611,6.0056,0.2257
14-Aug-1954,0,5.031,17.7556,4.6778,0.2257
15-Aug-1954,0,5.009,17.9111,1.5111,0.2311
16-Aug-1954,0,4.986,19.8222,0.95,0.2795
17-Aug-1954,0,4.962,20.5056,1.9333,0.2741
18-Aug-1954,0,4.938,23.5167,3.1111,0.2687
19-Aug-1954,0,4.913,20.9889,5.7278,0.258
20-Aug-1954,0,4.888,19.4611,4.6722,0.2472
21-Aug-1954,0,4.862,19.7167,1.7389,0.2418
22-Aug-1954,0,4.836,22.5556,3.3667,0.2257
23-Aug-1954,0,4.809,23.55,5.6722,0.1988
24-Aug-1954,0,4.781,20.4556,7.9556,0.1827
25-Aug-1954,0,4.753,15.45,6.0389,0.1827
26-Aug-1954,0.06,4.724,16.0722,2.4333,0.2123
27-Aug-1954,0,4.695,17.6722,1.4167,0.2365
28-Aug-1954,0,4.665,21.3722,3.8278,0.2069
29-Aug-1954,0,4.635,23.9944,8.0444,0.1881
30-Aug-1954,0,4.604,24.25,8.4778,0.18
31-Aug-1954,0,4.573,25.8056,5.4833,0.1693
01-Sep-1954,0,4.541,27.1944,7.9333,0.2069
02-Sep-1954,0,4.509,25.0056,8.6222,0.2015
03-Sep-1954,0,4.476,22.25,9.5222,0.1693
04-Sep-1954,0,4.443,21.2667,3.8444,0.1612
05-Sep-1954,0,4.409,21.0333,1.9778,0.1666
06-Sep-1954,0,4.375,21.9611,2.3833,0.1693
07-Sep-1954,0,4.341,19.8333,6.4611,0.18
08-Sep-1954,0,4.306,21.5889,1.8667,0.1827
09-Sep-1954,0,4.27,24.8333,3.7444,0.1747
10-Sep-1954,0,4.235,21.3722,8.3611,0.1612
11-Sep-1954,0,4.198,18.5389,6.4111,0.1263
12-Sep-1954,0,4.162,18.8222,1.2556,0.1102
13-Sep-1954,0,4.125,20.5611,1.2444,0.1182
14-Sep-1954,0.08,4.088,19.8056,1.5,0.1182
15-Sep-1954,0,4.05,17.3556,0.4667,0.1182
16-Sep-1954,0,4.012,16.55,-0.0278,0.1182
17-Sep-1954,0,3.974,17,0.2111,0.1182
18-Sep-1954,0,3.935,18.8722,-0.9778,0.1182
19-Sep-1954,0,3.896,21.7167,-0.4722,0.1182
20-Sep-1954,0,3.857,22.9667,1.0444,0.1236
21-Sep-1954,0,3.817,23.3833,3.4944,0.1236
22-Sep-1954,0,3.777,19.0833,5.7889,0.1236
23-Sep-1954,0,3.737,17.5833,2.3611,0.1236
24-Sep-1954,0,3.697,19.7889,1.9444,0.1263
25-Sep-1954,0,3.656,22.1167,3.5444,0.129
26-Sep-1954,0,3.616,23.2722,3.9667,0.1263
27-Sep-1954,0,3.575,24.3889,4.0389,0.1263
28-Sep-1954,0,3.534,21.6889,7.6,0.1236
29-Sep-1954,0,3.492,15.8278,-1.0167,0.1182
30-Sep-1954,0,3.451,16.7167,-2.7944,0.1236
01-Oct-1954,0,3.409,16.5778,-1.3778,0.1263
02-Oct-1954,0,3.367,16.5667,-0.4278,0.1263
03-Oct-1954,0,3.325,16.35,-0.8778,0.129
04-Oct-1954,0,3.283,17.5111,0.0944,0.129
05-Oct-1954,0,3.241,18.0389,-0.4667,0.129
06-Oct-1954,0,3.198,17.6889,1.5167,0.129
07-Oct-1954,0.01,3.156,16.6389,2.8,0.129
08-Oct-1954,0,3.113,15.4778,2.2556,0.1344
09-Oct-1954,0,3.071,16.2833,-0.0611,0.1344
10-Oct-1954,0,3.028,19.2,-0.1,0.1344
11-Oct-1954,0,2.986,20.45,1.9111,0.1344
12-Oct-1954,0,2.943,19.0389,3.3611,0.129
13-Oct-1954,0,2.9,16.4889,3.9,0.129
14-Oct-1954,0,2.857,17.8056,1.3222,0.129
15-Oct-1954,0,2.815,20.7056,1.45,0.1344
16-Oct-1954,0,2.772,20.1333,3.8889,0.1344
17-Oct-1954,0,2.729,18.1722,3.2,0.129
18-Oct-1954,0,2.687,19.1278,-0.0778,0.1344
19-Oct-1954,0.01,2.644,15.9833,4.9667,0.129
20-Oct-1954,0,2.602,16.9111,-0.1778,0.129
21-Oct-1954,0,2.56,20.25,0.05,0.1344
22-Oct-1954,0,2.517,18.8667,1.5167,0.1344
23-Oct-1954,1.04,2.475,11.8167,-0.2222,0.1505
24-Oct-1954,0,2.433,4.0111,-8.2167,0.1397
25-Oct-1954,0,2.391,7.8,-8.4556,0.129
26-Oct-1954,0,2.349,5.9944,-6.5889,0.1344
27-Oct-1954,0,2.308,9.7833,-6.7833,0.1344
28-Oct-1954,0,2.266,11.9944,-6.0333,0.1344
29-Oct-1954,0,2.225,13.7611,-4.1,0.1397
30-Oct-1954,0,2.184,14,-3.6111,0.1424
31-Oct-1954,0,2.143,13.65,-3.9778,0.1424
01-Nov-1954,0,2.103,13.1667,-5.0444,0.1424
02-Nov-1954,0,2.062,13.6667,-5.1056,0.1397
03-Nov-1954,0,2.022,13.1778,-3.8944,0.1478
04-Nov-1954,0,1.982,14.1667,-4.3667,0.1478
05-Nov-1954,0,1.943,14.6278,-4.5944,0.1424
06-Nov-1954,0,1.904,13.65,-5.1667,0.1424
07-Nov-1954,0,1.865,12.6833,-2.9889,0.1397
08-Nov-1954,1.09,1.826,10.7056,-0.8722,0.1424
09-Nov-1954,0.03,1.787,12.9,1.3944,0.1478
10-Nov-1954,0,1.749,10.2,-2.2444,0.1505
11-Nov-1954,13.35,1.712,10.0278,0.8667,0.1505
12-Nov-1954,0.53,1.674,7.0167,-2.75,0.18
13-Nov-1954,0,1.637,9.6389,-6.7556,0.1666
14-Nov-1954,7.21,1.601,9.9222,-5.0722,0.1612
15-Nov-1954,86,1.564,4.4167,-0.2556,0.3359
16-Nov-1954,0.18,1.528,4.7944,-2.5167,0.4219
17-Nov-1954,0,1.493,8.2944,-5.9056,0.2311
18-Nov-1954,0,1.458,11.2833,-6.1278,0.2177
19-Nov-1954,0,1.423,10.7722,-5.3111,0.1988
20-Nov-1954,0,1.389,11.0389,-4.7278,0.1988
21-Nov-1954,0,1.355,11.7222,-3.9,0.1935
22-Nov-1954,0,1.322,13.6778,-3.7,0.1881
23-Nov-1954,0,1.289,14.1889,-3.6167,0.1988
24-Nov-1954,0,1.257,14.0278,-3.1722,0.1988
25-Nov-1954,0,1.225,14.3833,-4.6556,0.1988
26-Nov-1954,0,1.193,12.0556,-3.6833,0.1935
27-Nov-1954,0,1.163,11.7889,-3.7222,0.1935
28-Nov-1954,0,1.132,6.5333,-5.9444,0.1935
29-Nov-1954,1.36,1.102,-1.1333,-7.1611,0.1881
30-Nov-1954,0,1.073,-1.5278,-13.7278,0.1558
01-Dec-1954,5.37,1.044,2.3667,-11.1,0.1424
02-Dec-1954,36.94,1.016,3.5389,-4.5111,0.2418
03-Dec-1954,18.84,0.988,2.8833,-1.6667,0.4702
04-Dec-1954,2.85,0.961,5.3722,-2.5333,0.3305
05-Dec-1954,0.28,0.935,6.1778,-7.5722,0.2418
06-Dec-1954,13,0.909,4.6889,-2.6111,0.2526
07-Dec-1954,0.12,0.883,2.4444,-4.4778,0.258
08-Dec-1954,0.74,0.858,4.1167,-10.4556,0.1988
09-Dec-1954,18.21,0.834,4.1667,-7.1944,0.2257
10-Dec-1954,0.73,0.811,1.6667,-5.4889,0.2365
11-Dec-1954,0,0.788,0.7611,-10.7389,0.1881
12-Dec-1954,0,0.765,2.6222,-10.8222,0.2015
13-Dec-1954,0.19,0.743,6.95,-6.6222,0.2418
14-Dec-1954,0,0.722,4.8611,-8.65,0.1935
15-Dec-1954,0,0.702,7.8556,-5.8833,0.2257
16-Dec-1954,0,0.682,3.9833,-8.8889,0.2015
17-Dec-1954,0,0.663,3.4222,-9.3,0.1881
18-Dec-1954,0,0.644,4.4778,-9.8111,0.1773
19-Dec-1954,0,0.627,6.3611,-9.9722,0.172
20-Dec-1954,0,0.609,6.3556,-9.9444,0.1666
21-Dec-1954,0,0.593,5.95,-10.8889,0.1612
22-Dec-1954,0,0.577,6.6111,-9.1333,0.1639
23-Dec-1954,0,0.562,10.3389,-8.4944,0.1747
24-Dec-1954,0,0.547,7.4056,-5.0333,0.2015
25-Dec-1954,0,0.534,1.7444,-11.4722,0.1612
26-Dec-1954,0,0.521,-2.8611,-13.7556,0.1505
27-Dec-1954,0,0.508,-2.8889,-15.3944,0.1397
28-Dec-1954,0.12,0.497,0.4444,-13.5667,0.1451
29-Dec-1954,0.39,0.486,1.5556,-11.0833,0.1612
30-Dec-1954,3.48,0.475,2.45,-8.1611,0.1881
31-Dec-1954,7.45,0.466,5.1222,-1.4833,0.2284
01-Jan-1955,43.1,0.44,3.0111,-2.9833,0.2553
02-Jan-1955,3.62,0.442,-1.9333,-8.2056,0.2015
03-Jan-1955,0.55,0.435,-2.6444,-11.0389,0.1666
04-Jan-1955,2.5,0.429,-2.3722,-13.7,0.1612
05-Jan-1955,1.81,0.424,-2.1778,-11.7056,0.1558
06-Jan-1955,3.39,0.419,-4.8222,-9.9444,0.1505
07-Jan-1955,0,0.416,-5.4167,-13.8222,0.1478
08-Jan-1955,0.09,0.413,-1.9722,-13.8389,0.1451
09-Jan-1955,3.59,0.41,-0.65,-12.8389,0.1397
10-Jan-1955,8.23,0.409,-3.1167,-10,0.1451
11-Jan-1955,0,0.408,-1.0889,-13.6333,0.1612
12-Jan-1955,0,0.408,0.8333,-13.1611,0.1881
13-Jan-1955,0,0.409,2.8333,-11.4278,0.2418
14-Jan-1955,0.05,0.41,1.2889,-11.95,0.2526
15-Jan-1955,11.95,0.412,2.9778,-10.5,0.2526
16-Jan-1955,3.15,0.415,-0.5611,-7.1667,0.2472
17-Jan-1955,1.43,0.419,-1.8778,-14.0833,0.2365
18-Jan-1955,20.57,0.423,-2.8333,-10.6667,0.2203
19-Jan-1955,0.75,0.428,-1.9389,-11.6167,0.2042
20-Jan-1955,0,0.434,-0.4944,-13.8,0.1988
21-Jan-1955,0,0.44,-0.2667,-11.5278,0.2042
22-Jan-1955,0,0.447,2.45,-11.3056,0.215
23-Jan-1955,0,0.455,5.5333,-10.0833,0.223
24-Jan-1955,0,0.464,5.8333,-8.9389,0.2311
25-Jan-1955,0,0.473,6.5833,-8.4722,0.2418
26-Jan-1955,0,0.483,3.95,-8.4056,0.2418
27-Jan-1955,0,0.494,3.8556,-10.3722,0.2203
28-Jan-1955,0,0.506,5.1667,-10.45,0.1881
29-Jan-1955,0.08,0.518,4.4667,-8.5389,0.1881
30-Jan-1955,0.35,0.531,4.7556,-5.5833,0.2015
31-Jan-1955,2.61,0.545,4.7278,-6.7722,0.215
01-Feb-1955,4.25,0.559,0.2111,-6.7,0.2257
02-Feb-1955,0,0.574,-4.2111,-11.7667,0.2123
03-Feb-1955,0.03,0.589,-4.9333,-12.8444,0.2042
04-Feb-1955,0,0.606,0.0611,-14.5722,0.1935
05-Feb-1955,0,0.623,4.1667,-9.3389,0.2015
06-Feb-1955,0,0.641,3.8778,-11.4444,0.215
07-Feb-1955,0,0.659,6.75,-10.8556,0.223
08-Feb-1955,0,0.678,9.6056,-9.4278,0.223
09-Feb-1955,0,0.698,8.6944,-6.7056,0.2311
10-Feb-1955,0,0.718,4.9556,-10.8111,0.223
11-Feb-1955,0,0.739,5.3056,-10.1111,0.223
12-Feb-1955,0,0.761,9.2722,-7.3,0.2472
13-Feb-1955,0,0.783,9.2889,-7.8,0.2418
14-Feb-1955,0.13,0.806,9.1056,-3.1944,0.2687
15-Feb-1955,0.37,0.829,11.5389,-3.8611,0.2795
16-Feb-1955,19.14,0.853,8.1111,-2.1389,0.3439
17-Feb-1955,3.09,0.878,4.9944,-1.8111,0.5428
18-Feb-1955,0,0.903,0.3389,-11.2056,0.3869
19-Feb-1955,0,0.929,-1.4333,-13.5333,0.2418
20-Feb-1955,0,0.955,-0.9778,-12.8889,0.2418
21-Feb-1955,0,0.982,2.1333,-12.6444,0.2365
22-Feb-1955,0,1.01,4.2611,-9.7111,0.2365
23-Feb-1955,0,1.038,3.7611,-11.8444,0.2418
24-Feb-1955,0,1.067,6.1167,-10.4556,0.2418
25-Feb-1955,0.34,1.096,3.3389,-7.0833,0.2418
26-Feb-1955,8.96,1.126,-1.3667,-7.0722,0.2418
27-Feb-1955,21.49,1.156,-3.6667,-7.0889,0.2311
28-Feb-1955,0.01,1.187,2.2,-13.4889,0.1935
01-Mar-1955,0,1.218,6.5667,-11.0778,0.2526
02-Mar-1955,0,1.25,6.2,-8.9056,0.2741
03-Mar-1955,0,1.282,6.2333,-7.8222,0.2795
04-Mar-1955,0,1.315,3.6611,-8.9056,0.2633
05-Mar-1955,0,1.348,1.3944,-11.7167,0.258
06-Mar-1955,0,1.382,6.7444,-12.3889,0.2257
07-Mar-1955,0,1.416,11.4278,-8.7556,0.2633
08-Mar-1955,0.01,1.451,12.0556,-6.2722,0.2956
09-Mar-1955,9.7,1.486,8.0389,-2.2944,0.3305
10-Mar-1955,0.63,1.521,7.3944,-3.7389,0.3547
11-Mar-1955,0.36,1.557,7.2056,-0.9444,0.3628
12-Mar-1955,0,1.593,6.9889,-2.4056,0.3869
13-Mar-1955,0,1.629,6.9833,-2.5389,0.3681
14-Mar-1955,0,1.666,3.2778,-6.3556,0.3386
15-Mar-1955,0.16,1.704,-0.9389,-10.5611,0.2848
16-Mar-1955,0,1.741,2.8556,-11.8,0.2633
17-Mar-1955,0,1.779,5.0722,-11.1778,0.2741
18-Mar-1955,0,1.818,8.7111,-9.7944,0.2848
19-Mar-1955,0,1.856,7.9,-8.6889,0.309
20-Mar-1955,0,1.895,1.5611,-12.95,0.2795
21-Mar-1955,0,1.935,7.1167,-11.2944,0.258
22-Mar-1955,0,1.974,8.7889,-5.6722,0.309
23-Mar-1955,0,2.014,10.5333,-6.7056,0.3009
24-Mar-1955,0,2.054,12.9444,-4.5722,0.3439
25-Mar-1955,0,2.094,13.2722,-3.5833,0.4004
26-Mar-1955,0,2.135,11.1778,-2.3167,0.4272
27-Mar-1955,4.51,2.176,9.2778,-0.7278,0.4622
28-Mar-1955,2.57,2.217,9.9333,1.1889,0.5132
29-Mar-1955,3.65,2.258,7.1333,0.6278,0.5374
30-Mar-1955,0.14,2.299,6.15,-8.1722,0.4622
31-Mar-1955,0,2.341,12.6833,-6.6278,0.4353
01-Apr-1955,0.86,2.382,11.3667,-0.2056,0.5132
02-Apr-1955,0,2.424,3.1056,-8.9556,0.5132
03-Apr-1955,2.51,2.466,3.7056,-11.3167,0.4353
04-Apr-1955,4.05,2.508,1.4,-7.7389,0.4702
05-Apr-1955,0,2.551,6.15,-8.9833,0.4084
06-Apr-1955,0,2.593,9.9444,-6.8222,0.4407
07-Apr-1955,0,2.635,12.0222,-5.0222,0.4568
08-Apr-1955,0.03,2.678,14.4056,-3.3944,0.5052
09-Apr-1955,0.4,2.72,14.7778,-2.0667,0.6315
10-Apr-1955,0.14,2.763,10.0389,0.1167,0.7631
11-Apr-1955,0,2.806,8.6333,-8.0833,0.6744
12-Apr-1955,0,2.848,13.5389,-4.7833,0.6664
13-Apr-1955,0,2.891,10.9,-1.3111,0.7631
14-Apr-1955,0,2.934,9.4667,0.7611,0.7255
15-Apr-1955,0,2.977,10.8444,-3.5944,0.7174
16-Apr-1955,0,3.019,10.9833,-3.0889,0.7981
17-Apr-1955,7.38,3.062,6.5111,-0.8333,0.8464
18-Apr-1955,2.6,3.104,-0.4444,-8.7944,0.7174
19-Apr-1955,7.84,3.147,3.9222,-8.3833,0.6476
20-Apr-1955,16.27,3.189,5.4389,-1.9333,0.6556
21-Apr-1955,25.15,3.232,5.1389,-0.7056,0.6153
22-Apr-1955,0.15,3.274,8.45,-2.25,0.6073
23-Apr-1955,0,3.316,13.7722,-4.7944,0.5831
24-Apr-1955,0.16,3.358,12.2,-2.9444,0.6986
25-Apr-1955,16.21,3.4,7.6,-1.1333,0.8088
26-Apr-1955,10.56,3.442,0.7056,-7.7833,0.7174
27-Apr-1955,0,3.483,7.85,-11.3611,0.6906
28-Apr-1955,0,3.525,10.2111,-4.5722,0.8357
29-Apr-1955,0.05,3.566,8.9667,-2.5333,0.7712
30-Apr-1955,6.18,3.607,6.2667,-2.6556,0.7336
01-May-1955,4.28,3.648,5.2611,-2.1278,0.7094
02-May-1955,0.08,3.689,6.9111,-3.6167,0.6744
03-May-1955,0,3.729,9.6056,-5.4222,0.6825
04-May-1955,0,3.769,13.8111,-2.6056,0.7443
05-May-1955,0.54,3.809,17.6667,-1.2778,0.9539
06-May-1955,0.29,3.848,17.8778,0.6278,1.3973
07-May-1955,19.41,3.888,13.0611,1.3833,1.9615
08-May-1955,3.33,3.927,11.5722,0.8722,1.6283
09-May-1955,0,3.965,13.5778,-0.4778,1.6982
10-May-1955,0,4.004,17.9944,-1.0444,2.0636
11-May-1955,0,4.042,18.8778,1.1778,2.4775
12-May-1955,0,4.08,17.4722,2.6833,2.7408
13-May-1955,0.37,4.117,13.1444,3.2333,2.8214
14-May-1955,7.21,4.154,5.9778,-4.1444,2.3834
15-May-1955,0.54,4.191,4.9556,-5.1,1.7143
16-May-1955,0.04,4.227,8.4667,-4.2778,1.3973
17-May-1955,0.02,4.263,11.1111,-1.8944,1.4134
18-May-1955,0,4.298,15.0667,-1.2722,1.803
19-May-1955,0,4.333,18.9833,1.4833,2.327
20-May-1955,0,4.368,22.4556,2.6611,2.8483
21-May-1955,0.25,4.402,21.7944,4.6167,3.3319
22-May-1955,0,4.436,19.5222,2.1,3.4663
23-May-1955,0,4.469,16.9278,2.9167,3.52
24-May-1955,7.21,4.502,12.8111,1.9944,3.3319
25-May-1955,0,4.535,12.0056,-3.5167,2.5527
26-May-1955,0,4.566,14.1722,-0.7722,2.3834
27-May-1955,0,4.598,16.3944,-0.9167,2.5151
28-May-1955,0,4.629,20.0667,1.5944,2.7408
29-May-1955,0,4.659,20.45,3.5667,3.1976
30-May-1955,0,4.689,17.5333,5.7278,3.4932
31-May-1955,12.14,4.718,9.1056,-2.5778,3.0632
01-Jun-1955,0.04,4.747,9.5889,-5.5389,2.2329
02-Jun-1955,0,4.775,14.5556,-1.6389,1.9239
03-Jun-1955,0.14,4.803,17.1833,1.3889,2.0314
04-Jun-1955,0,4.83,19.0889,5.95,2.3646
05-Jun-1955,0,4.857,22.8111,5.8222,3.0632
06-Jun-1955,0,4.883,24.75,6.0611,3.4125
07-Jun-1955,0.54,4.908,26.6667,8.6111,3.735
08-Jun-1955,0,4.933,28.2278,9.2333,3.9231
09-Jun-1955,18.31,4.957,27.7667,10.0444,4.0037
10-Jun-1955,0.02,4.981,23.3778,8.7,3.9768
11-Jun-1955,0.12,5.004,21.55,5.1389,3.3051
12-Jun-1955,0.09,5.026,20.2667,5.8889,2.7677
13-Jun-1955,4.05,5.048,17.9056,4.3778,2.5715
14-Jun-1955,0,5.069,15.1,5.85,2.3646
15-Jun-1955,0,5.089,14.1,3,2.1201
16-Jun-1955,0,5.109,16.5611,0.3667,1.8218
17-Jun-1955,0,5.128,18.4556,2.0111,1.7143
18-Jun-1955,0,5.147,20.5389,2.2333,1.6122
19-Jun-1955,0,5.165,22.4722,3.7278,1.5585
20-Jun-1955,0,5.182,23.3944,3.9222,1.5585
21-Jun-1955,0,5.198,23.1778,5.1389,1.4295
22-Jun-1955,0,5.214,21.0778,5.2889,1.3274
23-Jun-1955,0,5.229,18.5944,5.4333,1.2683
24-Jun-1955,0,5.244,17.1944,-0.7056,1.1178
25-Jun-1955,0,5.258,18.0778,4.7944,1.0264
26-Jun-1955,0,5.271,18.4944,3.4556,0.9754
27-Jun-1955,0,5.283,20.3944,2.5778,0.9243
28-Jun-1955,0,5.295,18.4611,4.0944,0.8948
29-Jun-1955,0,5.306,17.2667,0.05,0.8652
30-Jun-1955,0,5.316,18.9389,1.1667,0.8169
01-Jul-1955,0,5.325,20.4611,3.1,0.7336
02-Jul-1955,0,5.334,19.0667,2.7333,0.7094
03-Jul-1955,0,5.342,16.5667,4.4389,0.6906
04-Jul-1955,0,5.35,15.7778,3.1389,0.6556
05-Jul-1955,0,5.356,17.8167,0.0333,0.6234
06-Jul-1955,0,5.362,18.6778,-0.1444,0.575
07-Jul-1955,0,5.367,19.7,2.5444,0.5428
08-Jul-1955,0,5.372,19.5611,3.6778,0.5374
09-Jul-1955,0,5.376,18.1667,7.6667,0.5213
10-Jul-1955,0.09,5.379,18.4556,5.0778,0.4998
11-Jul-1955,0,5.381,21.6611,6.3,0.4837
12-Jul-1955,0,5.382,24.7778,6.5111,0.4568
13-Jul-1955,16.53,5.383,26.9222,9.2889,0.4272
14-Jul-1955,1.86,5.383,26.8444,10.4333,0.532
15-Jul-1955,0,5.383,25.7722,13.1,0.9378
16-Jul-1955,0.12,5.381,24.4944,12.2278,0.5992
17-Jul-1955,0,5.379,25.1944,6.8,0.5213
18-Jul-1955,0,5.376,26.2167,7.6611,0.4837
19-Jul-1955,0,5.373,26.5833,8.6667,0.4353
20-Jul-1955,6.9,5.368,26.1333,11.4556,0.4407
21-Jul-1955,0.89,5.363,24.4722,11.6444,0.4622
22-Jul-1955,1.24,5.358,24.9667,9.6111,0.5052
23-Jul-1955,0,5.351,25.7111,10.3889,0.5213
24-Jul-1955,0,5.344,25.5278,8.1722,0.3628
25-Jul-1955,0,5.336,23.9389,6.2556,0.3144
26-Jul-1955,0.03,5.327,22.4889,4.7667,0.2795
27-Jul-1955,0,5.318,22.1889,4.8222,0.2902
28-Jul-1955,0,5.308,22.3889,5.2056,0.2956
29-Jul-1955,0,5.297,24.2222,5.3833,0.3144
30-Jul-1955,0,5.286,25.6333,7.4278,0.3305
31-Jul-1955,0,5.273,26.1389,8.5278,0.3547
01-Aug-1955,0,5.26,27.85,8.45,0.3547
02-Aug-1955,0.44,5.247,29.4111,9.3056,0.3439
03-Aug-1955,0.35,5.232,28.9611,10.9944,0.3439
04-Aug-1955,0,5.217,27.7278,11.5167,0.3305
05-Aug-1955,0,5.202,26.4222,11.2278,0.3251
06-Aug-1955,1.4,5.185,25.7389,13.3444,0.3305
07-Aug-1955,0,5.168,26.7944,10.1778,0.3386
08-Aug-1955,0,5.151,26.95,10.4222,0.309
09-Aug-1955,0,5.132,27.7667,7.95,0.2741
10-Aug-1955,0,5.113,27.7556,8.0611,0.2795
11-Aug-1955,0,5.094,28.6222,6.9778,0.258
12-Aug-1955,0,5.073,27.4444,9.4111,0.2956
13-Aug-1955,0,5.052,24.9,6.9667,0.2848
14-Aug-1955,0,5.031,25.3444,6.05,0.2687
15-Aug-1955,0,5.009,24.9944,7.1444,0.258
16-Aug-1955,0,4.986,25.1333,9.6389,0.2526
17-Aug-1955,0,4.962,25.45,6.8722,0.2526
18-Aug-1955,0,4.938,25.6722,8.4056,0.2472
19-Aug-1955,0,4.913,27.0722,7.9056,0.2069
20-Aug-1955,0,4.888,27.2833,8.7056,0.1935
21-Aug-1955,0.05,4.862,27.2611,9.3722,0.1988
22-Aug-1955,0,4.836,27.9,8.4278,0.1935
23-Aug-1955,0,4.809,27.0444,8.4667,0.1827
24-Aug-1955,0,4.781,24.5833,10.0889,0.1881
25-Aug-1955,0,4.753,23.3722,6.5556,0.1747
26-Aug-1955,0,4.724,23.7889,3.3722,0.1666
27-Aug-1955,0,4.695,24.5,4.5722,0.1666
28-Aug-1955,0,4.665,26.05,5.45,0.1558
29-Aug-1955,0,4.635,27.8556,4.0278,0.1747
30-Aug-1955,0,4.604,29.1444,6.4722,0.18
31-Aug-1955,0,4.573,29.3056,7.9667,0.1693
01-Sep-1955,0,4.541,30.7556,10.0056,0.1666
02-Sep-1955,0,4.509,30.3333,10.9167,0.1612
03-Sep-1955,0,4.476,30.3389,10.1722,0.1505
04-Sep-1955,0,4.443,30.55,11.0222,0.1344
05-Sep-1955,0,4.409,30.0333,11.4222,0.1129
06-Sep-1955,0,4.375,29.3278,10.6167,0.1182
07-Sep-1955,0,4.341,26.8444,10.6833,0.1236
08-Sep-1955,0,4.306,25.4778,7.2556,0.1182
09-Sep-1955,0,4.27,25.1,4.7278,0.1344
10-Sep-1955,0,4.235,26.85,6.0167,0.129
11-Sep-1955,0,4.198,26.9778,6.9944,0.129
12-Sep-1955,0,4.162,25.3278,8.0389,0.129
13-Sep-1955,0,4.125,23.4778,7.4944,0.1129
14-Sep-1955,0.25,4.088,19.2111,6.3944,0.094
15-Sep-1955,0,4.05,17.4944,7.15,0.094
16-Sep-1955,0,4.012,16.5722,3.8556,0.0967
17-Sep-1955,10.84,3.974,13.3389,2.8,0.1102
18-Sep-1955,20.47,3.935,9.8,0.5667,0.1747
19-Sep-1955,0.48,3.896,12.4333,2.1222,0.2015
20-Sep-1955,0.22,3.857,17.9278,1.5833,0.1827
21-Sep-1955,0.02,3.817,17.8722,2.0722,0.1693
22-Sep-1955,0.23,3.777,18.7556,2.0722,0.1612
23-Sep-1955,4.89,3.737,18.2833,2.4222,0.1478
24-Sep-1955,0.02,3.697,14.7667,1.3778,0.1747
25-Sep-1955,0.02,3.656,13.8778,0.7167,0.1558
26-Sep-1955,0,3.616,17.8667,-0.8444,0.1424
27-Sep-1955,0,3.575,19.5722,1.5,0.1424
28-Sep-1955,0,3.534,18.6056,4.4056,0.1344
29-Sep-1955,0,3.492,18.7111,0.35,0.1344
30-Sep-1955,0,3.451,19.1333,1.1056,0.129
01-Oct-1955,0,3.409,20.4278,1.8944,0.129
02-Oct-1955,0,3.367,20.9,2.3556,0.1263
03-Oct-1955,0,3.325,19.4,2.7333,0.1236
04-Oct-1955,0,3.283,16.8111,1.3222,0.1182
05-Oct-1955,0,3.241,14.7111,-0.6778,0.1182
06-Oct-1955,0,3.198,16.4278,-0.3833,0.1236
07-Oct-1955,0,3.156,18.6056,1.7889,0.1236
08-Oct-1955,0,3.113,19.0778,4.9444,0.1236
09-Oct-1955,0,3.071,20.0333,4.4222,0.1182
10-Oct-1955,0.56,3.028,16.1333,4.8167,0.1129
11-Oct-1955,0,2.986,15.7167,0.3333,0.1182
12-Oct-1955,0,2.943,18.8556,3.2389,0.129
13-Oct-1955,0.02,2.9,20.5778,4.0833,0.129
14-Oct-1955,0.18,2.857,20.8333,4.6389,0.1263
15-Oct-1955,0,2.815,19.65,3.7667,0.1344
16-Oct-1955,0,2.772,19.0056,4.3944,0.1424
17-Oct-1955,0,2.729,18.9944,3.5333,0.1344
18-Oct-1955,0.02,2.687,17.8611,5.6389,0.129
19-Oct-1955,2.55,2.644,13.2333,4.9111,0.1344
20-Oct-1955,0.05,2.602,12.5556,0.6056,0.1478
21-Oct-1955,0,2.56,13.4667,-1.0722,0.1424
22-Oct-1955,0,2.517,13.85,-0.6611,0.1344
23-Oct-1955,0,2.475,15.3778,-0.4722,0.1344
24-Oct-1955,0,2.433,16.8333,-2.35,0.1344
25-Oct-1955,0,2.391,15.7722,-0.5444,0.1344
26-Oct-1955,1.55,2.349,10.4111,2.6,0.1344
27-Oct-1955,0,2.308,10.7333,-5.2833,0.1424
28-Oct-1955,0,2.266,16.4167,-2.0667,0.1397
29-Oct-1955,0,2.225,16.5,-0.1833,0.1478
30-Oct-1955,0,2.184,15.6056,0.4056,0.1478
31-Oct-1955,0,2.143,11.3278,-2.2722,0.1424
01-Nov-1955,0,2.103,9.0056,-2.6278,0.1344
02-Nov-1955,0,2.062,10.95,-6.6056,0.129
03-Nov-1955,0,2.022,15.4778,-3.7167,0.1397
04-Nov-1955,0,1.982,14.7333,-0.1833,0.1397
05-Nov-1955,1.38,1.943,12.4722,2.6278,0.1424
06-Nov-1955,0,1.904,12.9333,-0.6667,0.1478
07-Nov-1955,0,1.865,12.7833,-2.15,0.1424
08-Nov-1955,0,1.826,14.6278,-2.9611,0.1397
09-Nov-1955,0,1.787,16,-1.75,0.1397
10-Nov-1955,0,1.749,17.8056,-1.4722,0.1397
11-Nov-1955,0,1.712,12.3722,-2.7111,0.1344
12-Nov-1955,0.22,1.674,6.0056,-5.2556,0.129
13-Nov-1955,15.36,1.637,0.7778,-6.8778,0.1102
14-Nov-1955,1.95,1.601,-1.4556,-6.3889,0.1129
15-Nov-1955,0.15,1.564,-0.3722,-9.9444,0.1075
16-Nov-1955,16.32,1.528,-0.3333,-8.1556,0.1397
17-Nov-1955,1.76,1.493,1.2667,-5.1111,0.1666
18-Nov-1955,1.95,1.458,7.1944,-5.8111,0.1612
19-Nov-1955,0.01,1.423,10.4889,0.0444,0.2177
20-Nov-1955,17.44,1.389,8.6944,1.4056,0.2526
21-Nov-1955,12.97,1.355,4.0056,-2.7333,0.3493
22-Nov-1955,0.02,1.322,1.4111,-10.1722,0.2069
23-Nov-1955,3.02,1.289,1.6222,-9.2611,0.1693
24-Nov-1955,0,1.257,4.2389,-10.5167,0.1747
25-Nov-1955,0,1.225,9.6389,-8.7111,0.18
26-Nov-1955,0,1.193,10.8111,-3.9944,0.2015
27-Nov-1955,0,1.163,9.8,-4.9278,0.1935
28-Nov-1955,0,1.132,9.8722,-5.0944,0.1935
29-Nov-1955,0,1.102,9.15,-3.8389,0.1988
30-Nov-1955,0.22,1.073,7.5389,-4.6389,0.1881
01-Dec-1955,23.07,1.044,4.3389,-2.9444,0.2015
02-Dec-1955,1.72,1.016,0.0167,-7.6333,0.1747
03-Dec-1955,0.26,0.988,0.3333,-8.65,0.1558
04-Dec-1955,0,0.961,-0.5278,-11.65,0.1693
05-Dec-1955,8.67,0.935,4.1222,-10.8611,0.1612
06-Dec-1955,18.73,0.909,6.0333,-0.3056,0.4434
07-Dec-1955,0.91,0.883,4.7,-8.5722,0.3466
08-Dec-1955,12.91,0.858,7.6778,-5.8889,0.2633
09-Dec-1955,1.08,0.834,5.3833,-0.9833,0.3251
10-Dec-1955,0,0.811,7.4778,-5.7167,0.2741
11-Dec-1955,0,0.788,10.4167,-3.8444,0.2472
12-Dec-1955,0,0.765,11.3667,-2.0111,0.2418
13-Dec-1955,0,0.743,10.3056,-4.3389,0.2365
14-Dec-1955,0,0.722,10.5722,-3.5944,0.2311
15-Dec-1955,0.06,0.702,9.2722,-4.7944,0.2257
16-Dec-1955,2.12,0.682,6.2889,-3.1944,0.2257
17-Dec-1955,3.42,0.663,4.8611,-1.5944,0.223
18-Dec-1955,25.72,0.644,5.8778,-1.5667,0.2284
19-Dec-1955,71.06,0.627,5.15,-0.8556,0.653
20-Dec-1955,9.11,0.609,7.1444,0.1833,0.8276
21-Dec-1955,15.95,0.593,8.5444,0.1889,0.661
22-Dec-1955,155.79,0.577,8.2389,3.8778,9.7002
23-Dec-1955,190.62,0.562,6.0444,2.0889,32.7819
24-Dec-1955,37.38,0.547,2.1,-3.4389,7.9805
25-Dec-1955,0.27,0.534,4.1833,-3.3611,4.0843
26-Dec-1955,48.69,0.521,3.3667,-1.9111,4.4067
27-Dec-1955,0.86,0.508,0.1556,-7.9889,3.0632
28-Dec-1955,1.18,0.497,-3.4222,-10.1667,2.3753
29-Dec-1955,2.46,0.486,-5.4944,-10.2667,2.018
30-Dec-1955,1.62,0.475,-4.0611,-14.7722,1.6606
31-Dec-1955,9.08,0.466,0.2778,-12.4889,1.5639
01-Jan-1956,2.02,0.44,3.9222,-6.7,1.4026
02-Jan-1956,0.06,0.442,3.45,-3.9389,1.2898
03-Jan-1956,0,0.435,9.1,-5.8722,1.1957
04-Jan-1956,9.49,0.429,6.4889,-1.5389,1.1312
05-Jan-1956,19.66,0.424,1.6889,-1.6056,1.1178
06-Jan-1956,0.01,0.419,5.2278,-6.65,1.0453
07-Jan-1956,12.64,0.416,5.9444,-3.2611,1.0076
08-Jan-1956,0,0.413,4.1111,-9.3,0.9243
09-Jan-1956,0.1,0.41,6.45,-8.3056,0.9378
10-Jan-1956,4.35,0.409,3.9722,-1.6889,0.9136
11-Jan-1956,0.03,0.408,4.9667,-1.2889,0.9028
12-Jan-1956,0,0.408,5.9611,-2.1778,0.8921
13-Jan-1956,2.14,0.409,6.9167,-0.1722,0.9055
14-Jan-1956,6.66,0.41,6.9944,1.6333,1.0506
15-Jan-1956,31.23,0.412,8.1167,2.3056,3.117
16-Jan-1956,0.27,0.415,4.1167,-3.05,3.5738
17-Jan-1956,0,0.419,3.3,-7.2333,2.1658
18-Jan-1956,0.59,0.423,7.5556,-3.6889,1.7788
19-Jan-1956,1.17,0.428,6.9722,-2.3167,1.58
20-Jan-1956,2.26,0.434,5.7944,-1.2778,1.4832
21-Jan-1956,0.16,0.44,5.6889,-2.9333,1.3381
22-Jan-1956,18.15,0.447,5.5944,-1.1611,1.3543
23-Jan-1956,4.15,0.455,3.5944,-1.6778,1.9481
24-Jan-1956,5.49,0.464,0.15,-6.35,1.3543
25-Jan-1956,48.32,0.473,2.5444,-4.9389,1.5316
26-Jan-1956,43.8,0.483,2.3722,-3.5333,1.4832
27-Jan-1956,2.76,0.494,0.3444,-7.85,1.2226
28-Jan-1956,0,0.506,-1.0333,-12.7389,1.1823
29-Jan-1956,0,0.518,1.9278,-12.7944,1.0694
30-Jan-1956,0,0.531,0.8889,-10.4944,1.0453
31-Jan-1956,0,0.545,-3.0389,-13.0556,0.962
01-Feb-1956,0,0.559,-5.3111,-14.8056,0.8921
02-Feb-1956,0,0.574,-1.6722,-14.7111,0.8222
03-Feb-1956,0,0.589,0.9889,-12.5944,0.8572
04-Feb-1956,0,0.606,3.5111,-10.8722,0.8572
05-Feb-1956,0.02,0.623,2.3,-9.3889,0.8464
06-Feb-1956,0.02,0.641,1.6833,-7.4,0.8115
07-Feb-1956,0,0.659,4.0833,-10.4,0.747
08-Feb-1956,0,0.678,2.1889,-10.2,0.747
09-Feb-1956,0,0.698,3.8611,-11.8444,0.704
10-Feb-1956,0,0.718,5.2333,-10.5222,0.7148
11-Feb-1956,0,0.739,7.3167,-8.1556,0.704
12-Feb-1956,0,0.761,7.4056,-6.5278,0.7148
13-Feb-1956,0,0.783,6.3,-7.3389,0.7255
14-Feb-1956,0,0.806,4.9167,-7.3111,0.7148
15-Feb-1956,0.05,0.829,1.7167,-9.2,0.6825
16-Feb-1956,0,0.853,-4.6667,-15.85,0.6341
17-Feb-1956,10.17,0.878,0.6556,-13.1333,0.6449
18-Feb-1956,0,0.903,-1.75,-13.2778,0.6637
19-Feb-1956,3.42,0.929,-0.8278,-11.7056,0.6153
20-Feb-1956,3.42,0.955,2.6389,-5.9389,0.6261
21-Feb-1956,0,0.982,6.4167,-1.9389,0.6153
22-Feb-1956,14.71,1.01,5.5222,-1.75,0.6341
23-Feb-1956,11.75,1.038,0.4722,-6.7333,0.6933
24-Feb-1956,0.7,1.067,-0.85,-9.5389,0.6261
25-Feb-1956,4.48,1.096,-0.5667,-8.9778,0.5858
26-Feb-1956,0.87,1.126,0.0444,-9.0667,0.5858
27-Feb-1956,1.16,1.156,4.4056,-10.45,0.5697
28-Feb-1956,0.27,1.187,5.5667,-10.15,0.5697
29-Feb-1956,0.82,1.218,4.6556,-5.5667,0.5777
01-Mar-1956,0,1.25,7.1889,-9.5389,0.5697
02-Mar-1956,0,1.282,9.1722,-6.5333,0.5965
03-Mar-1956,0,1.315,8.4056,-2.4611,0.6341
04-Mar-1956,1.45,1.348,6.2167,-2.6333,0.6449
05-Mar-1956,7.9,1.382,0.6722,-5.1944,0.6449
06-Mar-1956,0,1.416,-3.5667,-13.8,0.5589
07-Mar-1956,0,1.451,5.1444,-13.3611,0.5589
08-Mar-1956,0,1.486,9.4667,-5.8667,0.6261
09-Mar-1956,0,1.521,10.1167,-6.9778,0.6744
10-Mar-1956,0,1.557,9.2389,-6.65,0.6933
11-Mar-1956,0,1.593,4.2722,-7.7,0.7362
12-Mar-1956,0,1.629,3.2722,-12.5722,0.5858
13-Mar-1956,0,1.666,8.5333,-9.6389,0.6261
14-Mar-1956,0,1.704,5.9278,-7.7778,0.6744
15-Mar-1956,0,1.741,8.6556,-9.7444,0.6341
16-Mar-1956,0,1.779,12.5167,-7.1333,0.7148
17-Mar-1956,0,1.818,13.8944,-3.0111,0.8222
18-Mar-1956,0.06,1.856,14.4278,-4.6056,0.8921
19-Mar-1956,0.44,1.895,9.6444,-1.95,1.0076
20-Mar-1956,0,1.935,11.6333,-6.0611,1.0211
21-Mar-1956,0,1.974,12.7722,-3.7833,1.1178
22-Mar-1956,0.14,2.014,12.0222,-1.4,1.236
23-Mar-1956,0,2.054,16.25,-3.1333,1.3865
24-Mar-1956,0,2.094,15.2944,-1.0833,1.6928
25-Mar-1956,0.01,2.135,12.5444,0.05,1.8594
26-Mar-1956,0.01,2.176,8.3167,0.1944,1.8971
27-Mar-1956,0,2.217,6.95,-8.5833,1.6928
28-Mar-1956,0,2.258,11.5222,-6.5889,1.58
29-Mar-1956,0,2.299,14.2556,-3.6278,1.6767
30-Mar-1956,0,2.341,11.5722,-0.6889,1.7896
31-Mar-1956,1.92,2.382,5.6778,-1.5667,1.7251
01-Apr-1956,3.16,2.424,0.3722,-7.5944,1.5477
02-Apr-1956,0,2.466,2.7778,-8.1056,1.3865
03-Apr-1956,0,2.508,7.25,-8.8778,1.2495
04-Apr-1956,0,2.551,11.7556,-5.7444,1.2092
05-Apr-1956,0,2.593,13.1,-3.4833,1.2495
06-Apr-1956,0,2.635,15.3667,-4.5667,1.3704
07-Apr-1956,0,2.678,14.5444,0.2778,1.6122
08-Apr-1956,0,2.72,14.3944,-3.2778,1.8084
09-Apr-1956,0,2.763,16.8833,-2.7,1.9992
10-Apr-1956,1.02,2.806,11.5278,1.1556,2.3109
11-Apr-1956,2.98,2.848,5.6167,-4.2611,2.0529
12-Apr-1956,20.89,2.891,1.9833,-3.5944,1.8594
13-Apr-1956,29.8,2.934,0.8889,-3.6167,1.7412
14-Apr-1956,6.81,2.977,2.7278,-3.8556,1.6122
15-Apr-1956,0.04,3.019,7.5333,-3.8444,1.5316
16-Apr-1956,0.3,3.062,9.65,-3.5722,1.5639
17-Apr-1956,7,3.104,10.9611,-1.5722,1.6445
18-Apr-1956,3.72,3.147,11.4444,-0.9667,1.7896
19-Apr-1956,0,3.189,14.9556,-0.1611,1.7734
20-Apr-1956,0.04,3.232,17.2333,0.5222,2.1792
21-Apr-1956,0.2,3.274,16.05,1.5722,2.593
22-Apr-1956,0.01,3.316,17.9167,0.4167,2.8214
23-Apr-1956,0,3.358,16.75,0.7222,3.2513
24-Apr-1956,0,3.4,14.5167,5.9,3.6544
25-Apr-1956,3.8,3.442,11.6056,1.8222,3.735
26-Apr-1956,10.28,3.483,6.2222,-0.8556,3.2513
27-Apr-1956,0.24,3.525,7.2611,-2.8,2.7408
28-Apr-1956,0,3.566,9.9611,-4.3667,2.4425
29-Apr-1956,0,3.607,13.3667,-2.75,2.4237
30-Apr-1956,0,3.648,14.2889,-1.9389,2.6306
01-May-1956,0,3.689,15.35,-1.6056,2.8483
02-May-1956,0,3.729,16.25,2.5944,3.1707
03-May-1956,24.23,3.769,16.0833,0.4556,3.4663
04-May-1956,33.99,3.809,10.3667,1.0111,5.1322
05-May-1956,3.97,3.848,8.7056,-1.0667,3.5738
06-May-1956,2.99,3.888,7.4222,0.7833,3.1976
07-May-1956,6.46,3.927,6.2333,-1.0833,2.902
08-May-1956,7.69,3.965,9.0778,-4.2,2.6494
09-May-1956,21.01,4.004,7,-1.7611,2.8214
10-May-1956,2.81,4.042,6.7,-0.15,2.4989
11-May-1956,3.47,4.08,5.4222,-0.2,2.3485
12-May-1956,2.37,4.117,4.0111,-3.5,2.1792
13-May-1956,0.04,4.154,6.2222,-4.0056,2.018
14-May-1956,0,4.191,13.1167,-3.9,1.8971
15-May-1956,0,4.227,16.2667,-0.6167,2.0878
16-May-1956,0,4.263,19.9333,1.9056,2.6118
17-May-1956,0,4.298,18.3222,4.3222,3.0095
18-May-1956,2.02,4.333,14.2778,6.7111,3.1707
19-May-1956,1.15,4.368,17.0389,1.45,3.4394
20-May-1956,0.12,4.402,20.1056,2.5833,3.8962
21-May-1956,0,4.436,21.7889,4.15,5.0785
22-May-1956,1.38,4.469,22.1389,5.9333,6.2339
23-May-1956,0,4.502,20.0556,5.6333,6.9863
24-May-1956,0.62,4.535,16.4333,5.0611,7.255
25-May-1956,0.05,4.566,15.9722,4.5,6.4489
26-May-1956,0,4.598,17.0167,3.5611,6.3414
27-May-1956,0,4.629,12.4389,-0.3056,6.2608
28-May-1956,0,4.659,15.1778,-0.1778,5.0785
29-May-1956,1.95,4.689,17.5778,2.1722,5.2397
30-May-1956,0.35,4.718,18.0167,3.3722,5.4816
31-May-1956,0,4.747,17.5611,1.7222,5.9115
01-Jun-1956,0,4.775,17.2944,2.0778,5.5084
02-Jun-1956,0,4.803,21.1389,2.5556,5.401
03-Jun-1956,0,4.83,17.8389,6.5444,5.9652
04-Jun-1956,0,4.857,12.1389,5.4556,6.019
05-Jun-1956,0,4.883,12.15,-2.9444,4.6755
06-Jun-1956,0,4.908,16.7111,-1.3333,4.2993
07-Jun-1956,0,4.933,20,1.6167,4.5142
08-Jun-1956,0,4.957,21.65,3.3778,4.8635
09-Jun-1956,0,4.981,22.4611,3.8778,5.2397
10-Jun-1956,0,5.004,20.0167,6.7389,5.6965
11-Jun-1956,0,5.026,21.0333,1.7556,5.6428
12-Jun-1956,0,5.048,21.4111,3.6333,5.2666
13-Jun-1956,0.33,5.069,19.4889,3.4389,5.1054
14-Jun-1956,5.32,5.089,14.2,4.5111,4.9173
15-Jun-1956,0.02,5.109,13.0222,0.6389,4.2993
16-Jun-1956,0,5.128,15.3,-0.0722,3.7887
17-Jun-1956,0,5.147,18.8944,1.9944,3.735
18-Jun-1956,0,5.165,20.7778,3.7278,3.9768
19-Jun-1956,0.02,5.182,15.9111,7.3889,4.2993
20-Jun-1956,0.01,5.198,15.7611,0.4056,3.8425
21-Jun-1956,0,5.214,19.8889,1.8056,3.6544
22-Jun-1956,0,5.229,23.0389,3.8444,3.6812
23-Jun-1956,0,5.244,21.8444,5.2944,3.9231
24-Jun-1956,0,5.258,21.8556,4.95,3.9499
25-Jun-1956,0,5.271,23.2333,3.2722,3.735
26-Jun-1956,0.04,5.283,26.4333,6.6611,3.5738
27-Jun-1956,0.29,5.295,28.6333,8.8222,3.7887
28-Jun-1956,0,5.306,28.0278,10.0556,3.7887
29-Jun-1956,0,5.316,25.5278,8.7611,3.9768
30-Jun-1956,0,5.325,23.1778,5.7,3.5738
01-Jul-1956,0,5.334,20.8444,4.0111,3.0901
02-Jul-1956,0,5.342,18.5611,2.9333,2.7945
03-Jul-1956,0,5.35,19.4944,2.9889,2.5742
04-Jul-1956,0,5.356,20.4,4.0333,2.4989
05-Jul-1956,0,5.362,21.5111,4.5889,2.4049
06-Jul-1956,0,5.367,23.2889,4.1944,2.3109
07-Jul-1956,0,5.372,25.6833,6.5056,2.292
08-Jul-1956,0,5.376,26.3722,8.0611,2.3109
09-Jul-1956,0,5.379,26.4833,9.9056,2.3109
10-Jul-1956,0,5.381,24.4833,6.8056,2.198
11-Jul-1956,0,5.382,24.2,4.8778,2.0368
12-Jul-1956,0.02,5.383,21.5222,6.1722,1.8782
13-Jul-1956,0,5.383,19.8833,4.9056,1.7251
14-Jul-1956,0,5.383,20.9,5.3056,1.6283
15-Jul-1956,0,5.381,21.8444,5.7611,1.58
16-Jul-1956,0,5.379,24.6222,7.7833,1.58
17-Jul-1956,0.07,5.376,26.3111,7.9278,1.5639
18-Jul-1956,0.15,5.373,25.1667,11.2444,1.5316
19-Jul-1956,4.19,5.368,24.3333,11.4167,1.7573
20-Jul-1956,3.17,5.363,24.1667,10.0778,2.069
21-Jul-1956,1.21,5.358,25,9.2556,1.9669
22-Jul-1956,0.48,5.351,25.9722,10.5389,1.6767
23-Jul-1956,5.71,5.344,26.45,10.3944,1.6283
24-Jul-1956,1.51,5.336,26.65,10.7833,1.5961
25-Jul-1956,5.96,5.327,26.1778,11.3889,1.5477
26-Jul-1956,5.58,5.318,24,11.3,1.6767
27-Jul-1956,0.01,5.308,25.2,9.4611,1.4349
28-Jul-1956,0,5.297,24.3611,11.95,1.2226
29-Jul-1956,0,5.286,24.2278,7.5611,1.142
30-Jul-1956,0,5.273,24.7222,7.4111,1.0211
31-Jul-1956,0,5.26,23.9611,6.6111,0.9378
01-Aug-1956,0,5.247,21.5056,6.8722,0.8679
02-Aug-1956,0,5.232,18.7944,2.4889,0.8007
03-Aug-1956,0,5.217,20.0278,2.4056,0.7577
04-Aug-1956,0,5.202,19.7833,3.7278,0.7255
05-Aug-1956,0,5.185,20.2833,3.2833,0.6933
06-Aug-1956,0,5.168,21.6778,3.1278,0.6637
07-Aug-1956,0,5.151,23.1056,5.0667,0.6153
08-Aug-1956,0,5.132,24.25,7.0278,0.5965
09-Aug-1956,0,5.113,25.15,6.0056,0.5965
10-Aug-1956,0,5.094,25.5389,7.5389,0.5777
11-Aug-1956,0,5.073,24.6778,7.9889,0.5589
12-Aug-1956,0,5.052,23.4389,6.55,0.532
13-Aug-1956,0,5.031,24.6444,7.5222,0.5213
14-Aug-1956,0,5.009,24.1111,7.6111,0.5025
15-Aug-1956,0,4.986,23.4111,6.3944,0.4756
16-Aug-1956,0,4.962,22.7722,5.1722,0.4675
17-Aug-1956,0.03,4.938,23.0778,6.0667,0.4595
18-Aug-1956,0.15,4.913,23.6389,7.3722,0.4675
19-Aug-1956,0.88,4.888,22.2167,6.8167,0.5213
20-Aug-1956,0.07,4.862,22.6333,5.9833,0.5697
21-Aug-1956,0,4.836,23.7444,6.5,0.5213
22-Aug-1956,0,4.809,25.5056,6.9,0.532
23-Aug-1956,0.02,4.781,24.6389,7.8056,0.5105
24-Aug-1956,0,4.753,23.5556,7.5444,0.4756
25-Aug-1956,0,4.724,22.3333,7.2111,0.4756
26-Aug-1956,0,4.695,21.9389,4.6889,0.4864
27-Aug-1956,0,4.665,20.7,4,0.4756
28-Aug-1956,0.03,4.635,21.1444,4.6111,0.4864
29-Aug-1956,0.03,4.604,22.0389,5.3389,0.5025
30-Aug-1956,0,4.573,23.5,6.1611,0.4944
31-Aug-1956,0,4.541,24.4944,6.5,0.4595
01-Sep-1956,0,4.509,27.1444,8.1111,0.4514
02-Sep-1956,0,4.476,26.4611,8.8611,0.5025
03-Sep-1956,0,4.443,25.7778,7.1667,0.5025
04-Sep-1956,0,4.409,25.2111,7.1278,0.5025
05-Sep-1956,0,4.375,25.3111,6.55,0.532
06-Sep-1956,0.32,4.341,24.5833,7.7944,0.5105
07-Sep-1956,0,4.306,23.1056,6.6667,0.4756
08-Sep-1956,0,4.27,22.9667,5.35,0.4165
09-Sep-1956,2.29,4.235,19.9333,8.4833,0.395
10-Sep-1956,0.5,4.198,20.7167,10.8556,0.4944
11-Sep-1956,0,4.162,20.0833,7.2056,0.4675
12-Sep-1956,0,4.125,19.4667,3.2278,0.4514
13-Sep-1956,0,4.088,20.1444,1.9278,0.4434
14-Sep-1956,0,4.05,21.7111,2.2611,0.4434
15-Sep-1956,0,4.012,23.0944,3.4333,0.4165
16-Sep-1956,0,3.974,24.6222,4.0444,0.4084
17-Sep-1956,0,3.935,25.55,3.1889,0.4004
18-Sep-1956,0.4,3.896,24.1778,7.7444,0.3869
19-Sep-1956,17.05,3.857,17.6444,6.1556,0.4084
20-Sep-1956,0.03,3.817,15.9444,2.2444,0.4675
21-Sep-1956,0,3.777,15.75,4.5778,0.3869
22-Sep-1956,0,3.737,18.1889,1.8111,0.3413
23-Sep-1956,0,3.697,21.9333,3.6556,0.3144
24-Sep-1956,0,3.656,22.6667,5.6222,0.3009
25-Sep-1956,0,3.616,22.6333,5.9722,0.2956
26-Sep-1956,0.37,3.575,21.6333,6.5611,0.2875
27-Sep-1956,0.65,3.534,18.6833,7.05,0.3009
28-Sep-1956,0,3.492,20.65,3.9222,0.3063
29-Sep-1956,0.82,3.451,21.0278,3.4833,0.2956
30-Sep-1956,0.05,3.409,20.1556,3.4167,0.2875
01-Oct-1956,0.46,3.367,19.4,3.7,0.2875
02-Oct-1956,0.34,3.325,18.0056,5.1333,0.3144
03-Oct-1956,0.72,3.283,18.0722,3.7278,0.3574
04-Oct-1956,7.76,3.241,16.9389,5.3667,0.3789
05-Oct-1956,1.02,3.198,17.75,3.2167,0.3708
06-Oct-1956,0.46,3.156,19.4333,4.9722,0.3574
07-Oct-1956,11.39,3.113,13.4111,4.2056,0.3708
08-Oct-1956,2.17,3.071,11.5778,4.1167,0.4514
09-Oct-1956,0,3.028,15.5,2.25,0.4246
10-Oct-1956,1.25,2.986,13.0722,5.7722,0.3708
11-Oct-1956,2.95,2.943,8.5278,1.2167,0.4084
12-Oct-1956,0.02,2.9,10.2778,-2.5833,0.4004
13-Oct-1956,0,2.857,13.6611,-1.9944,0.3493
14-Oct-1956,0,2.815,14.0722,-1.3222,0.3063
15-Oct-1956,0,2.772,15.5722,-1.0167,0.2956
16-Oct-1956,0.02,2.729,16.5167,-0.5,0.2875
17-Oct-1956,0,2.687,17.2,-0.3,0.2795
18-Oct-1956,0.02,2.644,13.2944,1.6833,0.2687
19-Oct-1956,0,2.602,12.4722,-1.7778,0.2633
20-Oct-1956,0,2.56,17.6889,-0.6222,0.258
21-Oct-1956,0,2.517,16.3556,2.5444,0.258
22-Oct-1956,0,2.475,15.0333,-0.6556,0.2526
23-Oct-1956,27.45,2.433,6.1944,-2.7444,0.2687
24-Oct-1956,0,2.391,3.4444,-10.3833,0.2284
25-Oct-1956,0,2.349,10.4056,-5.5611,0.2956
26-Oct-1956,17.37,2.308,9.6278,1.5056,0.3789
27-Oct-1956,2.19,2.266,4.5111,-1.1722,0.5777
28-Oct-1956,0.05,2.225,1.4667,-6.2667,0.3628
29-Oct-1956,2.44,2.184,3.7556,-8.4833,0.3009
30-Oct-1956,38.33,2.143,3.1833,-1.5889,0.3708
31-Oct-1956,1.07,2.103,0.5333,-5.3611,0.4246
01-Nov-1956,0.63,2.062,1.8167,-9.1722,0.3278
02-Nov-1956,0,2.022,4.5167,-4.7833,0.3332
03-Nov-1956,0,1.982,5.8222,-8.0444,0.3278
04-Nov-1956,0,1.943,10.6611,-5.75,0.3413
05-Nov-1956,0,1.904,14.3167,-4.0667,0.3413
06-Nov-1956,0,1.865,15.1944,-3.3222,0.3493
07-Nov-1956,0,1.826,14.3778,-2.25,0.3628
08-Nov-1956,0,1.787,15.9722,-2.0833,0.3708
09-Nov-1956,0,1.749,17.1611,-1.4056,0.3869
10-Nov-1956,0,1.712,17.2056,-1.7167,0.395
11-Nov-1956,0,1.674,15.8167,-2.4167,0.395
12-Nov-1956,0.17,1.637,14.3278,-3.3278,0.3789
13-Nov-1956,2.74,1.601,10.8222,-3.9333,0.3628
14-Nov-1956,0,1.564,3.3556,-8.2778,0.3278
15-Nov-1956,0,1.528,6.5778,-9.1278,0.2875
16-Nov-1956,0,1.493,9.8944,-6.1556,0.3063
17-Nov-1956,0,1.458,11.9778,-4.8778,0.3009
18-Nov-1956,0,1.423,7.6556,-6.0833,0.3009
19-Nov-1956,0,1.389,2.2944,-9.5667,0.2633
20-Nov-1956,0,1.355,2.0722,-11.5833,0.223
21-Nov-1956,0,1.322,6.0444,-10.5667,0.258
22-Nov-1956,0,1.289,8.1722,-8.8722,0.2633
23-Nov-1956,0,1.257,8.85,-7.9222,0.2687
24-Nov-1956,0,1.225,9.1833,-8.1167,0.258
25-Nov-1956,0,1.193,9.4722,-7.5667,0.2526
26-Nov-1956,0,1.163,10.35,-8.0167,0.258
27-Nov-1956,0,1.132,8.9889,-7.6611,0.2526
28-Nov-1956,0,1.102,8.7,-8.0111,0.2472
29-Nov-1956,0,1.073,9.7667,-6.9611,0.2391
30-Nov-1956,0,1.044,10.3778,-7.05,0.2526
01-Dec-1956,0,1.016,10.8778,-6.5556,0.2472
02-Dec-1956,0,0.988,11.5556,-7.0778,0.2284
03-Dec-1956,0,0.961,12.7278,-6.5167,0.2391
04-Dec-1956,5.87,0.935,7.3889,-3.2667,0.2633
05-Dec-1956,23.57,0.909,1.2444,-4.9056,0.258
06-Dec-1956,1.07,0.883,-2.0222,-9.3056,0.2069
07-Dec-1956,0,0.858,-3.2111,-13.6778,0.1612
08-Dec-1956,0.02,0.834,-1.5556,-14.7667,0.2042
09-Dec-1956,0.02,0.811,2.4889,-13.9389,0.4246
10-Dec-1956,0.47,0.788,8.7056,-9.8722,0.5697
11-Dec-1956,1.15,0.765,9.9167,0.9889,0.4595
12-Dec-1956,0,0.743,10.8889,-3.2389,0.4326
13-Dec-1956,0.01,0.722,10.35,-1.2833,0.3574
14-Dec-1956,0,0.702,7.5722,-6.9389,0.3224
15-Dec-1956,0,0.682,8.1444,-8.1556,0.2875
16-Dec-1956,0,0.663,9.2944,-6.0778,0.3063
17-Dec-1956,0,0.644,7.4167,-7.3556,0.2687
18-Dec-1956,0,0.627,8.3611,-6.7333,0.2795
19-Dec-1956,0,0.609,7.5389,-8.3778,0.2633
20-Dec-1956,0,0.593,6.9278,-9.4389,0.2391
21-Dec-1956,0,0.577,3.4111,-8.3722,0.258
22-Dec-1956,0,0.562,3.05,-12.2722,0.2069
23-Dec-1956,0,0.547,6.9111,-10.1167,0.2633
24-Dec-1956,0,0.534,6.15,-9.2,0.2741
25-Dec-1956,0,0.521,6.55,-9.3889,0.2472
26-Dec-1956,0,0.508,7.9889,-9.5944,0.2338
27-Dec-1956,0,0.497,8.6111,-9.4167,0.2472
28-Dec-1956,0,0.486,8.8611,-8.7722,0.2633
29-Dec-1956,0,0.475,9.2,-8.4333,0.3063
30-Dec-1956,0,0.466,7.4556,-6.6722,0.3332
31-Dec-1956,0,0.457,7.1389,-8.2333,0.3413
01-Jan-1957,0,0.44,8.2944,-8.6056,0.3224
02-Jan-1957,0,0.442,7.8444,-5.3889,0.3063
03-Jan-1957,0,0.435,3.35,-6.6167,0.2633
04-Jan-1957,0,0.429,1.6111,-8.9833,0.2633
05-Jan-1957,2.01,0.424,-0.7444,-9.8444,0.2875
06-Jan-1957,0.06,0.419,2.1167,-9.8222,0.2741
07-Jan-1957,1.53,0.416,3.6667,-10.6,0.2526
08-Jan-1957,7.03,0.413,-0.1833,-8.1611,0.2633
09-Jan-1957,0,0.41,-0.2556,-14.3556,0.2069
10-Jan-1957,0,0.409,3.7667,-12.9056,0.223
11-Jan-1957,0.02,0.408,5.0833,-10.4444,0.2956
12-Jan-1957,26.84,0.408,3.8778,-3.5444,0.3574
13-Jan-1957,46.75,0.409,1.3222,-1.6556,0.3574
14-Jan-1957,0.24,0.41,1.9,-7.0444,0.3574
15-Jan-1957,0.99,0.412,3.9944,-7.6222,0.3574
16-Jan-1957,0,0.415,2.0389,-7.5833,0.3574
17-Jan-1957,0,0.419,0.9833,-8.5944,0.3224
18-Jan-1957,0.47,0.423,1.7278,-11.2333,0.2875
19-Jan-1957,6.05,0.428,6.7722,-9.0944,0.3278
20-Jan-1957,37.98,0.434,3.0722,-5.1944,0.2956
21-Jan-1957,0,0.44,-0.6222,-9.8611,0.2633
22-Jan-1957,0.14,0.447,-2.3444,-12.75,0.2069
23-Jan-1957,1.09,0.455,-0.2944,-10.8444,0.2687
24-Jan-1957,0.51,0.464,-0.7667,-10.8278,0.2956
25-Jan-1957,9.81,0.473,-1.4778,-9.5722,0.2795
26-Jan-1957,5.54,0.483,-5.5,-11.9722,0.2741
27-Jan-1957,0.34,0.494,-8.0611,-15.9611,0.2526
28-Jan-1957,0.34,0.506,-6.65,-14.9222,0.2633
29-Jan-1957,0,0.518,-5.9833,-14.7111,0.2687
30-Jan-1957,0,0.531,-4.4778,-13.8889,0.2821
31-Jan-1957,0.23,0.545,4.7222,-13.3667,0.3224
01-Feb-1957,0.95,0.559,4.4778,-10.0667,0.3493
02-Feb-1957,1.04,0.574,-0.0444,-7.8111,0.3359
03-Feb-1957,0,0.589,0.3278,-13.3889,0.3224
04-Feb-1957,0,0.606,1.8889,-12.8278,0.3224
05-Feb-1957,0,0.623,4.5833,-10.9944,0.3224
06-Feb-1957,0.03,0.641,2.6722,-8.7667,0.3278
07-Feb-1957,5.07,0.659,2.6944,-5.9167,0.3063
08-Feb-1957,3.48,0.678,3.4889,-2.7167,0.2741
09-Feb-1957,0,0.698,2.3611,-8.8722,0.2338
10-Feb-1957,2.67,0.718,3.0833,-5.8889,0.2391
11-Feb-1957,0.87,0.739,7.6278,-2.3889,0.3278
12-Feb-1957,0.75,0.761,7.5,-2.1333,0.4326
13-Feb-1957,0.46,0.783,8.6611,-0.6389,0.5777
14-Feb-1957,0,0.806,8.4667,-2.5611,0.8222
15-Feb-1957,0,0.829,7.8889,-1.6778,0.7148
16-Feb-1957,11.67,0.853,8.4,-1.0611,0.7148
17-Feb-1957,0.03,0.878,7.2556,-1.1222,0.8787
18-Feb-1957,0.61,0.903,8.5889,-3,0.7577
19-Feb-1957,0,0.929,9.2056,-3.3222,0.7255
20-Feb-1957,0.49,0.955,4.7833,-2.4722,0.6556
21-Feb-1957,3.55,0.982,4.7333,-1.5889,0.5777
22-Feb-1957,1.7,1.01,7.5833,-2.3889,0.5589
23-Feb-1957,33.25,1.038,5.7444,-0.3556,0.962
24-Feb-1957,47.57,1.067,4.3778,-0.7778,1.3086
25-Feb-1957,3.27,1.096,8.7222,0.1111,1.8971
26-Feb-1957,2.21,1.126,7.5667,0.9167,1.1071
27-Feb-1957,0.37,1.156,8.8778,-2.5444,0.9378
28-Feb-1957,5.04,1.187,5.3389,-1.6389,0.8357
01-Mar-1957,5.59,1.218,6.4167,-0.5722,0.8007
02-Mar-1957,0.64,1.25,4.9111,-0.5611,0.7792
03-Mar-1957,3.54,1.282,4.3056,-5.3667,0.6637
04-Mar-1957,7.97,1.315,5.9778,-1.8111,0.6261
05-Mar-1957,15.61,1.348,5.4278,0.8556,0.8357
06-Mar-1957,0.49,1.382,10.8167,-0.1167,0.8357
07-Mar-1957,0.83,1.416,13.3833,-2.3611,0.8357
08-Mar-1957,0.93,1.451,13.7056,-1.3056,0.7685
09-Mar-1957,10.96,1.486,7.3333,-2.4,0.7685
10-Mar-1957,0.33,1.521,7.3167,-8.2667,0.6744
11-Mar-1957,2.44,1.557,7.5833,-3.65,0.6449
12-Mar-1957,10.65,1.593,3.4889,-3.5222,0.6556
13-Mar-1957,0.26,1.629,1.8222,-5.7222,0.5858
14-Mar-1957,0,1.666,7.0833,-9.1167,0.5777
15-Mar-1957,6.6,1.704,4.9167,-3.45,0.5965
16-Mar-1957,0.53,1.741,1.9,-5.0222,0.5589
17-Mar-1957,0,1.779,5.1611,-7.6167,0.5213
18-Mar-1957,0.04,1.818,5.6833,-4.6389,0.5213
19-Mar-1957,0,1.856,8.1333,-5.2833,0.5025
20-Mar-1957,0.3,1.895,10.0056,-4.3278,0.4864
21-Mar-1957,0.44,1.935,5.3,-4.5778,0.5025
22-Mar-1957,0,1.974,3.1111,-9.7778,0.4756
23-Mar-1957,0,2.014,8.1944,-9.15,0.4326
24-Mar-1957,0,2.054,12.0278,-4.6333,0.4756
25-Mar-1957,0,2.094,10.1667,-0.5778,0.4864
26-Mar-1957,0,2.135,10.0556,-2.0278,0.5401
27-Mar-1957,0.09,2.176,13.4278,-4.6167,0.5697
28-Mar-1957,2.38,2.217,13.0167,2.4,0.7148
29-Mar-1957,12.24,2.258,9.0667,0.5778,0.8572
30-Mar-1957,0.04,2.299,9.4833,-6.4389,0.8222
31-Mar-1957,1.91,2.341,7.0667,-0.3389,0.8115
01-Apr-1957,3.75,2.382,4.1,-5.15,0.7792
02-Apr-1957,0,2.424,9.3111,-4.1722,0.6933
03-Apr-1957,0,2.466,13.75,-1.2333,0.6744
04-Apr-1957,0,2.508,15.5778,-1.9444,0.7685
05-Apr-1957,0,2.551,15.5833,0.3556,0.9727
06-Apr-1957,0.01,2.593,11.0389,-0.6056,1.1312
07-Apr-1957,0,2.635,10.2944,-6.6667,1.056
08-Apr-1957,0,2.678,12.9889,-2.9,1.056
09-Apr-1957,0,2.72,13.8944,-2.3278,1.0211
10-Apr-1957,0,2.763,13.5889,-0.4111,1.2629
11-Apr-1957,0,2.806,12.0889,-2.8556,1.3543
12-Apr-1957,0,2.848,11.2389,-0.1944,1.236
13-Apr-1957,1.23,2.891,13.8611,-3.1556,1.2092
14-Apr-1957,13.78,2.934,10.7278,0.9111,1.4671
15-Apr-1957,0,2.977,10.5333,-5.1222,1.2226
16-Apr-1957,1.48,3.019,7.8222,-2.9556,1.1312
17-Apr-1957,12.14,3.062,5.8389,-2,1.056
18-Apr-1957,1.14,3.104,4.5167,-4.1833,0.9969
19-Apr-1957,0.76,3.147,5.0167,-4.3111,0.9243
20-Apr-1957,11.69,3.189,3.5111,-3.25,0.8787
21-Apr-1957,0,3.232,7.4333,-2.7833,0.8357
22-Apr-1957,0.89,3.274,9.7,-0.1333,0.8222
23-Apr-1957,0,3.316,10.6944,-1.9778,0.8115
24-Apr-1957,0,3.358,12.2611,-2.2333,0.9136
25-Apr-1957,0.01,3.4,11.0611,-2.8167,1.0453
26-Apr-1957,0.01,3.442,13.7167,-2.15,1.1178
27-Apr-1957,0,3.483,15.6111,-0.6889,1.322
28-Apr-1957,0,3.525,17.8778,0.2667,1.6606
29-Apr-1957,0.81,3.566,17.3944,0.8,1.9992
30-Apr-1957,0.46,3.607,16.2222,1.5833,1.8782
01-May-1957,0.19,3.648,13.6444,1.3667,2.1604
02-May-1957,5.57,3.689,10.4556,1.9556,2.2544
03-May-1957,0,3.729,12.6889,-3.8389,1.709
04-May-1957,0,3.769,15.8278,-0.9056,1.9481
05-May-1957,0.07,3.809,18.3722,0.6333,2.4613
06-May-1957,0.86,3.848,18.6944,1.3111,2.7945
07-May-1957,5.56,3.888,14.1722,4.7111,3.0364
08-May-1957,1.47,3.927,9.8722,0.5333,2.7945
09-May-1957,3.42,3.965,8.8944,-0.35,2.2168
10-May-1957,3.2,4.004,7.0778,0.0056,2.0368
11-May-1957,1.3,4.042,7.3,-0.3111,1.8084
12-May-1957,0.82,4.08,9.2667,1.8389,1.7734
13-May-1957,5.19,4.117,8.8611,1.0389,1.7573
14-May-1957,2.86,4.154,6.2667,-2.3056,1.6928
15-May-1957,0,4.191,10.7167,-2.7222,1.4671
16-May-1957,0.11,4.227,14.0389,0.6278,1.6767
17-May-1957,0.22,4.263,14.6278,1.6389,2.069
18-May-1957,56.89,4.298,9.6333,4.25,3.117
19-May-1957,7.08,4.333,4.9111,-2.4222,3.7887
20-May-1957,5.81,4.368,3.5944,-2.1333,2.3485
21-May-1957,4.59,4.402,8.0278,-2.0778,2.069
22-May-1957,6.62,4.436,9.1889,-0.2444,1.9992
23-May-1957,11.44,4.469,7.9889,-1.65,1.9992
24-May-1957,0.05,4.502,13.5278,0.0944,1.8782
25-May-1957,0.04,4.535,17.1278,1.1556,2.2544
26-May-1957,0,4.566,19.9778,2.9389,2.7945
27-May-1957,1.01,4.598,19.8667,4.0944,3.3319
28-May-1957,3.55,4.629,18.8444,4.2333,3.7887
29-May-1957,2.51,4.659,17.2278,2.8667,3.3857
30-May-1957,0,4.689,18.0111,3.0667,3.3588
31-May-1957,0.22,4.718,20.8167,4.9389,3.8425
01-Jun-1957,0,4.747,22.7833,6.0222,4.5948
02-Jun-1957,0,4.775,23.4944,5.6444,5.0516
03-Jun-1957,0,4.803,24.2,4.7222,4.971
04-Jun-1957,0,4.83,24.7444,7.0556,5.0248
05-Jun-1957,0,4.857,22.6833,7.6833,5.0516
06-Jun-1957,0,4.883,21.5722,3.5556,4.4336
07-Jun-1957,0,4.908,21.9944,4.3889,3.9499
08-Jun-1957,0.16,4.933,19.2167,7.3833,3.8693
09-Jun-1957,3.1,4.957,13.9611,5.2667,3.4663
10-Jun-1957,0.29,4.981,13.8889,1.65,2.902
11-Jun-1957,0.02,5.004,19.2333,2.2167,2.6306
12-Jun-1957,0,5.026,18.6556,5.0833,2.7945
13-Jun-1957,0,5.048,15.9722,4.0944,1.9669
14-Jun-1957,0,5.069,14.5,-0.4667,2.5742
15-Jun-1957,0,5.089,13.1389,-0.8667,2.3109
16-Jun-1957,0,5.109,14.7722,-1.3833,2.069
17-Jun-1957,0,5.128,19.7778,1.4833,1.9992
18-Jun-1957,0,5.147,23.6667,3.2556,2.069
19-Jun-1957,0,5.165,22.0944,6.5167,2.2732
20-Jun-1957,0,5.182,19.4167,6.55,2.3297
21-Jun-1957,0,5.198,21.0056,3.0111,2.2356
22-Jun-1957,0,5.214,22.4944,4.65,2.1792
23-Jun-1957,0,5.229,26.3111,6.0944,2.1416
24-Jun-1957,0,5.244,26.9889,8.2444,2.198
25-Jun-1957,0,5.258,26.5167,9.5889,2.2732
26-Jun-1957,0,5.271,26.6278,9.0889,2.3485
27-Jun-1957,0,5.283,28.0278,9.1667,2.198
28-Jun-1957,0.08,5.295,27.3444,10.3056,2.1416
29-Jun-1957,0,5.306,25.6278,9.4556,2.069
30-Jun-1957,0,5.316,24.05,9.0556,1.8594
01-Jul-1957,0,5.325,22.4722,9.2389,1.6445
02-Jul-1957,0,5.334,23.3333,8.5,1.451
03-Jul-1957,0,5.342,23.6833,7.0722,1.2629
04-Jul-1957,0,5.35,26.3944,7.4611,1.1957
05-Jul-1957,0,5.356,25.4833,8.8056,1.142
06-Jul-1957,4.28,5.362,21.3278,8.7222,1.056
07-Jul-1957,0,5.367,23.1167,5.5556,1.0318
08-Jul-1957,0,5.372,25.4389,6.2611,0.9378
09-Jul-1957,0.58,5.376,26.3056,5.8611,0.8357
10-Jul-1957,0,5.379,24.1611,7.5889,0.7577
11-Jul-1957,0,5.381,23.9611,5.1944,0.747
12-Jul-1957,0,5.382,22.8111,8.3389,0.6825
13-Jul-1957,0,5.383,21.6556,10.7333,0.6556
14-Jul-1957,0,5.383,22.2556,6.6833,0.6153
15-Jul-1957,0,5.383,24.4611,4.5778,0.5777
16-Jul-1957,0,5.381,25.5333,5.8611,0.5213
17-Jul-1957,0,5.379,24.2111,6.2556,0.5105
18-Jul-1957,0,5.376,23.2444,6.7833,0.6261
19-Jul-1957,0,5.373,22.7556,5.7333,0.6261
20-Jul-1957,0,5.368,22.8278,5.0778,0.5965
21-Jul-1957,0.02,5.363,20.5889,7.5056,0.5777
22-Jul-1957,0.07,5.358,21.0167,4.1444,0.5777
23-Jul-1957,0.04,5.351,22.6444,5.2278,0.5589
24-Jul-1957,0,5.344,25.1667,6.8222,0.4675
25-Jul-1957,1.12,5.336,25.3333,6.6889,0.4246
26-Jul-1957,4.38,5.327,23.55,6.9389,0.4165
27-Jul-1957,0,5.318,25.1444,6.1278,0.4756
28-Jul-1957,0,5.308,24.4556,7.8611,0.4326
29-Jul-1957,0,5.297,24.4556,6.3389,0.4165
30-Jul-1957,0,5.286,24.5889,9.9,0.395
31-Jul-1957,0,5.273,23.9333,7.4056,0.3789
01-Aug-1957,0,5.26,26.0167,5.3056,0.4084
02-Aug-1957,0,5.247,26.5722,6.7333,0.4165
03-Aug-1957,0,5.232,26.6611,6.7556,0.4004
04-Aug-1957,0,5.217,23.2333,8.5,0.3789
05-Aug-1957,0,5.202,19.2222,8.4944,0.3628
06-Aug-1957,0,5.185,19.6944,2.0778,0.3708
07-Aug-1957,0,5.168,20.7611,3.5944,0.3628
08-Aug-1957,0,5.151,23.2389,4.2778,0.3628
09-Aug-1957,0,5.132,24.4667,5.2167,0.3413
10-Aug-1957,0,5.113,23.5278,5.55,0.2956
11-Aug-1957,0,5.094,22.7278,4.2333,0.258
12-Aug-1957,0,5.073,24.2722,2.9722,0.2391
13-Aug-1957,0,5.052,25.3333,4.4889,0.2472
14-Aug-1957,0,5.031,24.8556,6.8833,0.2687
15-Aug-1957,0,5.009,25.1167,5.8556,0.2875
16-Aug-1957,0,4.986,25.4167,5.6167,0.2741
17-Aug-1957,0,4.962,27.0833,6.2111,0.2687
18-Aug-1957,0,4.938,26.85,5.9389,0.2633
19-Aug-1957,0,4.913,25.9222,5.95,0.2472
20-Aug-1957,0,4.888,25.3,5.3111,0.2338
21-Aug-1957,0,4.862,24.2,5.1833,0.2042
22-Aug-1957,0,4.836,25.0944,5.1222,0.1988
23-Aug-1957,0,4.809,26.2889,6.7889,0.2338
24-Aug-1957,0,4.781,25.3778,8.8222,0.2472
25-Aug-1957,0,4.753,22.5333,7.1556,0.2042
26-Aug-1957,0,4.724,20.8722,7.8444,0.1988
27-Aug-1957,0,4.695,19.5111,6.9167,0.1935
28-Aug-1957,0,4.665,18.1611,4.65,0.2177
29-Aug-1957,0,4.635,16.3167,2.9056,0.2687
30-Aug-1957,0,4.604,16.5778,0.7056,0.2338
31-Aug-1957,0,4.573,19.6611,0.8611,0.2042
01-Sep-1957,0,4.541,23.35,3.4,0.1827
02-Sep-1957,0,4.509,24.5111,5.1056,0.1747
03-Sep-1957,0,4.476,24.2556,5.75,0.1612
04-Sep-1957,0,4.443,24.2222,6.2611,0.2177
05-Sep-1957,0,4.409,24.9167,6.6778,0.2391
06-Sep-1957,0,4.375,27.7389,6.3944,0.1988
07-Sep-1957,0,4.341,28.7889,7.7444,0.18
08-Sep-1957,0,4.306,28.3111,8.4056,0.1666
09-Sep-1957,0,4.27,25.4556,7.3,0.1693
10-Sep-1957,0,4.235,23.4944,5.5778,0.1558
11-Sep-1957,0,4.198,23.6333,5.4222,0.1988
12-Sep-1957,0.5,4.162,22.8278,5.9167,0.2069
13-Sep-1957,0,4.125,22.1833,5.7111,0.18
14-Sep-1957,0,4.088,22.1944,4.6889,0.1693
15-Sep-1957,0,4.05,21.0944,4.5833,0.1693
16-Sep-1957,0.13,4.012,18.5167,2.8333,0.1693
17-Sep-1957,7.03,3.974,12.4611,4.8444,0.1693
18-Sep-1957,0,3.935,15.4111,3.45,0.1881
19-Sep-1957,0,3.896,13.9056,1.9222,0.1881
20-Sep-1957,0,3.857,17.2444,-0.7556,0.1827
21-Sep-1957,0,3.817,19.9556,1.1778,0.1747
22-Sep-1957,0,3.777,22.2722,2.4667,0.1693
23-Sep-1957,0,3.737,23.65,3.1667,0.1666
24-Sep-1957,0,3.697,23.1667,4.7167,0.1612
25-Sep-1957,0,3.656,20.3889,5.6278,0.1558
26-Sep-1957,0,3.616,18.8222,5.2444,0.1558
27-Sep-1957,0.07,3.575,18.6944,7.2111,0.1505
28-Sep-1957,0.04,3.534,19.55,3.6778,0.1505
29-Sep-1957,4.03,3.492,19.1,6.2056,0.1505
30-Sep-1957,0.44,3.451,15.9333,3.4056,0.1693
01-Oct-1957,0,3.409,13.6556,3.5278,0.1693
02-Oct-1957,0.08,3.367,14.4889,-0.6444,0.1666
03-Oct-1957,0.78,3.325,8.9056,1.7556,0.1612
04-Oct-1957,0.12,3.283,7.5611,-3.0667,0.1666
05-Oct-1957,0.08,3.241,9.1222,-0.3889,0.1693
06-Oct-1957,0.03,3.198,9.2333,-1.6944,0.1666
07-Oct-1957,0,3.156,10.7611,-4.9944,0.1666
08-Oct-1957,0,3.113,15.0778,-0.75,0.1666
09-Oct-1957,0,3.071,17.2167,3.1889,0.1612
10-Oct-1957,0,3.028,14.3833,1.3611,0.1612
11-Oct-1957,4.13,2.986,9.6722,3.2111,0.1693
12-Oct-1957,1.56,2.943,9.2778,1.3444,0.1827
13-Oct-1957,10.29,2.9,9.0611,2.8722,0.1935
14-Oct-1957,0.09,2.857,10.9778,-0.3556,0.2687
15-Oct-1957,0.02,2.815,11.4611,0.9444,0.223
16-Oct-1957,0,2.772,13,-1.7,0.1988
17-Oct-1957,0,2.729,14.2611,-1.2778,0.1881
18-Oct-1957,0.14,2.687,14.3278,0.9667,0.1827
19-Oct-1957,11.02,2.644,10.9778,-1.8611,0.1881
20-Oct-1957,37.19,2.602,4.0444,-1.3,0.2391
21-Oct-1957,0.88,2.56,6.15,-1.9722,0.2391
22-Oct-1957,0,2.517,9.9833,-1.1556,0.2284
23-Oct-1957,2.88,2.475,6.6556,0.7278,0.2391
24-Oct-1957,0.03,2.433,10.5889,0.7278,0.2338
25-Oct-1957,0.56,2.391,12.8667,2.1056,0.2391
26-Oct-1957,1.99,2.349,10.9944,3.4167,0.258
27-Oct-1957,0.01,2.308,11.1444,1.1222,0.2526
28-Oct-1957,0,2.266,10.3944,1.3667,0.2338
29-Oct-1957,0,2.225,11.6167,-1.1778,0.2177
30-Oct-1957,0,2.184,12.85,-1.0111,0.2123
31-Oct-1957,0,2.143,12.2111,-1.35,0.2042
01-Nov-1957,0,2.103,10.0222,-2.6056,0.2042
02-Nov-1957,16.98,2.062,3.0056,-4.7556,0.2123
03-Nov-1957,2.18,2.022,0.0556,-5.2889,0.1988
04-Nov-1957,8.3,1.982,-1.25,-4.7056,0.223
05-Nov-1957,0.07,1.943,0.7833,-6.3944,0.2284
06-Nov-1957,0.02,1.904,5.2111,-8.7056,0.1988
07-Nov-1957,0,1.865,7.5389,-7.2778,0.2042
08-Nov-1957,0,1.826,7.2111,-3.1833,0.2284
09-Nov-1957,0,1.787,8.1556,-5.0722,0.223
10-Nov-1957,0.24,1.749,8.9167,-1.75,0.223
11-Nov-1957,0.97,1.712,6.1944,-5.5944,0.2177
12-Nov-1957,0.19,1.674,6.7667,-1.4722,0.2123
13-Nov-1957,7.86,1.637,6.8667,0.5444,0.2177
14-Nov-1957,26.05,1.601,4.0944,-1.0444,0.3278
15-Nov-1957,2.57,1.564,-0.1222,-7.5889,0.2526
16-Nov-1957,1.26,1.528,-0.4667,-8.7778,0.2391
17-Nov-1957,0.02,1.493,0.9278,-9.6389,0.223
18-Nov-1957,3.6,1.458,4.6111,-3.8611,0.2338
19-Nov-1957,0.4,1.423,7.0944,0.1222,0.2633
20-Nov-1957,0,1.389,8.5611,-3.7722,0.258
21-Nov-1957,0,1.355,4.7056,-4.9889,0.2472
22-Nov-1957,0,1.322,4.8389,-9.9444,0.1988
23-Nov-1957,0,1.289,8.2333,-6.9333,0.2069
24-Nov-1957,0,1.257,10.45,-6.3222,0.2177
25-Nov-1957,0,1.225,11.9111,-4.9556,0.2177
26-Nov-1957,0,1.193,10.2722,-5.1556,0.223
27-Nov-1957,0,1.163,5.7556,-8.5611,0.2069
28-Nov-1957,0,1.132,8.4278,-7.5056,0.2042
29-Nov-1957,0,1.102,5.5944,-9.0556,0.1988
30-Nov-1957,0,1.073,7.5611,-8.2,0.1827
01-Dec-1957,0,1.044,9.8111,-8.1333,0.1935
02-Dec-1957,0,1.016,8.1556,-8.1,0.1881
03-Dec-1957,0,0.988,8.7,-8.2889,0.18
04-Dec-1957,0.46,0.961,6.2222,-7.8944,0.2042
05-Dec-1957,5.55,0.935,2.7111,-4.3611,0.2338
06-Dec-1957,0,0.909,5.5833,-8.7889,0.18
07-Dec-1957,0,0.883,9.2278,-6.3556,0.1881
08-Dec-1957,0,0.858,10.1667,-6.9,0.1827
09-Dec-1957,0,0.834,10.2333,-6.1056,0.1827
10-Dec-1957,0,0.811,9.6722,-6.9333,0.1935
11-Dec-1957,0,0.788,9.85,-6.5667,0.1988
12-Dec-1957,0,0.765,9.4889,-7.6722,0.1827
13-Dec-1957,0,0.743,9.1167,-5.2889,0.1935
14-Dec-1957,0.18,0.722,7.0611,-3.5389,0.1988
15-Dec-1957,33.42,0.702,5.8889,-1.5889,0.223
16-Dec-1957,38.81,0.682,6.4,0.1,0.4004
17-Dec-1957,8.11,0.663,2.4556,-2.5944,0.4084
18-Dec-1957,20.76,0.644,0.6389,-3.6611,0.2875
19-Dec-1957,0.04,0.627,4.0944,-6.3722,0.2633
20-Dec-1957,0,0.609,7.0889,-3.4333,0.2687
21-Dec-1957,7.77,0.593,3.6389,-3.5333,0.258
22-Dec-1957,0.05,0.577,0.7056,-10.3722,0.2284
23-Dec-1957,0.02,0.562,1.8889,-12.4667,0.1747
24-Dec-1957,0.01,0.547,6.0333,-9.6444,0.2875
25-Dec-1957,0,0.534,6.8111,-7.1278,0.2526
26-Dec-1957,0.03,0.521,5.8389,-4.05,0.258
27-Dec-1957,0.03,0.508,4.7667,-8.2278,0.2284
28-Dec-1957,0.62,0.497,6.9278,-4.0056,0.2526
29-Dec-1957,0.08,0.486,7.1167,-1.8611,0.258
30-Dec-1957,0,0.475,5.0944,-8.8167,0.2284
31-Dec-1957,0,0.466,4.4,-8.5778,0.2284
01-Jan-1958,0,0.44,6.5611,-7.3278,0.2284
02-Jan-1958,2.03,0.442,5.6667,-4.6556,0.2284
03-Jan-1958,0,0.435,3.25,-5.4889,0.223
04-Jan-1958,0,0.429,3.95,-8.1444,0.1988
05-Jan-1958,0,0.424,6.5389,-8.6333,0.1747
06-Jan-1958,0,0.419,4.5167,-8.2,0.2042
07-Jan-1958,0,0.416,6.3778,-7.2611,0.2526
08-Jan-1958,0,0.413,8.9,-5.9111,0.223
09-Jan-1958,5.59,0.41,6.9444,-8.1,0.2042
10-Jan-1958,12.22,0.409,3.85,-3.6889,0.2526
11-Jan-1958,0.1,0.408,3.7944,-4.7778,0.2123
12-Jan-1958,4.23,0.408,5.0056,-6.0944,0.223
13-Jan-1958,0.28,0.409,2.6944,-8.1833,0.1988
14-Jan-1958,0,0.41,4.8444,-8.9833,0.1935
15-Jan-1958,0.01,0.412,6.0722,-6.9833,0.2284
16-Jan-1958,0,0.415,7.7222,-5.1389,0.2069
17-Jan-1958,0,0.419,9.8722,-6.1611,0.1988
18-Jan-1958,0,0.423,5.7389,-8.3833,0.1988
19-Jan-1958,0,0.428,5.2833,-10.1056,0.18
20-Jan-1958,0.01,0.434,5.2444,-8.8722,0.2284
21-Jan-1958,0,0.44,1.65,-11.0278,0.1747
22-Jan-1958,0,0.447,3.6722,-11.8278,0.18
23-Jan-1958,7.92,0.455,9.3389,-8.3,0.2123
24-Jan-1958,32.47,0.464,4.1389,-2.2778,0.2391
25-Jan-1958,11.86,0.473,5.35,-4.25,0.2338
26-Jan-1958,19.25,0.483,3.9444,-3.5167,0.2391
27-Jan-1958,0.05,0.494,4.7833,-6.1111,0.223
28-Jan-1958,0.17,0.506,8.3333,-1.4778,0.223
29-Jan-1958,18.01,0.518,8.2167,1.6222,0.2284
30-Jan-1958,2.04,0.531,2.8667,-4.9556,0.2338
31-Jan-1958,0.01,0.545,4.3722,-8.6444,0.1988
01-Feb-1958,0,0.559,4.1611,-8.6889,0.2069
02-Feb-1958,14.11,0.574,3.9444,-5.4889,0.2526
03-Feb-1958,13.66,0.589,2.3667,-2.4833,0.2795
04-Feb-1958,7.93,0.606,2.3278,-5.5167,0.2391
05-Feb-1958,1.67,0.623,4.3611,-2.7056,0.258
06-Feb-1958,1.44,0.641,6.1611,-4.2444,0.2526
07-Feb-1958,6.08,0.659,4.7056,-3.2167,0.2633
08-Feb-1958,11.09,0.678,4.1611,-2.7444,0.2956
09-Feb-1958,2.7,0.698,3.1278,-3.5667,0.2687
10-Feb-1958,0.98,0.718,6.8389,-2.3111,0.2687
11-Feb-1958,0.85,0.739,6.9333,-6.1667,0.2526
12-Feb-1958,20.45,0.761,5.0167,-1.2389,0.5025
13-Feb-1958,0.07,0.783,4.3278,-7.7778,0.4756
14-Feb-1958,1.76,0.806,5.7389,-4.7333,0.3789
15-Feb-1958,0.05,0.829,9.3389,-2.4056,0.395
16-Feb-1958,0.05,0.853,11.7111,-1.2611,0.4004
17-Feb-1958,0,0.878,13.1056,-0.2278,0.4084
18-Feb-1958,2.33,0.903,10.4,-0.95,0.4084
19-Feb-1958,2.55,0.929,6.0333,-0.0667,0.4326
20-Feb-1958,0,0.955,9.7167,0.25,0.5025
21-Feb-1958,0.35,0.982,11.9,-4.3889,0.5401
22-Feb-1958,0.23,1.01,11.2222,-2.6778,0.5105
23-Feb-1958,0.23,1.038,10.9444,-2.2944,0.5401
24-Feb-1958,57.85,1.067,7.4556,-0.4389,1.4671
25-Feb-1958,23.26,1.096,2.0833,-3.45,2.2007
26-Feb-1958,0.03,1.126,1.3167,-9.4333,0.9969
27-Feb-1958,0.05,1.156,1.5667,-11.3444,0.7362
28-Feb-1958,5.01,1.187,-1.4389,-9.0833,0.6933
01-Mar-1958,0,1.218,-0.5167,-12.0667,0.5777
02-Mar-1958,0,1.25,2.3222,-12.0333,0.5105
03-Mar-1958,0,1.282,2.0667,-9.6333,0.5025
04-Mar-1958,0,1.315,4.2833,-9.3278,0.4864
05-Mar-1958,0.87,1.348,6.5722,-8.5889,0.4675
06-Mar-1958,9.73,1.382,-0.25,-7.2778,0.4864
07-Mar-1958,0.33,1.416,3.7,-9.8556,0.4514
08-Mar-1958,2.93,1.451,1.0056,-6.3611,0.4434
09-Mar-1958,0,1.486,1.7722,-12.0556,0.3789
10-Mar-1958,2.45,1.521,-0.9833,-9.3556,0.395
11-Mar-1958,3.4,1.557,-0.2167,-7.6556,0.4084
12-Mar-1958,5.64,1.593,-0.6222,-9.2944,0.3708
13-Mar-1958,3.34,1.629,-0.1667,-10.1778,0.3628
14-Mar-1958,23.72,1.666,-0.7556,-7.0556,0.3708
15-Mar-1958,26.08,1.704,2.5778,-5.3333,0.3789
16-Mar-1958,19.2,1.741,2.2667,-4.2556,0.4246
17-Mar-1958,0.17,1.779,5.2111,-5.0833,0.4864
18-Mar-1958,0,1.818,6.8444,-8.8833,0.4864
19-Mar-1958,0.65,1.856,10.1333,-7.7444,0.5105
20-Mar-1958,26.51,1.895,4.9778,-0.5833,0.7148
21-Mar-1958,30.48,1.935,2.8722,-2.0167,1.0076
22-Mar-1958,2.73,1.974,4.6,-3.1944,0.7577
23-Mar-1958,1.64,2.014,5.0167,-3.6944,0.6933
24-Mar-1958,1.05,2.054,3.9167,-3.0833,0.6825
25-Mar-1958,0.43,2.094,4.0333,-3.2556,0.6449
26-Mar-1958,0,2.135,5.6889,-8.6778,0.6153
27-Mar-1958,3.56,2.176,3.4889,-6.4778,0.6073
28-Mar-1958,0.89,2.217,4.9667,-3.9444,0.5697
29-Mar-1958,2.92,2.258,4.6944,-2.3167,0.5697
30-Mar-1958,13.48,2.299,1.2556,-2.8778,0.6449
31-Mar-1958,1.95,2.341,3.15,-6.4444,0.5777
01-Apr-1958,25.92,2.382,0.8833,-3.6111,0.6261
02-Apr-1958,56.55,2.424,0.2222,-4.5944,0.532
03-Apr-1958,48.94,2.466,-1.5222,-4.5278,0.4944
04-Apr-1958,3.53,2.508,0.2111,-6.8111,0.4864
05-Apr-1958,0.5,2.551,3.2389,-7.95,0.5025
06-Apr-1958,8.54,2.593,3.0944,-4.4944,0.5401
07-Apr-1958,0.13,2.635,4.5111,-4.4611,0.5105
08-Apr-1958,0,2.678,7.5056,-7.1889,0.532
09-Apr-1958,0,2.72,9.3056,-5.0833,0.7577
10-Apr-1958,0,2.763,10.9056,-3.8667,1.0211
11-Apr-1958,0,2.806,10.1611,-3.5278,1.2495
12-Apr-1958,0.02,2.848,12.8778,-4.3222,1.3543
13-Apr-1958,0.01,2.891,12.5444,-3.1278,1.5316
14-Apr-1958,0,2.934,14.3056,-2.0333,1.8433
15-Apr-1958,0,2.977,16.0389,-2.4,1.9992
16-Apr-1958,0,3.019,15.7667,-2.5778,2.2544
17-Apr-1958,0,3.062,14.85,0.4722,2.8483
18-Apr-1958,0,3.104,14,0.7333,3.3319
19-Apr-1958,0,3.147,17.1278,-0.6889,3.3319
20-Apr-1958,0,3.189,17.7833,0.5222,3.4663
21-Apr-1958,0,3.232,17.35,-1.3444,3.735
22-Apr-1958,0.03,3.274,10.8278,-0.2944,3.5469
23-Apr-1958,0,3.316,5.4611,-8.3611,2.7945
24-Apr-1958,0,3.358,7.0167,-8.2833,2.3485
25-Apr-1958,0,3.4,10.1389,-5.6278,2.1792
26-Apr-1958,0,3.442,10.9889,-4.4889,2.1792
27-Apr-1958,0,3.483,12.6556,-3.9056,2.292
28-Apr-1958,0.96,3.525,11.7111,-1.6833,2.3861
29-Apr-1958,1.35,3.566,9.6889,-0.7,2.4049
30-Apr-1958,0.33,3.607,12.9667,-2.7611,2.3673
01-May-1958,0,3.648,14.3556,-2.55,2.6682
02-May-1958,0,3.689,15.4889,-0.8056,3.0632
03-May-1958,0,3.729,17.4944,-0.6111,3.4932
04-May-1958,0,3.769,19.2444,0.6167,4.0306
05-May-1958,0,3.809,17.6167,2.0778,4.8904
06-May-1958,0,3.848,15.8722,1.2056,5.3741
07-May-1958,0,3.888,16.4556,-1.8389,5.1591
08-May-1958,0,3.927,18.3111,-0.1222,4.8098
09-May-1958,0,3.965,20.15,1.4556,4.9979
10-May-1958,1.43,4.004,18.0833,1.8833,5.3203
11-May-1958,16.86,4.042,9.2944,2.3222,5.6697
12-May-1958,1.75,4.08,8.4111,0.3111,3.9499
13-May-1958,0,4.117,12.4556,-1.7333,3.7081
14-May-1958,0,4.154,15.9944,-1.2333,3.8693
15-May-1958,0,4.191,18.9778,0.7611,4.2993
16-May-1958,0,4.227,20.8889,1.6944,4.9442
17-May-1958,0,4.263,21.55,3.8278,5.6697
18-May-1958,0,4.298,21.1889,4.8833,6.4758
19-May-1958,0,4.333,21.4889,2.5278,7.0132
20-May-1958,0,4.368,19.6778,5.2333,6.6907
21-May-1958,0,4.402,21.4111,2.7556,6.3952
22-May-1958,3.75,4.436,16.6833,5.2722,6.1533
23-May-1958,2.02,4.469,17.3222,3.0556,6.1265
24-May-1958,0.12,4.502,17.6944,2.7833,6.0458
25-May-1958,0,4.535,19.4,4.3556,5.8309
26-May-1958,0,4.566,19.55,2.35,5.5622
27-May-1958,0,4.598,17.2833,3,5.401
28-May-1958,0,4.629,17.9444,3.2111,5.3472
29-May-1958,0,4.659,17.7,2.4444,5.2935
30-May-1958,0,4.689,17.4278,3.6444,5.3741
31-May-1958,0,4.718,15.6278,4.9333,5.3741
01-Jun-1958,0.08,4.747,13.1333,3.7278,4.9979
02-Jun-1958,6.13,4.775,11.7167,3.15,4.3799
03-Jun-1958,0.18,4.803,11.2,0.4444,4.0843
04-Jun-1958,0,4.83,18.0833,-0.7722,3.6275
05-Jun-1958,0,4.857,17.2944,4.2222,3.7887
06-Jun-1958,0.26,4.883,14.1278,4.5,3.9499
07-Jun-1958,1.87,4.908,12.7333,0.9111,3.7081
08-Jun-1958,1.5,4.933,9.8556,0.9611,3.5738
09-Jun-1958,0,4.957,14.2778,0.6222,3.2513
10-Jun-1958,0.53,4.981,15.1444,2.3056,3.5469
11-Jun-1958,6.07,5.004,11.4667,3.3944,3.6275
12-Jun-1958,5.1,5.026,8.3222,2.8722,3.1438
13-Jun-1958,10.77,5.048,12.9222,0.9611,3.1438
14-Jun-1958,1.34,5.069,17.6611,2.2722,3.1976
15-Jun-1958,1.74,5.089,21.5833,4.2556,3.5738
16-Jun-1958,1.07,5.109,23.4611,5.6167,3.9231
17-Jun-1958,1.01,5.128,22.4111,6.3833,4.1112
18-Jun-1958,4.84,5.147,21.3667,6.9222,4.6217
19-Jun-1958,0.04,5.165,20.1333,5.5,5.186
20-Jun-1958,0,5.182,20.7667,4.2778,4.4874
21-Jun-1958,0,5.198,23.3056,6.4611,4.3261
22-Jun-1958,0,5.214,24.5722,8.3167,4.5411
23-Jun-1958,0,5.229,21.0611,9.8056,4.5948
24-Jun-1958,0,5.244,19.4111,3.9389,4.1918
25-Jun-1958,0,5.258,21.8333,4.1778,3.4932
26-Jun-1958,0.07,5.271,24.5,6.0722,3.3588
27-Jun-1958,0,5.283,22.3889,11.1667,3.3588
28-Jun-1958,0,5.295,22.2167,2.7556,3.1438
29-Jun-1958,0,5.306,18.7944,7.2556,2.8214
30-Jun-1958,0,5.316,18.3,1.3556,2.5742
01-Jul-1958,0,5.325,17.2,3.7944,2.3861
02-Jul-1958,0,5.334,18.7667,3.7,2.292
03-Jul-1958,0.17,5.342,21.1667,5.0056,2.2168
04-Jul-1958,0.45,5.35,22.5167,5.9389,2.2544
05-Jul-1958,0,5.356,24.3,6.7722,2.1416
06-Jul-1958,0,5.362,25.8222,8.0111,2.1416
07-Jul-1958,0,5.367,25.2,8.1667,2.1792
08-Jul-1958,0,5.372,26.2,5.9,2.069
09-Jul-1958,0,5.376,26.4,7.7222,1.9669
10-Jul-1958,0,5.379,27.5722,7.5222,1.8782
11-Jul-1958,0,5.381,27.65,8.1167,1.7251
12-Jul-1958,0,5.382,27.7056,7.9833,1.6606
13-Jul-1958,0,5.383,25.7,7.5333,1.58
14-Jul-1958,0,5.383,24.2389,9.0667,1.4188
15-Jul-1958,1.79,5.383,21.75,7.9944,1.3704
16-Jul-1958,0.24,5.381,19.3778,5.4111,1.2898
17-Jul-1958,11.15,5.379,16.8167,4.4278,1.236
18-Jul-1958,0,5.376,19.5167,3.9444,1.1957
19-Jul-1958,1.45,5.373,21.3444,6.5222,1.0694
20-Jul-1958,0,5.368,21.9,7.0167,1.056
21-Jul-1958,0.52,5.363,22.2889,8.2333,0.9969
22-Jul-1958,16.89,5.358,21.3333,8.7944,1.056
23-Jul-1958,9.16,5.351,19.1167,7.6667,1.2763
24-Jul-1958,0.05,5.344,21.5778,4.9333,1.056
25-Jul-1958,0,5.336,23.0611,7.7278,0.9378
26-Jul-1958,0.05,5.327,25.4611,8.5889,0.9136
27-Jul-1958,0,5.318,26.9667,8.9889,0.8679
28-Jul-1958,3.4,5.308,25.7333,9.7944,0.8357
29-Jul-1958,0.01,5.297,23.75,8.6778,0.8357
30-Jul-1958,0,5.286,23.2056,7.85,0.7577
31-Jul-1958,3.24,5.273,24.7556,7.6389,0.6933
01-Aug-1958,5.24,5.26,25.85,9.2333,0.8464
02-Aug-1958,0.16,5.247,24.9333,10.3944,0.8572
03-Aug-1958,0,5.232,25.2556,8.6,0.7255
04-Aug-1958,0,5.217,26.6278,7.6167,0.6449
05-Aug-1958,0,5.202,27.7278,8.1,0.5858
06-Aug-1958,0,5.185,28.6611,10.3111,0.5589
07-Aug-1958,2.93,5.168,26.4667,10.7611,0.5589
08-Aug-1958,0.19,5.151,24.2833,13.6444,0.6449
09-Aug-1958,0,5.132,25.85,9.55,0.5965
10-Aug-1958,0.01,5.113,27.0278,12.7611,0.5401
11-Aug-1958,0,5.094,27.3167,11.1833,0.5213
12-Aug-1958,0.07,5.073,28.7889,10.9389,0.5105
13-Aug-1958,0.54,5.052,28.55,10.7611,0.4864
14-Aug-1958,0.74,5.031,27.8944,10.3667,0.4595
15-Aug-1958,1.76,5.009,27.4111,11.6111,0.5858
16-Aug-1958,1.58,4.986,22.7,12.6056,0.6744
17-Aug-1958,1.27,4.962,21.3611,11.5111,0.6825
18-Aug-1958,10.53,4.938,22.4222,8.9222,0.6933
19-Aug-1958,0.99,4.913,22.8,7.2667,0.8007
20-Aug-1958,0.02,4.888,23.9444,8.4722,0.5777
21-Aug-1958,0,4.862,24.3944,6.8444,0.4864
22-Aug-1958,0,4.836,24.0889,6.6722,0.4326
23-Aug-1958,0,4.809,25.5889,8.1889,0.4165
24-Aug-1958,0,4.781,26.6278,9.0056,0.3789
25-Aug-1958,0,4.753,26.6556,9.3333,0.3869
26-Aug-1958,0,4.724,26.0944,10.0278,0.4165
27-Aug-1958,0,4.695,25.4333,10.0056,0.4756
28-Aug-1958,0,4.665,24.0611,9.1167,0.532
29-Aug-1958,0,4.635,25.0556,7.4944,0.532
30-Aug-1958,0,4.604,25.7778,6.3778,0.5105
31-Aug-1958,0,4.573,26.9056,7.4889,0.4864
01-Sep-1958,0,4.541,26.3167,9.3833,0.4595
02-Sep-1958,0,4.509,25.5,11.0778,0.4434
03-Sep-1958,0,4.476,23.2722,7.5389,0.4514
04-Sep-1958,0,4.443,22.6111,5.3,0.4246
05-Sep-1958,0,4.409,24.0333,5.6,0.4864
06-Sep-1958,0.36,4.375,26.0444,7.2056,0.4434
07-Sep-1958,7.92,4.341,22.5333,9.4944,0.4246
08-Sep-1958,3.51,4.306,21.2,8.8,0.5025
09-Sep-1958,0,4.27,22.7389,4.7778,0.4165
10-Sep-1958,0,4.235,21.7556,5.0611,0.3144
11-Sep-1958,0,4.198,20.4722,4.3611,0.3574
12-Sep-1958,0,4.162,15.9167,5.8,0.3789
13-Sep-1958,0,4.125,15.9,0.0222,0.4084
14-Sep-1958,0.71,4.088,17.8722,1.7222,0.3789
15-Sep-1958,0,4.05,20.4722,2.7278,0.3628
16-Sep-1958,0,4.012,23.6611,4.4722,0.3413
17-Sep-1958,0,3.974,22.5111,8.8444,0.3278
18-Sep-1958,0,3.935,23.8167,5.3389,0.3224
19-Sep-1958,0,3.896,24.9333,5.8667,0.2687
20-Sep-1958,0,3.857,21.5556,5.5222,0.2526
21-Sep-1958,0,3.817,24.4278,4.5167,0.2956
22-Sep-1958,4.09,3.777,19.9722,9.0944,0.3063
23-Sep-1958,4.38,3.737,11.75,3.6444,0.3628
24-Sep-1958,0,3.697,12.4556,-3.9556,0.3789
25-Sep-1958,0,3.656,18.7444,-0.9667,0.3009
26-Sep-1958,0,3.616,19.8944,1.6111,0.2741
27-Sep-1958,0,3.575,22.4944,3.9222,0.2633
28-Sep-1958,0,3.534,22.8722,3.8,0.258
29-Sep-1958,0,3.492,22.7278,4.0222,0.2526
30-Sep-1958,0,3.451,20.8556,4.1444,0.2391
01-Oct-1958,0,3.409,21.1111,3.8167,0.2338
02-Oct-1958,0,3.367,21.2556,3.0056,0.2338
03-Oct-1958,0,3.325,22.4167,3.1056,0.2284
04-Oct-1958,0,3.283,23.2444,4.05,0.2284
05-Oct-1958,0,3.241,22.6444,4.9889,0.223
06-Oct-1958,0,3.198,20.2389,5.5889,0.2177
07-Oct-1958,0,3.156,19.3278,0.6778,0.2177
08-Oct-1958,0,3.113,20.0278,2.3,0.1935
09-Oct-1958,0,3.071,18.7167,2.8056,0.1988
10-Oct-1958,0,3.028,20.5556,2.6389,0.2042
11-Oct-1958,0,2.986,21.5722,3.2444,0.2042
12-Oct-1958,0,2.943,21.8111,2.7389,0.2123
13-Oct-1958,0,2.9,21.9889,3.25,0.2123
14-Oct-1958,0,2.857,21.2444,3.1333,0.2069
15-Oct-1958,0,2.815,21.2944,3.9222,0.2069
16-Oct-1958,0,2.772,20.3667,4.0167,0.2069
17-Oct-1958,0,2.729,20.8167,4.4944,0.2042
18-Oct-1958,2.78,2.687,16.0944,6.5167,0.1988
19-Oct-1958,0.03,2.644,13.1444,5.2889,0.2123
20-Oct-1958,0,2.602,9.8222,-4.1833,0.2069
21-Oct-1958,0,2.56,12.0722,-4.6889,0.2069
22-Oct-1958,0,2.517,13.9389,-2.9,0.2069
23-Oct-1958,0.71,2.475,11.5778,0.5667,0.2177
24-Oct-1958,0.93,2.433,12.7167,0.7833,0.223
25-Oct-1958,0.04,2.391,13.0167,0.2611,0.223
26-Oct-1958,0.06,2.349,13.3111,1.2167,0.223
27-Oct-1958,0,2.308,13.5444,-0.0389,0.223
28-Oct-1958,0,2.266,14.0278,-0.7611,0.2177
29-Oct-1958,0,2.225,13.3611,-2.5722,0.2123
30-Oct-1958,0,2.184,13.05,-4.6667,0.2069
31-Oct-1958,0,2.143,11.4444,-1.2,0.2042
01-Nov-1958,0,2.103,12.4278,-3.3444,0.2069
02-Nov-1958,0,2.062,13.9333,-3.9444,0.2069
03-Nov-1958,0,2.022,15.6556,-2.8778,0.2069
04-Nov-1958,0,1.982,16.5556,-1.2389,0.2069
05-Nov-1958,0,1.943,15.5167,-1.0889,0.2069
06-Nov-1958,0,1.904,16.6222,-1.85,0.2042
07-Nov-1958,0,1.865,15.1611,-0.6222,0.2042
08-Nov-1958,0,1.826,18.3389,-0.7722,0.2042
09-Nov-1958,6.87,1.787,15.4556,1.7,0.1988
10-Nov-1958,6.97,1.749,8.5,-0.4556,0.2284
11-Nov-1958,0.02,1.712,4.5667,-3.9444,0.2472
12-Nov-1958,0,1.674,8.3778,-7.7389,0.2177
13-Nov-1958,1.62,1.637,10.4278,-5.2333,0.2069
14-Nov-1958,13.83,1.601,4.4278,-3.1833,0.2526
15-Nov-1958,7.09,1.564,-3.9889,-12.5111,0.2338
16-Nov-1958,0.64,1.528,-5.9056,-12.0556,0.2069
17-Nov-1958,0,1.493,-2.6889,-15.9,0.1612
18-Nov-1958,0.44,1.458,3.5389,-12.5667,0.2177
19-Nov-1958,0.1,1.423,8.9778,-5.2556,0.2687
20-Nov-1958,0,1.389,8.9056,-5.35,0.258
21-Nov-1958,0,1.355,7.75,-5.2444,0.2526
22-Nov-1958,0,1.322,9.5167,-5.4111,0.2391
23-Nov-1958,0,1.289,9.7833,-5.8056,0.2284
24-Nov-1958,0,1.257,10.3444,-3.1944,0.2391
25-Nov-1958,0,1.225,10.0056,-2.9556,0.223
26-Nov-1958,0.07,1.193,7.7833,-1.6,0.2284
27-Nov-1958,0,1.163,8.1111,-5.3111,0.223
28-Nov-1958,0,1.132,7.2278,-7.3667,0.1988
29-Nov-1958,0,1.102,8.9722,-8.1667,0.1935
30-Nov-1958,0,1.073,8.7778,-8.4333,0.1935
01-Dec-1958,0,1.044,11.2167,-6.5611,0.1988
02-Dec-1958,0,1.016,13.0278,-5.65,0.2069
03-Dec-1958,0,0.988,16.9333,-3.9056,0.2069
04-Dec-1958,0,0.961,16.85,-2.1,0.2069
05-Dec-1958,0,0.935,15.4389,-2.3222,0.2042
06-Dec-1958,0,0.909,14.6444,-2.9778,0.2042
07-Dec-1958,0,0.883,14.4667,-4.5167,0.1935
08-Dec-1958,0,0.858,11.9889,-3.8,0.1881
09-Dec-1958,0,0.834,11.1222,-2.6944,0.2042
10-Dec-1958,0,0.811,12.6111,-3.7889,0.1935
11-Dec-1958,0,0.788,13.7778,-2.8778,0.1988
12-Dec-1958,0,0.765,10.9,-3.7278,0.1988
13-Dec-1958,0,0.743,9.0444,-5.7778,0.1827
14-Dec-1958,0,0.722,9.2222,-7.85,0.1693
15-Dec-1958,0,0.702,10.5278,-6,0.1612
16-Dec-1958,0,0.682,12.1389,-5.55,0.1988
17-Dec-1958,0,0.663,12.3889,-5.5056,0.1881
18-Dec-1958,0,0.644,12.7556,-5.1667,0.1827
19-Dec-1958,0,0.627,10.5,-6.8944,0.1747
20-Dec-1958,0.02,0.609,9.7389,-6.2111,0.18
21-Dec-1958,10.21,0.593,5.8889,-3.45,0.1881
22-Dec-1958,14.45,0.577,2.4778,-2.3333,0.2069
23-Dec-1958,0,0.562,3.7278,-5.2389,0.1881
24-Dec-1958,0.99,0.547,5.3167,-8.0667,0.1612
25-Dec-1958,1.44,0.534,6.1556,-4.05,0.1827
26-Dec-1958,11.28,0.521,7.0056,-5.7389,0.1827
27-Dec-1958,13.88,0.508,4.4222,-3.7389,0.2284
28-Dec-1958,0.01,0.497,2.8111,-6.1278,0.1827
29-Dec-1958,0,0.486,4.1111,-9.45,0.1451
30-Dec-1958,0,0.475,6.2556,-7.1722,0.1666
31-Dec-1958,0,0.466,7.2722,-5.6944,0.2123
01-Jan-1959,0,0.44,9.6889,-6.6056,0.1827
02-Jan-1959,0,0.442,4.85,-6.0722,0.1935
03-Jan-1959,0,0.435,-0.2444,-13.9667,0.1451
04-Jan-1959,0,0.429,2.8833,-13.5167,0.1666
05-Jan-1959,28.73,0.424,1.8611,-6.5167,0.2956
06-Jan-1959,14,0.419,2.6667,-2.5222,0.2284
07-Jan-1959,0.01,0.416,4.15,-7.2667,0.1747
08-Jan-1959,4.07,0.413,6.3111,-4.3333,0.2069
09-Jan-1959,36.92,0.41,8.1333,-0.6,0.6664
10-Jan-1959,23.56,0.409,7.2278,1.2111,1.1689
11-Jan-1959,0.45,0.408,10.8222,-1.1889,0.6744
12-Jan-1959,4.87,0.408,7.1556,1.3167,0.6153
13-Jan-1959,0,0.409,7.3722,-2.7222,0.5777
14-Jan-1959,0,0.41,8.3611,-6.6611,0.4165
15-Jan-1959,0,0.412,10.0722,-3.9167,0.3789
16-Jan-1959,0,0.415,13.0333,-2.5833,0.3493
17-Jan-1959,0,0.419,14.0167,-3.9778,0.3332
18-Jan-1959,0,0.423,11.7778,-2.9722,0.3224
19-Jan-1959,0,0.428,8.5944,-4.4722,0.3063
20-Jan-1959,0,0.434,1.8611,-9.4,0.2875
21-Jan-1959,0,0.44,4.9722,-8.9,0.258
22-Jan-1959,0,0.447,7.8111,-4.9111,0.3009
23-Jan-1959,0,0.455,11.7222,-4.0833,0.2741
24-Jan-1959,7.28,0.464,9.1333,-0.8889,0.2741
25-Jan-1959,17.47,0.473,4.6389,-0.7333,0.3708
26-Jan-1959,0,0.483,6.3611,-6.8389,0.2741
27-Jan-1959,1.6,0.494,6.9111,-4.4889,0.3063
28-Jan-1959,1.26,0.506,4.5833,-3.4611,0.3009
29-Jan-1959,0.27,0.518,5.3833,-10.1722,0.2338
30-Jan-1959,0,0.531,2.8,-8.9,0.2284
31-Jan-1959,0,0.545,1.2611,-10.9833,0.2177
01-Feb-1959,2.92,0.559,-1.4,-7.5111,0.2338
02-Feb-1959,0,0.574,1.0667,-10.0222,0.258
03-Feb-1959,0,0.589,6.6889,-11.25,0.2177
04-Feb-1959,0,0.606,9.35,-7.45,0.2472
05-Feb-1959,0,0.623,9.5722,-7.05,0.258
06-Feb-1959,0,0.641,8.6,-6.8111,0.2633
07-Feb-1959,5.08,0.659,2.9667,-5.1778,0.2633
08-Feb-1959,11.86,0.678,-1.6333,-9.4333,0.258
09-Feb-1959,1.38,0.698,-2.8833,-13.8,0.2177
10-Feb-1959,40.15,0.718,-1.6611,-8.3556,0.2123
11-Feb-1959,18.36,0.739,-2.05,-8.0389,0.2042
12-Feb-1959,9.15,0.761,-2.55,-9.3278,0.2472
13-Feb-1959,0.04,0.783,-1.4778,-14.05,0.2177
14-Feb-1959,0.91,0.806,3.3,-12.2611,0.2956
15-Feb-1959,27.59,0.829,3.5944,-4.95,0.2875
16-Feb-1959,50.16,0.853,3.5944,-2.2556,1.0963
17-Feb-1959,5.98,0.878,2.7944,-3.7056,1.056
18-Feb-1959,7.7,0.903,2.1944,-3.3389,0.6825
19-Feb-1959,0.59,0.929,4.0167,-4.7444,0.5697
20-Feb-1959,0.08,0.955,3.5667,-7.3222,0.5025
21-Feb-1959,0.64,0.982,1.8778,-7.0889,0.4514
22-Feb-1959,1.11,1.01,1.5444,-6.1056,0.4165
23-Feb-1959,0.01,1.038,3.2278,-9.7611,0.3708
24-Feb-1959,0,1.067,3.5667,-9.7778,0.3574
25-Feb-1959,0,1.096,7.3056,-9.5056,0.3493
26-Feb-1959,0,1.126,8.5556,-7.3,0.3789
27-Feb-1959,0,1.156,9.1167,-6.5278,0.4004
28-Feb-1959,0,1.187,11.2778,-5.6778,0.4246
01-Mar-1959,0,1.218,12.8944,-5.25,0.5025
02-Mar-1959,0,1.25,12.0556,-4.3722,0.5777
03-Mar-1959,0,1.282,10.9111,-4.15,0.6261
04-Mar-1959,0,1.315,8.6944,-7.1278,0.5697
05-Mar-1959,0,1.348,12.3,-7.6056,0.532
06-Mar-1959,0,1.382,10.8556,-5.2611,0.5697
07-Mar-1959,0,1.416,9.8444,-4.4444,0.5858
08-Mar-1959,0,1.451,11.55,-7.0722,0.5965
09-Mar-1959,0,1.486,10.9667,-5.3056,0.6261
10-Mar-1959,0,1.521,8.8,-6.4944,0.6073
11-Mar-1959,0,1.557,11.3167,-7.3111,0.5589
12-Mar-1959,0,1.593,13.9722,-4.5944,0.5965
13-Mar-1959,0,1.629,10.6,-0.5944,0.6637
14-Mar-1959,0,1.666,8.9889,-6.6222,0.6449
15-Mar-1959,0,1.704,8.7111,-7.05,0.5965
16-Mar-1959,0,1.741,13.3611,-6.7389,0.5697
17-Mar-1959,0,1.779,13.2722,-1.7944,0.6153
18-Mar-1959,0,1.818,11.7667,-1.8889,0.6153
19-Mar-1959,0,1.856,10.1111,-2.7778,0.6341
20-Mar-1959,0,1.895,13.0111,-6.5222,0.6073
21-Mar-1959,0,1.935,11.3333,-2.1889,0.6744
22-Mar-1959,0.71,1.974,7.3833,-1.6333,0.6637
23-Mar-1959,12.33,2.014,3.5278,-3.8667,0.6341
24-Mar-1959,0.47,2.054,4.5944,-6.2611,0.5777
25-Mar-1959,0.97,2.094,9.3333,-8.35,0.5589
26-Mar-1959,2.62,2.135,6.9222,-0.8167,0.5777
27-Mar-1959,0.02,2.176,8.5611,-7.2333,0.5482
28-Mar-1959,0.02,2.217,8.9278,-3.9611,0.5482
29-Mar-1959,0.11,2.258,8.7556,-3.2167,0.5401
30-Mar-1959,6.11,2.299,6.55,-1.1333,0.5482
31-Mar-1959,0,2.341,13.3778,-5.7556,0.5589
01-Apr-1959,0,2.382,19.4667,-2.0167,0.6341
02-Apr-1959,0,2.424,18.3611,-0.0944,0.8572
03-Apr-1959,0,2.466,18.8778,-0.0111,0.962
04-Apr-1959,0,2.508,18.9944,0.6333,1.1823
05-Apr-1959,0,2.551,18.8278,0.2056,1.5155
06-Apr-1959,0,2.593,14.7389,-0.5222,1.6122
07-Apr-1959,0,2.635,12.0611,-4.5333,1.5477
08-Apr-1959,0,2.678,13.3444,-5.1056,1.236
09-Apr-1959,0,2.72,13.3111,-4.6944,1.1957
10-Apr-1959,0,2.763,15.95,-3.3722,1.2495
11-Apr-1959,0,2.806,17.6667,-1.6222,1.3381
12-Apr-1959,0,2.848,16.3611,-1.2056,1.4994
13-Apr-1959,0,2.891,14.9889,-2.2833,1.5155
14-Apr-1959,0,2.934,13.6778,-2.8833,1.4671
15-Apr-1959,0,2.977,12.3444,-1.1444,1.3543
16-Apr-1959,0,3.019,12.4611,-5.5944,1.2898
17-Apr-1959,0,3.062,12.0722,-2.3889,1.2629
18-Apr-1959,0,3.104,12.3278,-6.2944,1.1689
19-Apr-1959,0,3.147,12.5444,-4.2222,1.1689
20-Apr-1959,0,3.189,14.3056,-4.0889,1.2629
21-Apr-1959,0,3.232,15.5778,-1.95,1.322
22-Apr-1959,0,3.274,16.3944,-0.5833,1.4026
23-Apr-1959,0,3.316,18.0278,1.2333,1.5316
24-Apr-1959,0,3.358,17.2611,2.2556,1.5316
25-Apr-1959,1.91,3.4,11.1278,2.3444,1.709
26-Apr-1959,13.27,3.442,6.8333,-0.0833,1.451
27-Apr-1959,0,3.483,12.5111,-4.7889,1.1689
28-Apr-1959,0.05,3.525,16.2778,-1.9722,1.2226
29-Apr-1959,0,3.566,21.7944,1.0889,1.3704
30-Apr-1959,0.07,3.607,18.7833,4.9833,1.8084
01-May-1959,7.47,3.648,8.6889,-0.4222,2.2544
02-May-1959,0.94,3.689,3.3667,-5.3056,1.5477
03-May-1959,1.15,3.729,2.9,-6.5167,1.2629
04-May-1959,0.02,3.769,9.0278,-6.7944,1.1178
05-May-1959,0,3.809,10.8389,-2.6222,1.0936
06-May-1959,0,3.848,11.6,-0.2389,1.0936
07-May-1959,0,3.888,15.0778,-1.7167,1.1178
08-May-1959,0,3.927,15.95,-0.0889,1.2763
09-May-1959,0,3.965,15.3222,-1.8722,1.4188
10-May-1959,0,4.004,18.1889,-0.1944,1.5477
11-May-1959,0,4.042,20.75,1.75,1.7896
12-May-1959,0,4.08,23.4333,3.4,2.069
13-May-1959,1.98,4.117,17.3111,6.3222,2.4425
14-May-1959,0.37,4.154,13.3389,2.3278,2.1228
15-May-1959,0,4.191,13.2167,-1.2778,2.069
16-May-1959,0,4.227,14.4833,-2.2722,1.8594
17-May-1959,0,4.263,11.7,2.4444,1.709
18-May-1959,0,4.298,11.35,-1.4667,1.5961
19-May-1959,0,4.333,10.2333,-2.6944,1.4349
20-May-1959,0.02,4.368,11.9889,-3.1389,1.322
21-May-1959,4.79,4.402,12.2611,-1.3278,1.2763
22-May-1959,20.49,4.436,6.3556,-0.4056,1.4349
23-May-1959,8.65,4.469,8.3389,-0.5389,1.236
24-May-1959,5.02,4.502,11.0111,-1.4444,1.1823
25-May-1959,1.44,4.535,13.9333,-0.3944,1.1957
26-May-1959,0.27,4.566,12.0167,1.8278,1.2226
27-May-1959,0,4.598,12.3944,-1.9056,1.1071
28-May-1959,0,4.629,14.2444,-2.6389,1.1178
29-May-1959,0,4.659,13.4833,-1.7278,1.1554
30-May-1959,0,4.689,15.4222,-1.3278,1.1312
31-May-1959,0,4.718,18.5778,0.0833,1.1823
01-Jun-1959,0,4.747,20.7556,0.8167,1.2763
02-Jun-1959,0,4.775,21.0778,2.7111,1.3865
03-Jun-1959,0,4.803,20.4556,3.8222,1.5639
04-Jun-1959,0,4.83,22.4333,1.2556,1.6122
05-Jun-1959,0,4.857,22.7333,4.0111,1.6122
06-Jun-1959,0,4.883,18.0667,6.3222,1.709
07-Jun-1959,0,4.908,17.5556,-1.6444,1.58
08-Jun-1959,0,4.933,18.9944,0.25,1.4188
09-Jun-1959,0,4.957,18.1833,4.2278,1.3865
10-Jun-1959,0,4.981,20.2611,0.6444,1.3059
11-Jun-1959,0,5.004,24.5944,3.6333,1.322
12-Jun-1959,0,5.026,23.5944,6.7889,1.3704
13-Jun-1959,0,5.048,22.45,6.2833,1.4026
14-Jun-1959,0,5.069,21.9556,4.4333,1.3381
15-Jun-1959,0,5.089,20.7222,5.55,1.1554
16-Jun-1959,0,5.109,21.1056,4.9556,1.0802
17-Jun-1959,0.15,5.128,23.65,2.5167,0.9969
18-Jun-1959,0,5.147,26.0278,6.0444,0.9727
19-Jun-1959,0.02,5.165,25.8833,7.8167,0.9243
20-Jun-1959,0,5.182,27.6389,8.7889,0.9243
21-Jun-1959,0,5.198,27.9278,9.4111,0.9485
22-Jun-1959,0,5.214,27.6167,7.3667,0.8787
23-Jun-1959,0,5.229,27.7778,6.7889,0.7792
24-Jun-1959,0,5.244,25.7,7.4222,0.7148
25-Jun-1959,0,5.258,21.3111,8.9111,0.6825
26-Jun-1959,0,5.271,18.4889,5.7056,0.6449
27-Jun-1959,0,5.283,19.4,3.3111,0.5697
28-Jun-1959,0,5.295,19.3667,1.9833,0.532
29-Jun-1959,0,5.306,19.3167,1.3833,0.5105
30-Jun-1959,0,5.316,22.5222,2.5944,0.4864
01-Jul-1959,0,5.325,23.6556,5.1556,0.4595
02-Jul-1959,0,5.334,22.65,7.3,0.4246
03-Jul-1959,0,5.342,23.1611,8.4944,0.4165
04-Jul-1959,0,5.35,23.3944,6.1833,0.395
05-Jul-1959,0,5.356,23.0389,6.0333,0.3708
06-Jul-1959,0,5.362,21.1389,6.6611,0.3574
07-Jul-1959,0,5.367,20.7444,7.05,0.3869
08-Jul-1959,0,5.372,24.1333,2.9444,0.395
09-Jul-1959,0,5.376,27.9556,5.5389,0.3869
10-Jul-1959,0,5.379,29.7278,9.8722,0.4084
11-Jul-1959,0,5.381,28.9444,11.0611,0.4165
12-Jul-1959,0,5.382,28.15,11.8833,0.4084
13-Jul-1959,0,5.383,27.5944,10.5556,0.3574
14-Jul-1959,0.26,5.383,25.3056,11.5556,0.3413
15-Jul-1959,0,5.383,27.5389,8.5167,0.3413
16-Jul-1959,0,5.381,29.4722,9.7722,0.3413
17-Jul-1959,0.69,5.379,29.85,11.0222,0.3144
18-Jul-1959,0.22,5.376,29.5278,11.9778,0.3413
19-Jul-1959,0,5.373,28.9667,11.6778,0.3278
20-Jul-1959,0,5.368,28.4333,11.4556,0.3789
21-Jul-1959,0,5.363,28.7222,11.4833,0.3869
22-Jul-1959,7.07,5.358,28.7556,13.0167,0.3574
23-Jul-1959,0.5,5.351,24.9278,14.0611,0.3413
24-Jul-1959,0,5.344,27.7722,9.6667,0.3224
25-Jul-1959,0,5.336,28.9556,10.8056,0.2795
26-Jul-1959,0,5.327,28.5222,11.0111,0.2391
27-Jul-1959,0,5.318,28.1389,9.4278,0.2069
28-Jul-1959,0,5.308,26.2278,9.2667,0.1988
29-Jul-1959,0,5.297,27.3333,7.5389,0.1988
30-Jul-1959,0,5.286,28.1611,9.3,0.1881
31-Jul-1959,0,5.273,27.7833,10.9278,0.2123
01-Aug-1959,0,5.26,27.1222,11.5,0.2391
02-Aug-1959,0,5.247,26.7278,6.7944,0.2338
03-Aug-1959,0,5.232,26.3944,5.4778,0.2042
04-Aug-1959,0,5.217,25.7333,5.7278,0.2069
05-Aug-1959,0,5.202,27.3056,5.9056,0.2042
06-Aug-1959,0,5.185,29.2167,7.8556,0.2042
07-Aug-1959,0.06,5.168,28.0056,10.3778,0.1935
08-Aug-1959,0.2,5.151,28.9833,13.3611,0.1827
09-Aug-1959,0,5.132,28.7556,11.6667,0.1747
10-Aug-1959,0,5.113,28.0778,11.4111,0.1747
11-Aug-1959,0,5.094,26.0056,9.7111,0.1666
12-Aug-1959,0,5.073,24.2278,6.8389,0.1747
13-Aug-1959,0,5.052,23.6889,5.6944,0.1935
14-Aug-1959,0,5.031,25.0167,5.9278,0.1935
15-Aug-1959,0,5.009,27.1889,7.65,0.1666
16-Aug-1959,0,4.986,28.0722,8.1222,0.1505
17-Aug-1959,0,4.962,25.1833,9.3722,0.1505
18-Aug-1959,0,4.938,21.4833,9.45,0.1397
19-Aug-1959,0.74,4.913,15.4778,6.4889,0.1397
20-Aug-1959,1.58,4.888,13.8444,1.7056,0.1505
21-Aug-1959,0.19,4.862,17.4,1.9778,0.1532
22-Aug-1959,0,4.836,22.4,1.7944,0.1558
23-Aug-1959,0.39,4.809,23.6389,4.2167,0.1532
24-Aug-1959,0.77,4.781,22.4778,9.5167,0.1693
25-Aug-1959,0.01,4.753,22.8722,5.7778,0.2177
26-Aug-1959,0,4.724,23.2667,5.8167,0.1935
27-Aug-1959,0,4.695,22.9722,3.7056,0.1747
28-Aug-1959,0,4.665,22.5,2.5667,0.1693
29-Aug-1959,0,4.635,23.0667,2.1222,0.1666
30-Aug-1959,0,4.604,25.9111,3.0333,0.1558
31-Aug-1959,0,4.573,24.9722,7.3,0.137
01-Sep-1959,0,4.541,25.4722,4.3389,0.1155
02-Sep-1959,0,4.509,26.7333,4.95,0.1129
03-Sep-1959,0,4.476,25.4389,5.9444,0.1397
04-Sep-1959,0,4.443,23.4833,7.6333,0.1451
05-Sep-1959,0,4.409,24.8111,5.8389,0.1263
06-Sep-1959,0,4.375,25.9556,5.6333,0.1075
07-Sep-1959,0.17,4.341,26.5611,7.1667,0.1048
08-Sep-1959,0,4.306,24.55,7.5611,0.1048
09-Sep-1959,0,4.27,26.05,7.2722,0.1075
10-Sep-1959,1.24,4.235,24.9222,8.7889,0.1129
11-Sep-1959,1.6,4.198,25.15,8.8389,0.1129
12-Sep-1959,2.12,4.162,23.55,7.9167,0.1155
13-Sep-1959,0.57,4.125,20.4167,8.3833,0.1182
14-Sep-1959,1.11,4.088,13.9222,6.5167,0.1263
15-Sep-1959,0.05,4.05,12.0611,-3.0556,0.1344
16-Sep-1959,0.25,4.012,11.0556,-0.1722,0.137
17-Sep-1959,0.05,3.974,13.2944,-0.9222,0.1424
18-Sep-1959,52.14,3.935,9.0333,3.2722,0.2848
19-Sep-1959,3.45,3.896,13.2611,3.2389,0.9512
20-Sep-1959,0,3.857,15.6944,-0.0167,0.4756
21-Sep-1959,2.31,3.817,14.0278,-1.1444,0.2875
22-Sep-1959,0,3.777,16.5667,-0.4167,0.223
23-Sep-1959,0,3.737,14.6278,0.5722,0.1988
24-Sep-1959,0,3.697,18.0222,-0.8333,0.1881
25-Sep-1959,0,3.656,18.7778,3.9333,0.18
26-Sep-1959,0,3.616,19.5556,2.8667,0.1693
27-Sep-1959,0,3.575,15.9056,0.9611,0.1666
28-Sep-1959,0,3.534,11.9,-2.7444,0.1612
29-Sep-1959,0,3.492,10.4278,-3.4,0.1558
30-Sep-1959,1.11,3.451,8.9778,-2.2889,0.1558
01-Oct-1959,0,3.409,8.0389,0.4389,0.1747
02-Oct-1959,0,3.367,11.75,-3.4556,0.1747
03-Oct-1959,0,3.325,16.7944,-2.4389,0.1747
04-Oct-1959,0,3.283,19.35,-0.8111,0.1693
05-Oct-1959,0,3.241,16.7444,3.0444,0.1612
06-Oct-1959,0,3.198,14.1889,4.5833,0.1558
07-Oct-1959,0,3.156,13.1056,-2.7389,0.1532
08-Oct-1959,0,3.113,14.8556,0.1389,0.1558
09-Oct-1959,0.16,3.071,17.8222,3.7111,0.1666
10-Oct-1959,0,3.028,20.0444,3.2722,0.1558
11-Oct-1959,0,2.986,21.1,3.3444,0.1532
12-Oct-1959,0,2.943,17.6722,1.5,0.1532
13-Oct-1959,0,2.9,17.8722,-1.35,0.1532
14-Oct-1959,0,2.857,20.3889,-0.5444,0.1505
15-Oct-1959,0,2.815,21.5111,0.8389,0.1505
16-Oct-1959,0,2.772,19.7278,1.5722,0.1505
17-Oct-1959,0,2.729,21.45,1.0667,0.1451
18-Oct-1959,0,2.687,19.4278,1.5667,0.1397
19-Oct-1959,0,2.644,16.6778,-0.4111,0.1397
20-Oct-1959,0,2.602,17.7722,-0.45,0.1397
21-Oct-1959,0,2.56,15.6111,0.5556,0.1451
22-Oct-1959,0,2.517,19.55,2.8167,0.137
23-Oct-1959,0,2.475,22.4222,4.4889,0.137
24-Oct-1959,0,2.433,24.5722,5.0222,0.137
25-Oct-1959,0,2.391,22.5667,5.4889,0.1344
26-Oct-1959,0,2.349,20.1,4.5167,0.137
27-Oct-1959,0,2.308,16.7833,2.9278,0.1397
28-Oct-1959,0,2.266,11.5,-3.3111,0.1397
29-Oct-1959,0.01,2.225,4.3833,-5.2389,0.1397
30-Oct-1959,0.01,2.184,5.5333,-3.1889,0.1344
31-Oct-1959,0,2.143,10.2444,-5.8222,0.129
01-Nov-1959,0,2.103,11.9889,-5.2222,0.1344
02-Nov-1959,0,2.062,13.0389,-4.8278,0.1451
03-Nov-1959,0.05,2.022,10.5889,-2.9889,0.1505
04-Nov-1959,0,1.982,9.4611,-6.8,0.1505
05-Nov-1959,0,1.943,9.9722,-9.4778,0.1397
06-Nov-1959,0,1.904,12.8278,-8.8944,0.1344
07-Nov-1959,0,1.865,13.5833,-6.5111,0.1397
08-Nov-1959,0,1.826,13.85,-6.7556,0.1397
09-Nov-1959,0,1.787,14.5444,-6.0944,0.1397
10-Nov-1959,0,1.749,14.7278,-5.7667,0.1451
11-Nov-1959,0,1.712,15.2333,-5.7056,0.1397
12-Nov-1959,0,1.674,14.5833,-4.7,0.1397
13-Nov-1959,0,1.637,9.6611,-6.7333,0.137
14-Nov-1959,0,1.601,10.35,-7.0944,0.1344
15-Nov-1959,0,1.564,11.5333,-7.3278,0.1397
16-Nov-1959,0,1.528,12.6111,-7.2278,0.137
17-Nov-1959,0,1.493,13.9833,-6.7944,0.129
18-Nov-1959,0,1.458,13.8722,-6.2389,0.1344
19-Nov-1959,0,1.423,10.4389,-3.3167,0.1397
20-Nov-1959,0,1.389,11.5,-6.9278,0.1397
21-Nov-1959,0,1.355,10.9333,-2.9667,0.129
22-Nov-1959,0,1.322,10.4167,-6.7722,0.129
23-Nov-1959,0,1.289,13.6833,-2.8722,0.129
24-Nov-1959,0,1.257,13.4667,-5.0389,0.1344
25-Nov-1959,0,1.225,12.2389,-5.8833,0.1263
26-Nov-1959,0,1.193,10.4833,-6.4167,0.1263
27-Nov-1959,0,1.163,10.6389,-8.2444,0.1129
28-Nov-1959,0,1.132,12.5,-6.8722,0.1182
29-Nov-1959,0,1.102,11.9056,-7.9167,0.1182
30-Nov-1959,0,1.073,11.65,-6.5611,0.1129
01-Dec-1959,0,1.044,12.4944,-6.1111,0.1155
02-Dec-1959,0,1.016,13.7611,-5.85,0.1182
03-Dec-1959,0,0.988,11.2333,-4.2889,0.1451
04-Dec-1959,0,0.961,5.8944,-8.6722,0.1129
05-Dec-1959,0,0.935,6.7222,-11.5944,0.1021
06-Dec-1959,0,0.909,10.1333,-10.3611,0.1155
07-Dec-1959,0,0.883,10.6333,-10.0167,0.129
08-Dec-1959,0,0.858,9.3167,-9.6111,0.137
09-Dec-1959,0,0.834,7.2667,-8.5444,0.1505
10-Dec-1959,0,0.811,7.6444,-8.5889,0.1505
11-Dec-1959,0,0.788,9.8333,-8.4,0.137
12-Dec-1959,4.14,0.765,7.4278,-9.8389,0.1263
13-Dec-1959,2.04,0.743,0.0722,-10.5667,0.1209
14-Dec-1959,0,0.722,3.3056,-14.1944,0.1129
15-Dec-1959,0,0.702,7.65,-10.15,0.1209
16-Dec-1959,0,0.682,8.5722,-8.7556,0.1263
17-Dec-1959,0,0.663,6.5389,-5.7111,0.1344
18-Dec-1959,0,0.644,9.2222,-4.4111,0.1397
19-Dec-1959,0,0.627,7.8,-8.2444,0.1263
20-Dec-1959,0.16,0.609,5.2556,-7.2222,0.129
21-Dec-1959,0.19,0.593,6.95,-5.9722,0.137
22-Dec-1959,0,0.577,4.8222,-7.7944,0.1182
23-Dec-1959,0.97,0.562,3.9389,-7.5333,0.1263
24-Dec-1959,10.48,0.547,4.4611,-4.5667,0.1344
25-Dec-1959,2.97,0.534,2.3,-7.6667,0.1397
26-Dec-1959,0,0.521,1.5556,-14.6222,0.1075
27-Dec-1959,0,0.508,2.3778,-12.65,0.0914
28-Dec-1959,0,0.497,3.5778,-9.9833,0.0967
29-Dec-1959,0,0.486,5.7667,-11.6944,0.0967
30-Dec-1959,6.38,0.475,5.8333,-11.2611,0.1075
31-Dec-1959,4.64,0.466,-2.9611,-13.6222,0.1048
01-Jan-1960,0.05,0.44,-5.2167,-15.4167,0.094
02-Jan-1960,0.2,0.442,-5.4556,-13.6444,0.0887
03-Jan-1960,0.99,0.435,-5.6056,-13.4278,0.0914
04-Jan-1960,0.25,0.429,-0.2833,-14.4722,0.086
05-Jan-1960,0,0.424,3.2889,-11.6278,0.094
06-Jan-1960,0,0.419,7.0444,-9.3722,0.1075
07-Jan-1960,0.34,0.416,7.3278,-4.7333,0.1612
08-Jan-1960,2.26,0.413,4.4056,-0.6222,0.1881
09-Jan-1960,8.7,0.41,2.2,-4.9444,0.2015
10-Jan-1960,22.91,0.409,0.85,-4.4,0.1881
11-Jan-1960,7.36,0.408,1.1889,-7.9056,0.1747
12-Jan-1960,3.66,0.408,-1.7556,-9.6111,0.1612
13-Jan-1960,0,0.409,-3.1944,-13.8167,0.1344
14-Jan-1960,8,0.41,-1.1778,-12.1,0.1344
15-Jan-1960,6.17,0.412,-3,-9.7833,0.1209
16-Jan-1960,0,0.415,-2.6444,-14.4556,0.1075
17-Jan-1960,0,0.419,0.0444,-14.5389,0.1075
18-Jan-1960,0,0.423,-1.1167,-10.0667,0.1209
19-Jan-1960,0,0.428,-0.3278,-9.0056,0.1209
20-Jan-1960,0.08,0.434,1.0556,-9.8944,0.1209
21-Jan-1960,5.82,0.44,1.0556,-10.3667,0.1209
22-Jan-1960,1.41,0.447,3.9222,-5.4611,0.129
23-Jan-1960,0.07,0.455,4.5056,-7.1778,0.1344
24-Jan-1960,11.93,0.464,4.6722,-6.1056,0.1478
25-Jan-1960,15.75,0.473,3.1167,-3.0833,0.1612
26-Jan-1960,1.95,0.483,3.6222,-2.8,0.1693
27-Jan-1960,0.11,0.494,4.15,-3.6556,0.1612
28-Jan-1960,0.01,0.506,8.0944,-3.2944,0.1612
29-Jan-1960,0,0.518,7.3444,-2.0111,0.1558
30-Jan-1960,0.06,0.531,8.1167,-3.0667,0.1558
31-Jan-1960,1.34,0.545,6.7111,-7.0056,0.1505
01-Feb-1960,39.8,0.559,3.2556,-4.4778,0.1827
02-Feb-1960,3.61,0.574,2.6278,-7.95,0.2526
03-Feb-1960,5.65,0.589,0.5667,-9.0222,0.1693
04-Feb-1960,0,0.606,4.4889,-8.7667,0.18
05-Feb-1960,3.63,0.623,7.1833,-4.25,0.1827
06-Feb-1960,0.01,0.641,9.7722,-4.3944,0.2042
07-Feb-1960,26.38,0.659,7.8611,-0.7389,0.2123
08-Feb-1960,67.44,0.678,4.8722,-0.8278,1.5961
09-Feb-1960,21.15,0.698,-1,-5.1833,0.747
10-Feb-1960,2.25,0.718,0.7222,-6.1333,0.4326
11-Feb-1960,0.07,0.739,3.2722,-10.5667,0.3493
12-Feb-1960,0,0.761,6.7944,-8.8944,0.3224
13-Feb-1960,0.07,0.783,4.5556,-5.0722,0.3332
14-Feb-1960,0,0.806,4.1056,-10.6556,0.2795
15-Feb-1960,0,0.829,7.1333,-9.0611,0.2956
16-Feb-1960,0,0.853,4.4111,-8.9667,0.2956
17-Feb-1960,0,0.878,6.35,-10.3889,0.258
18-Feb-1960,10.13,0.903,1.3111,-7.7,0.2875
19-Feb-1960,0.26,0.929,-0.5833,-9.8944,0.2687
20-Feb-1960,0,0.955,3.9444,-10.85,0.2633
21-Feb-1960,0,0.982,6.4833,-9.1722,0.2284
22-Feb-1960,0,1.01,2.5556,-11.6611,0.2338
23-Feb-1960,0,1.038,-0.3444,-12.1944,0.2391
24-Feb-1960,0,1.067,5.7056,-13.3333,0.2069
25-Feb-1960,0.04,1.096,4.0889,-4.9444,0.2526
26-Feb-1960,0,1.126,3.5111,-5.4444,0.223
27-Feb-1960,0,1.156,3.1222,-10.1556,0.2042
28-Feb-1960,0,1.187,3.0111,-9.5722,0.2177
29-Feb-1960,0.03,1.218,2.85,-10.4333,0.2177
01-Mar-1960,0.02,1.25,1.0667,-9.1333,0.2177
02-Mar-1960,0.37,1.282,3.7556,-11.5556,0.1935
03-Mar-1960,0.11,1.315,6.5611,-5.5056,0.2284
04-Mar-1960,0.22,1.348,7.2944,-2.4611,0.2123
05-Mar-1960,5.18,1.382,6.6111,-3.3278,0.2526
06-Mar-1960,1.89,1.416,9.7056,-0.25,0.3493
07-Mar-1960,21.8,1.451,6.5556,0.0944,0.8088
08-Mar-1960,0.03,1.486,7.0556,-5.5944,0.8115
09-Mar-1960,0,1.521,6.7,-3.0667,0.5401
10-Mar-1960,0,1.557,8.5056,-10.45,0.4326
11-Mar-1960,2.44,1.593,9.7556,-6.0667,0.4246
12-Mar-1960,16.54,1.629,6.3611,-2.0278,0.4434
13-Mar-1960,0.58,1.666,7.3,-2.7889,0.4514
14-Mar-1960,0.01,1.704,5.4444,-7.3833,0.4246
15-Mar-1960,0,1.741,7.4278,-8.3111,0.3708
16-Mar-1960,0,1.779,6.3667,-6.3056,0.3628
17-Mar-1960,0,1.818,12.5667,-6.1556,0.3413
18-Mar-1960,0,1.856,15.1167,-5.6444,0.3789
19-Mar-1960,0,1.895,16.5333,-4.3667,0.4326
20-Mar-1960,0,1.935,17.3556,-3.0389,0.5105
21-Mar-1960,0,1.974,17.4167,-2.0222,0.5858
22-Mar-1960,0,2.014,16.9056,-0.9722,0.6637
23-Mar-1960,0,2.054,16.9944,-1.2944,0.7255
24-Mar-1960,0,2.094,16.8444,-1.7111,0.8115
25-Mar-1960,0,2.135,17.2944,-0.9111,0.9028
26-Mar-1960,0.06,2.176,12.5167,0.9111,1.0076
27-Mar-1960,27.62,2.217,7.3556,1.6278,1.0211
28-Mar-1960,3.86,2.258,4.8056,-4.1444,0.8921
29-Mar-1960,5.5,2.299,9.5111,-5.7444,0.7685
30-Mar-1960,12.4,2.341,5.9167,-2.7167,0.7577
31-Mar-1960,0.02,2.382,7.2944,-6.3556,0.6933
01-Apr-1960,0,2.424,11.9167,-2.35,0.6637
02-Apr-1960,0,2.466,16.1611,-1.7778,0.704
03-Apr-1960,0,2.508,18.75,-0.4667,0.9136
04-Apr-1960,0,2.551,20.0278,-0.0278,1.142
05-Apr-1960,0.88,2.593,18.7556,0.4833,1.3059
06-Apr-1960,0.95,2.635,19.3556,1.0611,1.4994
07-Apr-1960,0.12,2.678,14.5611,1.9167,1.709
08-Apr-1960,0,2.72,16.7,-1.7111,1.7412
09-Apr-1960,0,2.763,15.7389,-0.2833,1.7896
10-Apr-1960,0,2.806,14.0833,2.8111,1.9132
11-Apr-1960,0.65,2.848,9.4333,0.3833,1.8433
12-Apr-1960,0.02,2.891,9.7056,-7.3556,1.3381
13-Apr-1960,0,2.934,14.8556,-3.5111,1.2092
14-Apr-1960,0.01,2.977,10.9167,1.7111,1.3865
15-Apr-1960,0,3.019,11.2722,-5.5944,1.3059
16-Apr-1960,0,3.062,10.8833,-6.7722,1.1957
17-Apr-1960,0,3.104,15.1,-4.6333,1.2226
18-Apr-1960,0.95,3.147,12.9667,-0.8222,1.3704
19-Apr-1960,0.26,3.189,14.6111,0.45,1.3865
20-Apr-1960,0,3.232,16.8889,0.0389,1.5316
21-Apr-1960,0.1,3.274,14.2556,3.2833,1.7896
22-Apr-1960,1.55,3.316,5.9611,-6.9167,1.6928
23-Apr-1960,4.49,3.358,1.9333,-7.2167,1.236
24-Apr-1960,1.09,3.4,3.6389,-6.7333,1.0453
25-Apr-1960,0,3.442,5.1444,-6.0111,0.9378
26-Apr-1960,2.15,3.483,8.6111,-6.9333,0.8357
27-Apr-1960,10,3.525,4.1,-2.7556,0.8007
28-Apr-1960,0.56,3.566,5.7278,-4.6611,0.747
29-Apr-1960,0,3.607,8.05,-4.0944,0.6933
30-Apr-1960,0.03,3.648,13.5889,-4.3778,0.6556
01-May-1960,0.9,3.689,12.0833,-2.3722,0.7362
02-May-1960,0.1,3.729,10.8278,-1.25,0.7685
03-May-1960,0.1,3.769,8.6222,-2.3389,0.8222
04-May-1960,5.99,3.809,6.5556,-2.65,0.7577
05-May-1960,0,3.848,13.8389,-5.4444,0.704
06-May-1960,0,3.888,17.0111,-2.2167,0.8007
07-May-1960,0.05,3.927,15.3444,4.0778,1.236
08-May-1960,0,3.965,17.3667,-0.3944,1.6445
09-May-1960,0,4.004,21.2,1.2222,1.9132
10-May-1960,0,4.042,21.7389,2.5833,2.1792
11-May-1960,0,4.08,20.6444,2.65,2.4237
12-May-1960,0,4.117,15.5222,4.4444,2.687
13-May-1960,0,4.154,14.7278,-3.2167,2.5178
14-May-1960,0,4.191,15.8167,-1.5167,2.1604
15-May-1960,0,4.227,15.4611,-0.7111,2.0878
16-May-1960,0,4.263,14.2167,-0.7889,1.9992
17-May-1960,0,4.298,13.4444,-1.7667,1.8272
18-May-1960,0,4.333,10.5,-0.8167,1.7412
19-May-1960,0,4.368,14.2056,-4.6333,1.5639
20-May-1960,0.27,4.402,14.35,0.1333,1.5477
21-May-1960,0.21,4.436,9.1667,-1.7944,1.6606
22-May-1960,0.02,4.469,6.6722,-8.1389,1.322
23-May-1960,2.28,4.502,5.2222,-4.7278,1.142
24-May-1960,1.38,4.535,5.65,-2.7556,1.0318
25-May-1960,0.07,4.566,11.8444,-0.0278,0.9378
26-May-1960,0.13,4.598,16.3444,-1.3167,0.9969
27-May-1960,0,4.629,17.7167,-0.0778,1.1554
28-May-1960,0,4.659,20.9944,0.7611,1.236
29-May-1960,0,4.689,20.1667,3.6222,1.4026
30-May-1960,0,4.718,22.1611,2.9778,1.4349
31-May-1960,0,4.747,24.5667,4.7944,1.6767
01-Jun-1960,0,4.775,23.4722,6.5889,1.9132
02-Jun-1960,0,4.803,25.0611,7.1722,2.1228
03-Jun-1960,0,4.83,26.4056,7.0556,2.0878
04-Jun-1960,2.75,4.857,25.7833,6.3,1.8971
05-Jun-1960,0.01,4.883,24.0944,6.2056,1.8782
06-Jun-1960,0.64,4.908,22.7722,5.4556,1.7734
07-Jun-1960,0,4.933,20.7556,3.5444,1.6122
08-Jun-1960,0,4.957,18.9722,2.6,1.4349
09-Jun-1960,0,4.981,20.3,2.3,1.2898
10-Jun-1960,0.02,5.004,22.3389,3.7778,1.2226
11-Jun-1960,0.03,5.026,24.1556,6.0111,1.2226
12-Jun-1960,0.18,5.048,25.7944,6.5389,1.1957
13-Jun-1960,0,5.069,26.65,6.4278,1.1554
14-Jun-1960,0,5.089,25.7889,6.3111,1.0694
15-Jun-1960,0,5.109,24.3389,7.5,0.9727
16-Jun-1960,0,5.128,26.2056,7.75,0.8921
17-Jun-1960,0,5.147,23.7889,10.4889,0.9136
18-Jun-1960,0,5.165,21.8889,5.9389,0.8115
19-Jun-1960,0,5.182,21.7778,6.1611,0.6933
20-Jun-1960,0,5.198,20.2333,2.8444,0.6556
21-Jun-1960,0,5.214,23.4444,-0.1444,0.5858
22-Jun-1960,0,5.229,24.2667,3.5056,0.5401
23-Jun-1960,0,5.244,25.1944,4.6111,0.5105
24-Jun-1960,0,5.258,25.4611,6.4667,0.4514
25-Jun-1960,0,5.271,23.8167,5.5944,0.4326
26-Jun-1960,0,5.283,22.9222,4.0222,0.4004
27-Jun-1960,0,5.295,23.5333,3.0611,0.3628
28-Jun-1960,0,5.306,22.4222,4.95,0.3628
29-Jun-1960,0,5.316,22.1833,2.6444,0.3789
30-Jun-1960,0,5.325,23.1,3.1278,0.4004
01-Jul-1960,0.03,5.334,23.8944,5.7167,0.395
02-Jul-1960,1,5.342,20.8444,8.8778,0.3789
03-Jul-1960,0,5.35,24,5.5389,0.3789
04-Jul-1960,0.87,5.356,23.0778,6.2,0.3332
05-Jul-1960,0.11,5.362,24.3722,6.1611,0.3278
06-Jul-1960,0.16,5.367,25.4,7.3333,0.3144
07-Jul-1960,1.26,5.372,26.0611,7.4778,0.2956
08-Jul-1960,1.04,5.376,25.9444,7.7556,0.3144
09-Jul-1960,0.65,5.379,24.3944,8.8944,0.3413
10-Jul-1960,0.11,5.381,22.2389,7.4722,0.3493
11-Jul-1960,0,5.382,23.6444,4.3056,0.3009
12-Jul-1960,0,5.383,24.3889,6.2667,0.2956
13-Jul-1960,0,5.383,26.2222,6.2389,0.2875
14-Jul-1960,0,5.383,26.3556,6.8,0.3009
15-Jul-1960,0,5.381,27.7667,4.7,0.2875
16-Jul-1960,0,5.379,28.7778,6.7444,0.2687
17-Jul-1960,0,5.376,30.1944,7.9444,0.2633
18-Jul-1960,0,5.373,31.25,9.3667,0.2526
19-Jul-1960,0,5.368,30.6833,10.9167,0.2633
20-Jul-1960,0,5.363,30.0556,11.1111,0.2633
21-Jul-1960,0,5.358,29.0556,10.4556,0.2472
22-Jul-1960,0.02,5.351,26.7333,13.8667,0.2338
23-Jul-1960,0.01,5.344,26.2167,9,0.2284
24-Jul-1960,0.02,5.336,27.5944,9.4444,0.2177
25-Jul-1960,0.01,5.327,27.6222,10.9722,0.2123
26-Jul-1960,0.21,5.318,26.4778,10.7,0.1988
27-Jul-1960,5.09,5.308,24.6722,12.0333,0.1935
28-Jul-1960,3.84,5.297,26.0833,10.6278,0.1988
29-Jul-1960,10.81,5.286,24.9889,9.8222,0.1988
30-Jul-1960,3.94,5.273,20.4889,9.3111,0.258
31-Jul-1960,0.18,5.26,21.6111,7.4333,0.2875
01-Aug-1960,0,5.247,21.8833,4.9389,0.1988
02-Aug-1960,0,5.232,24.3667,4.6722,0.1505
03-Aug-1960,0,5.217,24.8667,5.45,0.1263
04-Aug-1960,0,5.202,25.5611,5.9889,0.1129
05-Aug-1960,0,5.185,26.9,6.9944,0.1075
06-Aug-1960,0,5.168,29.2944,7.6389,0.1021
07-Aug-1960,0,5.151,30.0833,9.1333,0.0967
08-Aug-1960,0,5.132,29.6167,10,0.1155
09-Aug-1960,0,5.113,28.9667,10.5944,0.1505
10-Aug-1960,0,5.094,29.0611,9.3167,0.1451
11-Aug-1960,0.03,5.073,29.9333,9.6722,0.1558
12-Aug-1960,0.01,5.052,30.0222,10.9389,0.1693
13-Aug-1960,0.01,5.031,27.5222,12.5611,0.1666
14-Aug-1960,0,5.009,25.5222,9.1278,0.1612
15-Aug-1960,0,4.986,22.9167,7.1667,0.1558
16-Aug-1960,0,4.962,20.9889,3.7778,0.1397
17-Aug-1960,0,4.938,24.9389,4.4833,0.137
18-Aug-1960,0,4.913,28.5333,7.2167,0.137
19-Aug-1960,0,4.888,29.5556,8.6944,0.129
20-Aug-1960,0,4.862,27.2833,10.05,0.1263
21-Aug-1960,0,4.836,24.4222,7.7778,0.1209
22-Aug-1960,0,4.809,18.8778,5.2333,0.1209
23-Aug-1960,0,4.781,18.9167,-1.5333,0.1451
24-Aug-1960,0,4.753,18.5611,5.2,0.1558
25-Aug-1960,0,4.724,23.1833,0.3333,0.1532
26-Aug-1960,0,4.695,21.3944,3.1222,0.1505
27-Aug-1960,0,4.665,21.2889,2.8611,0.1451
28-Aug-1960,0,4.635,21.8778,2.1,0.1451
29-Aug-1960,0,4.604,24.7944,3.1,0.1451
30-Aug-1960,0,4.573,23.6111,5.25,0.129
31-Aug-1960,0,4.541,23.5944,2.7111,0.1129
01-Sep-1960,0,4.509,23.1944,4.4556,0.1048
02-Sep-1960,0.24,4.476,23.3833,5.25,0.1048
03-Sep-1960,0.02,4.443,23.2222,7.8167,0.1021
04-Sep-1960,0,4.409,22.7667,9.2111,0.094
05-Sep-1960,0,4.375,25.3333,3.7833,0.0914
06-Sep-1960,0,4.341,24.9333,3.7111,0.0887
07-Sep-1960,0,4.306,24.7667,3.1,0.0833
08-Sep-1960,0,4.27,24.9556,3.7833,0.0833
09-Sep-1960,8.16,4.235,22.6944,9.0056,0.0833
10-Sep-1960,5.69,4.198,20.4111,9.1444,0.1182
11-Sep-1960,0.11,4.162,25.4167,7.9389,0.1532
12-Sep-1960,0,4.125,26.0944,8.5333,0.1182
13-Sep-1960,0,4.088,25.8278,5.7833,0.0914
14-Sep-1960,0,4.05,24.4111,4.5889,0.0779
15-Sep-1960,0.39,4.012,23.8167,4,0.0806
16-Sep-1960,0.38,3.974,22.2444,4.1389,0.0779
17-Sep-1960,0,3.935,23.4333,3,0.0779
18-Sep-1960,0,3.896,24.8889,3.3444,0.0752
19-Sep-1960,0,3.857,25.1222,4.8667,0.0726
20-Sep-1960,0,3.817,23.0556,5.3667,0.0672
21-Sep-1960,0,3.777,18.45,3.5278,0.0591
22-Sep-1960,0,3.737,17.8778,-0.6278,0.0591
23-Sep-1960,0,3.697,22.8889,0.75,0.0645
24-Sep-1960,0,3.656,24.2611,2.5167,0.0645
25-Sep-1960,0,3.616,26.1944,3.5389,0.0618
26-Sep-1960,0.14,3.575,26.2278,4.4056,0.0591
27-Sep-1960,0.19,3.534,24.8889,7.1833,0.0726
28-Sep-1960,0.04,3.492,20.5111,3.2667,0.0752
29-Sep-1960,0.22,3.451,20.6556,2.6944,0.0752
30-Sep-1960,0.43,3.409,20.9389,3.3389,0.0806
01-Oct-1960,0.56,3.367,21.9278,3.4944,0.0806
02-Oct-1960,0.03,3.325,21.0833,4.2167,0.0779
03-Oct-1960,0.51,3.283,20.05,2.9444,0.0752
04-Oct-1960,0,3.241,19.0778,2.9222,0.0779
05-Oct-1960,1.3,3.198,20.0222,3.7222,0.0779
06-Oct-1960,7,3.156,15.6722,7.8778,0.0806
07-Oct-1960,0.15,3.113,13.5222,5.8,0.1021
08-Oct-1960,0,3.071,11.2111,1.5111,0.1021
09-Oct-1960,4.77,3.028,6.2056,-2.7444,0.1048
10-Oct-1960,1.5,2.986,2.25,-1.4444,0.1182
11-Oct-1960,0.1,2.943,8.6722,-1.1278,0.1263
12-Oct-1960,0,2.9,10.3556,-3.4056,0.1209
13-Oct-1960,0,2.857,7.5667,-1.7,0.129
14-Oct-1960,0,2.815,9.5889,-4.85,0.129
15-Oct-1960,0,2.772,10.3833,-2.8889,0.1263
16-Oct-1960,0,2.729,12.3889,-2.5167,0.1209
17-Oct-1960,0,2.687,15.3889,-2.1389,0.1209
18-Oct-1960,0,2.644,17.7722,-0.9889,0.1209
19-Oct-1960,0,2.602,18.1111,-0.9222,0.1209
20-Oct-1960,0,2.56,19.4444,0.2889,0.1209
21-Oct-1960,0,2.517,19.1833,0.85,0.1209
22-Oct-1960,0,2.475,19.7222,-0.1778,0.1182
23-Oct-1960,0,2.433,18.4889,0.2222,0.1182
24-Oct-1960,0,2.391,16.5222,1.2444,0.1155
25-Oct-1960,0,2.349,18.5444,-0.4667,0.1155
26-Oct-1960,0.21,2.308,13.1167,0.9278,0.1129
27-Oct-1960,0,2.266,11.25,-5.1056,0.1129
28-Oct-1960,0,2.225,12.8667,-2.9167,0.1129
29-Oct-1960,0,2.184,13.7222,-2.3667,0.1155
30-Oct-1960,0,2.143,16.4889,-2.7167,0.1155
31-Oct-1960,0,2.103,18.1,0.6222,0.1129
01-Nov-1960,0,2.062,18.7278,-0.3722,0.1129
02-Nov-1960,0.02,2.022,15.6556,-0.3111,0.1129
03-Nov-1960,32.8,1.982,6.7833,-1.25,0.1344
04-Nov-1960,12.52,1.943,2.1333,-2.9111,0.1558
05-Nov-1960,9.05,1.904,1.8944,-2.4778,0.129
06-Nov-1960,5.33,1.865,3.3056,-2.2111,0.1532
07-Nov-1960,0.23,1.826,6,-1.6778,0.1558
08-Nov-1960,0,1.787,6.2222,-5.0889,0.1451
09-Nov-1960,0,1.749,8.3667,-6.4667,0.129
10-Nov-1960,0.15,1.712,10.3722,-5.0944,0.1397
11-Nov-1960,12.14,1.674,10.0056,-2.5444,0.1532
12-Nov-1960,27.85,1.637,2.5,-2.8722,0.2069
13-Nov-1960,10.97,1.601,0.4167,-4.6944,0.18
14-Nov-1960,1.47,1.564,0.3944,-4.9389,0.1451
15-Nov-1960,0.01,1.528,3.1444,-9.4333,0.1344
16-Nov-1960,0,1.493,6.4944,-8.0556,0.1451
17-Nov-1960,0.08,1.458,7.7278,-7.0056,0.1612
18-Nov-1960,3.58,1.423,6.4722,-3.4389,0.1881
19-Nov-1960,0,1.389,5.0611,-8.0222,0.2042
20-Nov-1960,0,1.355,9.6389,-6.7444,0.1666
21-Nov-1960,0,1.322,8.9778,-3.8167,0.18
22-Nov-1960,0,1.289,7.4278,-7.5167,0.1666
23-Nov-1960,0,1.257,8.7111,-6.1722,0.1666
24-Nov-1960,0,1.225,10.0667,-0.0722,0.1693
25-Nov-1960,1.17,1.193,8.0056,-0.0556,0.18
26-Nov-1960,24.81,1.163,2.7667,-4.6,0.18
27-Nov-1960,0.01,1.132,0.7167,-10.7056,0.1344
28-Nov-1960,0,1.102,2.7389,-11.3667,0.1505
29-Nov-1960,0,1.073,3.4611,-7.8222,0.18
30-Nov-1960,0.12,1.044,8.1722,-5.3444,0.1827
01-Dec-1960,57.16,1.016,5.0389,-2.7444,0.2338
02-Dec-1960,14.93,0.988,2.3778,-4.5167,0.3413
03-Dec-1960,0,0.961,2.1722,-8.6333,0.223
04-Dec-1960,0,0.935,2.4722,-10.5667,0.1881
05-Dec-1960,0,0.909,-1.3278,-11.3389,0.18
06-Dec-1960,0,0.883,-3.4222,-13.5722,0.1532
07-Dec-1960,0,0.858,-0.8722,-13.4056,0.1505
08-Dec-1960,0,0.834,2.3889,-12.3667,0.1666
09-Dec-1960,0,0.811,5.35,-11.0167,0.1693
10-Dec-1960,0.01,0.788,4.0278,-10.1167,0.18
11-Dec-1960,0,0.765,5.5444,-9.1111,0.1935
12-Dec-1960,0,0.743,7.0889,-8.7611,0.1935
13-Dec-1960,0,0.722,6.3167,-9.2111,0.1935
14-Dec-1960,0,0.702,4.0222,-7.8833,0.2123
15-Dec-1960,0.12,0.682,3.9167,-9.1,0.2042
16-Dec-1960,0.72,0.663,5.2278,-8.0611,0.18
17-Dec-1960,0.85,0.644,7.6833,-3.7611,0.1881
18-Dec-1960,0,0.627,10.0611,-2.3944,0.1881
19-Dec-1960,0,0.609,10.5,-3.5389,0.1747
20-Dec-1960,0,0.593,9.8667,-7.0222,0.1612
21-Dec-1960,0,0.577,9.1111,-5.1722,0.1693
22-Dec-1960,0,0.562,8.5389,-6.8111,0.1612
23-Dec-1960,0,0.547,9.4722,-7.2444,0.1558
24-Dec-1960,0,0.534,9.6056,-7.55,0.1666
25-Dec-1960,0,0.521,9.5056,-7.8833,0.1558
26-Dec-1960,0,0.508,10.1,-6.1167,0.1747
27-Dec-1960,0.16,0.497,3.1667,-9.1056,0.1612
28-Dec-1960,0,0.486,0.4833,-9.0722,0.1532
29-Dec-1960,0,0.475,4.3778,-12.1667,0.1129
30-Dec-1960,0,0.466,7.1944,-10.7111,0.1209
31-Dec-1960,0,0.457,9.1,-9.8333,0.1505
01-Jan-1961,0,0.44,4.2778,-11.9222,0.1397
02-Jan-1961,0,0.442,3.6222,-12.8333,0.129
03-Jan-1961,0,0.435,4.7833,-11.95,0.1505
04-Jan-1961,0,0.429,5.9,-9.6167,0.1693
05-Jan-1961,0,0.424,6.8722,-11.3556,0.1693
06-Jan-1961,0,0.419,8.5111,-9.0833,0.18
07-Jan-1961,0,0.416,11.3,-7.1722,0.1935
08-Jan-1961,0,0.413,9.3778,-4.4556,0.1666
09-Jan-1961,0.01,0.41,10.3778,-4.3556,0.1666
10-Jan-1961,0,0.409,10.5278,-4.9111,0.1532
11-Jan-1961,0,0.408,11.4222,-6.7167,0.1397
12-Jan-1961,0,0.408,10.7444,-5.9611,0.1532
13-Jan-1961,0,0.409,10.2611,-5.7556,0.1397
14-Jan-1961,0,0.41,10.2556,-5.6667,0.1532
15-Jan-1961,0,0.412,12.1111,-6.6667,0.1505
16-Jan-1961,0,0.415,12.4278,-5.7167,0.1451
17-Jan-1961,0,0.419,12.9944,-5.5667,0.1532
18-Jan-1961,0,0.423,10.7167,-7.65,0.1451
19-Jan-1961,0,0.428,8.8889,-8.5722,0.1344
20-Jan-1961,0,0.434,8.5,-9.2333,0.137
21-Jan-1961,0,0.44,8.2944,-9.0556,0.1451
22-Jan-1961,0,0.447,10.0111,-7.8167,0.1505
23-Jan-1961,0,0.455,9.0333,-6.65,0.1558
24-Jan-1961,0,0.464,10.0944,-6.2278,0.1612
25-Jan-1961,3.59,0.473,7.9167,-5.3611,0.1505
26-Jan-1961,10.06,0.483,2.6722,-1.4167,0.1693
27-Jan-1961,2.59,0.494,1.5278,-2.3056,0.1612
28-Jan-1961,0.04,0.506,4.8167,-9.6222,0.1451
29-Jan-1961,1.32,0.518,4.5,-6.5722,0.1505
30-Jan-1961,0.42,0.531,8.25,-4.45,0.1558
31-Jan-1961,5.48,0.545,9.1222,0.3611,0.1693
01-Feb-1961,0.17,0.559,6.9778,-4.7222,0.1827
02-Feb-1961,8.71,0.574,5.4611,-3.8444,0.1693
03-Feb-1961,0,0.589,6.2778,-3.2833,0.1988
04-Feb-1961,0,0.606,6.9556,-6.95,0.1666
05-Feb-1961,0,0.623,9.0611,-5.5889,0.1612
06-Feb-1961,0.35,0.641,8.5667,-4.0611,0.1693
07-Feb-1961,0.01,0.659,8.3,-3.4444,0.1747
08-Feb-1961,0.7,0.678,6.0056,-1.9389,0.1693
09-Feb-1961,2.57,0.698,9.6111,0.9222,0.18
10-Feb-1961,0.54,0.718,12.3333,4.0722,0.2875
11-Feb-1961,28.53,0.739,6.9333,-1.8889,0.532
12-Feb-1961,0.76,0.761,2.9556,-7.2056,0.3789
13-Feb-1961,0.02,0.783,4.0778,-7.3889,0.3063
14-Feb-1961,0.07,0.806,8.0611,-7.2,0.2795
15-Feb-1961,4.58,0.829,6.6111,-4.1389,0.3144
16-Feb-1961,0,0.853,3.3444,-8.7889,0.2687
17-Feb-1961,0.06,0.878,4.1,-10.0556,0.2338
18-Feb-1961,0,0.903,1.3667,-9.1222,0.2526
19-Feb-1961,0,0.929,8.8333,-9.9778,0.2069
20-Feb-1961,0,0.955,12.4833,-7.0889,0.2391
21-Feb-1961,0,0.982,13.65,-5.2778,0.2526
22-Feb-1961,0,1.01,8.9611,-1.3167,0.2795
23-Feb-1961,0,1.038,6.2889,-10.3556,0.2284
24-Feb-1961,0.32,1.067,11.7611,-5.5889,0.2526
25-Feb-1961,1.95,1.096,6.4556,-1.9,0.258
26-Feb-1961,0,1.126,2.7556,-8.0444,0.2472
27-Feb-1961,0.15,1.156,5.9778,-8.8778,0.2069
28-Feb-1961,0.03,1.187,9.0333,-8.4222,0.2284
01-Mar-1961,0.02,1.218,13.0611,-4.4222,0.2338
02-Mar-1961,3.04,1.25,7.8222,-0.3056,0.2391
03-Mar-1961,2.51,1.282,4.1889,-7.4556,0.2472
04-Mar-1961,2.46,1.315,2.1889,-5.5889,0.2338
05-Mar-1961,9.65,1.348,3.4222,-6.6056,0.223
06-Mar-1961,5.35,1.382,-0.9167,-6.1111,0.2177
07-Mar-1961,0.02,1.416,4.7167,-11.2889,0.2042
08-Mar-1961,0.64,1.451,9.6167,-7.8111,0.2338
09-Mar-1961,5.88,1.486,5.5056,-3.7556,0.2526
10-Mar-1961,0,1.521,6.6778,-4.6222,0.2284
11-Mar-1961,0.46,1.557,6.0833,-3.0389,0.2338
12-Mar-1961,0,1.593,9.0778,-5.2944,0.2284
13-Mar-1961,0,1.629,11.6,-2.6778,0.2338
14-Mar-1961,0.21,1.666,11.7833,-2.1444,0.2526
15-Mar-1961,15.05,1.704,6.1167,-3.2278,0.2741
16-Mar-1961,0.84,1.741,5.4667,-9.6611,0.2472
17-Mar-1961,15.27,1.779,2.7222,-6.3833,0.2795
18-Mar-1961,0.01,1.818,6.2944,-9.0056,0.2391
19-Mar-1961,0.53,1.856,10.3944,-7.9389,0.2633
20-Mar-1961,0.33,1.895,9.6778,-1.5611,0.3009
21-Mar-1961,0.11,1.935,14,-5.9667,0.3144
22-Mar-1961,1.75,1.974,13.5944,-2.6722,0.3493
23-Mar-1961,5.24,2.014,8.3833,-0.7722,0.5025
24-Mar-1961,9.19,2.054,3.65,-3.9333,0.4675
25-Mar-1961,2.05,2.094,1.1389,-6.2333,0.4084
26-Mar-1961,4.08,2.135,2.9389,-6.5389,0.4004
27-Mar-1961,5.66,2.176,3.1167,-3.7778,0.395
28-Mar-1961,2.39,2.217,2.5222,-7.2944,0.3628
29-Mar-1961,0,2.258,9.3111,-6.3389,0.3493
30-Mar-1961,0,2.299,13.2278,-5.4278,0.3789
31-Mar-1961,0,2.341,13.6333,-2.5167,0.4326
01-Apr-1961,0,2.382,16.2944,-1.6722,0.4864
02-Apr-1961,0,2.424,20.9944,0.9722,0.6153
03-Apr-1961,0,2.466,22.1389,2.3,1.0076
04-Apr-1961,0.22,2.508,17.0333,2.5556,1.4671
05-Apr-1961,0.87,2.551,14.1889,-2.1389,1.3543
06-Apr-1961,0.31,2.593,13.4167,-3.8278,1.1178
07-Apr-1961,0.03,2.635,10.1167,-2.3889,1.1312
08-Apr-1961,0.05,2.678,14.4611,-4.6667,0.9727
09-Apr-1961,0.22,2.72,12.2111,-0.4333,1.0211
10-Apr-1961,0,2.763,11.3667,-4.9222,0.9136
11-Apr-1961,0.58,2.806,17.4333,-2.6556,0.9028
12-Apr-1961,9.22,2.848,10.9611,0.7944,1.1312
13-Apr-1961,0.07,2.891,11.9444,-6.7722,0.9028
14-Apr-1961,0,2.934,13.6611,-4.0333,0.9136
15-Apr-1961,0,2.977,17.3167,-2.3389,0.9136
16-Apr-1961,0.16,3.019,18.8111,-0.0444,1.2092
17-Apr-1961,0.48,3.062,16.6611,3.1556,1.58
18-Apr-1961,0.73,3.104,10.3167,0.5333,1.6283
19-Apr-1961,0,3.147,6.7444,-2.8222,1.1689
20-Apr-1961,0.6,3.189,6.45,-8.1889,0.962
21-Apr-1961,4.38,3.232,6.0444,-6,0.8679
22-Apr-1961,24.13,3.274,1.2056,-7.0833,0.8115
23-Apr-1961,6.69,3.316,0.5389,-6.2,0.79
24-Apr-1961,0.52,3.358,4.4944,-10.0389,0.7148
25-Apr-1961,0.27,3.4,8.7778,-6.4444,0.7577
26-Apr-1961,0,3.442,11.5778,-5.2167,0.7577
27-Apr-1961,0,3.483,13.6778,-4.0222,0.7792
28-Apr-1961,0,3.525,16.5222,-2.6278,0.8357
29-Apr-1961,0.23,3.566,13.6778,2.4389,0.9835
30-Apr-1961,0.07,3.607,16.9778,0.1944,1.1071
01-May-1961,1.14,3.648,13.0833,0.1167,1.2495
02-May-1961,0,3.689,13.3611,-5.6944,1.1689
03-May-1961,0.71,3.729,13.3611,-3.2056,1.236
04-May-1961,0,3.769,9.2833,-3.7778,1.2898
05-May-1961,0.11,3.809,7.6778,-5.8722,1.0936
06-May-1961,9.2,3.848,5.4889,-1.1,1.0076
07-May-1961,0.03,3.888,10.1889,-7.0667,0.9378
08-May-1961,0,3.927,17.0944,-3.0556,0.9835
09-May-1961,0.21,3.965,16.1944,1.65,1.2495
10-May-1961,11.33,4.004,11.0389,0.5278,1.6606
11-May-1961,3.7,4.042,4.6444,-2.0833,1.322
12-May-1961,0.42,4.08,6.3889,-4.8056,1.1071
13-May-1961,0,4.117,13.3722,-4.35,0.9969
14-May-1961,0,4.154,15.0833,0.6889,1.1312
15-May-1961,0,4.191,14.5556,-1.0167,1.4671
16-May-1961,0.38,4.227,15.6611,-0.6389,1.5961
17-May-1961,0,4.263,17.6444,1.3611,1.7412
18-May-1961,0.51,4.298,18.0111,1.9944,1.9481
19-May-1961,3.87,4.333,14.9056,2.7722,1.9132
20-May-1961,0,4.368,15.6,1.6111,1.7734
21-May-1961,0,4.402,17.1444,0.4722,2.069
22-May-1961,0,4.436,16.95,1.45,2.1604
23-May-1961,0.34,4.469,16.9333,1.2333,2.0529
24-May-1961,0.79,4.502,19.0722,0.8,2.0368
25-May-1961,1.01,4.535,19.4778,2.5222,2.1604
26-May-1961,0.2,4.566,13.9056,3.9722,2.0878
27-May-1961,0.02,4.598,15.7833,-2.2889,1.7412
28-May-1961,9.78,4.629,14.1056,2.1722,1.7251
29-May-1961,5.29,4.659,10.9278,1.8833,1.58
30-May-1961,3.07,4.689,10.4833,0.5778,1.3059
31-May-1961,29.95,4.718,7.0722,0.05,1.3543
01-Jun-1961,5.54,4.747,9.4,-0.4444,1.2226
02-Jun-1961,2.2,4.775,13.35,2.5167,1.2629
03-Jun-1961,0.56,4.803,16.5167,1.5556,1.236
04-Jun-1961,0.05,4.83,17.9111,3.3444,1.3381
05-Jun-1961,0.28,4.857,19.3611,3.0111,1.4832
06-Jun-1961,0.14,4.883,18.8889,3.9722,1.6445
07-Jun-1961,0,4.908,20.2167,3.0111,1.6122
08-Jun-1961,0.61,4.933,19.5833,4.5944,1.6767
09-Jun-1961,0.5,4.957,19.4833,2.4,1.58
10-Jun-1961,0,4.981,20.95,4.4944,1.4671
11-Jun-1961,0.33,5.004,18.1278,4.1278,1.4994
12-Jun-1961,0,5.026,20.8167,3.3889,1.322
13-Jun-1961,0,5.048,24.4889,5.5056,1.2763
14-Jun-1961,0,5.069,27.1389,7.7389,1.2629
15-Jun-1961,0,5.089,28.3,9.1889,1.2629
16-Jun-1961,0,5.109,28.7778,9.6778,1.2092
17-Jun-1961,0,5.128,27.6222,9.8167,1.1823
18-Jun-1961,0,5.147,27.3833,8.3944,1.1071
19-Jun-1961,0,5.165,29.1611,8.9222,1.0318
20-Jun-1961,0,5.182,30.1778,10.3278,0.962
21-Jun-1961,0.08,5.198,29.8611,10.9056,0.8787
22-Jun-1961,0.81,5.214,29.55,12.5333,0.7792
23-Jun-1961,0,5.229,28.1111,13.1833,0.7685
24-Jun-1961,0,5.244,28.8,10.35,0.6825
25-Jun-1961,1.07,5.258,28.3444,11.2611,0.6153
26-Jun-1961,0.9,5.271,26.1556,9.6222,0.6073
27-Jun-1961,0.14,5.283,23.6778,8.5778,0.5589
28-Jun-1961,0,5.295,20.95,8.1389,0.4756
29-Jun-1961,0,5.306,20.0722,4.8667,0.4246
30-Jun-1961,0,5.316,23.6611,2.9222,0.3869
01-Jul-1961,0.13,5.325,26.3333,5.9056,0.3708
02-Jul-1961,0.03,5.334,26.2111,7.6056,0.3493
03-Jul-1961,5.79,5.342,19.8944,10.2333,0.3574
04-Jul-1961,0.1,5.35,18.4278,7.6,0.4326
05-Jul-1961,0,5.356,16.8333,5.9556,0.3869
06-Jul-1961,0,5.362,20.8,0.7778,0.3628
07-Jul-1961,0,5.367,24.1222,2.9111,0.3574
08-Jul-1961,0,5.372,26.5278,5.9889,0.3144
09-Jul-1961,0,5.376,27.5278,7.1167,0.3009
10-Jul-1961,0,5.379,28.7278,8.9889,0.3493
11-Jul-1961,0.11,5.381,28.9444,10.0222,0.3574
12-Jul-1961,3.61,5.382,27.6389,10.8667,0.3574
13-Jul-1961,0.75,5.383,25.6056,10.4944,0.3413
14-Jul-1961,0,5.383,25.9333,7.8,0.3144
15-Jul-1961,0.06,5.383,26.4556,7.3167,0.2741
16-Jul-1961,0.13,5.381,25.9833,9.4667,0.2795
17-Jul-1961,0,5.379,26.9944,9.0667,0.2687
18-Jul-1961,0.26,5.376,27.9556,8.9333,0.2526
19-Jul-1961,0,5.373,27.3278,9.2944,0.2633
20-Jul-1961,0,5.368,27.0778,7.2778,0.2472
21-Jul-1961,0,5.363,28.0833,7.5556,0.2391
22-Jul-1961,0.06,5.358,29.0944,8.7833,0.2472
23-Jul-1961,0.12,5.351,27.6333,9.7722,0.2741
24-Jul-1961,0.15,5.344,26.9056,10.0944,0.2633
25-Jul-1961,0.42,5.336,25.9,11.0667,0.2687
26-Jul-1961,0.14,5.327,26.3167,10.3111,0.2472
27-Jul-1961,0.09,5.318,26.6778,9.0611,0.2741
28-Jul-1961,0,5.308,26.9556,7.1944,0.2526
29-Jul-1961,0,5.297,25.4,6.6222,0.2338
30-Jul-1961,0.17,5.286,24.9833,5.3722,0.223
31-Jul-1961,0.24,5.273,25.2444,4.5,0.2123
01-Aug-1961,0,5.26,27.2,6.9778,0.2042
02-Aug-1961,0.55,5.247,28.4944,9.3,0.2042
03-Aug-1961,0.02,5.232,29.5444,10.8389,0.2069
04-Aug-1961,0.71,5.217,28.5556,14.7389,0.2069
05-Aug-1961,9.46,5.202,26.4111,13.6444,0.2069
06-Aug-1961,4.38,5.185,25.7222,12.5833,0.2069
07-Aug-1961,8.54,5.168,23.5111,11.0889,0.1935
08-Aug-1961,0.07,5.151,24.3167,9.1,0.223
09-Aug-1961,0.01,5.132,26.2278,8.3611,0.1988
10-Aug-1961,0.85,5.113,25.1833,9.5667,0.1612
11-Aug-1961,3.43,5.094,21.6222,11.2333,0.1666
12-Aug-1961,5.92,5.073,21.9111,8.7056,0.1612
13-Aug-1961,0,5.052,22.4722,6.3944,0.1827
14-Aug-1961,0.05,5.031,23.4667,8.5056,0.1344
15-Aug-1961,0,5.009,22.7444,6.1556,0.1129
16-Aug-1961,0,4.986,22.7222,4.6833,0.1075
17-Aug-1961,0,4.962,23.4611,5.7167,0.1075
18-Aug-1961,0.03,4.938,26.1944,5.9056,0.1075
19-Aug-1961,1,4.913,22.35,10.1278,0.1075
20-Aug-1961,0.22,4.888,24.8611,8.75,0.1209
21-Aug-1961,2.12,4.862,26.7722,11.2111,0.1263
22-Aug-1961,2.99,4.836,26.2111,11.7611,0.1075
23-Aug-1961,1.79,4.809,24.3111,11.2722,0.1182
24-Aug-1961,2.04,4.781,23.1611,11.8833,0.1155
25-Aug-1961,0,4.753,21.8611,9.0222,0.1263
26-Aug-1961,0,4.724,21.4667,5.8611,0.1263
27-Aug-1961,0.23,4.695,16.9667,8.6944,0.1209
28-Aug-1961,3.1,4.665,19.1,6.0556,0.1182
29-Aug-1961,2.56,4.635,19.9333,5.3667,0.1344
30-Aug-1961,0.1,4.604,21.7222,7.2167,0.1532
31-Aug-1961,0.18,4.573,22.4778,7.3722,0.1881
01-Sep-1961,0,4.541,21.9667,9.4556,0.1532
02-Sep-1961,0,4.509,17.3889,4.7611,0.1397
03-Sep-1961,0,4.476,18.4889,3.4333,0.1397
04-Sep-1961,0,4.443,22.0333,3.4444,0.1451
05-Sep-1961,0,4.409,23.9167,4.6778,0.1505
06-Sep-1961,0,4.375,23.4167,5.3278,0.1612
07-Sep-1961,0.16,4.341,20.2944,5.5278,0.1558
08-Sep-1961,0.13,4.306,18.1278,3.5889,0.1505
09-Sep-1961,0,4.27,18.7167,2.2833,0.1451
10-Sep-1961,0,4.235,22.5111,3.2056,0.1209
11-Sep-1961,0,4.198,23.7889,4.2944,0.1075
12-Sep-1961,0,4.162,23.6167,3.9389,0.1021
13-Sep-1961,0,4.125,22.8333,3.1556,0.094
14-Sep-1961,0,4.088,21.2556,3.7444,0.0887
15-Sep-1961,0,4.05,20.1111,3.0722,0.0833
16-Sep-1961,14.81,4.012,14.5778,5.7167,0.0914
17-Sep-1961,2.11,3.974,11.9111,2.3,0.129
18-Sep-1961,0.15,3.935,15.1333,-0.8167,0.1505
19-Sep-1961,0,3.896,15.7111,1.7722,0.1263
20-Sep-1961,0.01,3.857,18.2778,1.0889,0.1155
21-Sep-1961,0.01,3.817,15.6722,5.3,0.1075
22-Sep-1961,0,3.777,14.6389,-1.0556,0.1129
23-Sep-1961,0,3.737,16.7111,0.0611,0.1129
24-Sep-1961,0,3.697,16.55,-1.0889,0.1129
25-Sep-1961,0,3.656,20.5722,0.4056,0.1129
26-Sep-1961,0,3.616,21.6556,1.8778,0.1129
27-Sep-1961,0.34,3.575,22.1611,2.4722,0.1048
28-Sep-1961,2.73,3.534,18.1278,7.3444,0.1155
29-Sep-1961,0,3.492,16.9667,0.6889,0.129
30-Sep-1961,0,3.451,19.85,-0.6278,0.1155
01-Oct-1961,0,3.409,19.5056,1.1556,0.1129
02-Oct-1961,0,3.367,21.35,1.9389,0.1075
03-Oct-1961,0,3.325,21.8111,2.8944,0.1075
04-Oct-1961,0,3.283,21.9389,2.9889,0.1075
05-Oct-1961,0,3.241,21.9,3.6667,0.1075
06-Oct-1961,0,3.198,20.1722,3.2833,0.1075
07-Oct-1961,1.06,3.156,13.1833,0.8944,0.1021
08-Oct-1961,0,3.113,3.9056,-3.0222,0.1129
09-Oct-1961,0,3.071,10.4444,-5.4722,0.1182
10-Oct-1961,0,3.028,13.7556,-3,0.1182
11-Oct-1961,0.08,2.986,11.4111,1.9222,0.1209
12-Oct-1961,0,2.943,16.0667,1.25,0.1263
13-Oct-1961,0,2.9,19.5,2.1,0.1209
14-Oct-1961,0,2.857,22.2667,3.1333,0.1182
15-Oct-1961,0,2.815,22.6611,3.9889,0.1182
16-Oct-1961,0,2.772,21.6222,4.1333,0.1129
17-Oct-1961,0,2.729,20.65,2.9833,0.1129
18-Oct-1961,0,2.687,19.9611,2.5278,0.1129
19-Oct-1961,0,2.644,17.9333,3.55,0.1075
20-Oct-1961,11.47,2.602,11.4389,4.9889,0.1075
21-Oct-1961,3.65,2.56,5.3056,1,0.1612
22-Oct-1961,0,2.517,7.4778,-8.1722,0.1935
23-Oct-1961,0,2.475,12.1556,-6.1444,0.1505
24-Oct-1961,0,2.433,13.1278,-3.3111,0.1451
25-Oct-1961,0,2.391,15.5778,-1.2111,0.1397
26-Oct-1961,1.71,2.349,10.2778,1.9056,0.1397
27-Oct-1961,10.24,2.308,7.1778,0.2056,0.1397
28-Oct-1961,0.68,2.266,2.5778,-5.7889,0.1451
29-Oct-1961,0.04,2.225,-1,-5,0.1344
30-Oct-1961,0.06,2.184,1.6722,-5.35,0.1263
31-Oct-1961,0,2.143,8.8167,-5.6778,0.1344
01-Nov-1961,0,2.103,9.0333,-5.1556,0.137
02-Nov-1961,0,2.062,10.2667,-7.1167,0.129
03-Nov-1961,0,2.022,12.5222,-4.6167,0.129
04-Nov-1961,0,1.982,11.5833,-4.3611,0.1344
05-Nov-1961,0,1.943,10.5889,-5.7333,0.129
06-Nov-1961,0,1.904,12.5278,-8.3278,0.1182
07-Nov-1961,0,1.865,13.0667,-7.1778,0.1182
08-Nov-1961,0,1.826,13.5278,-6.2167,0.1263
09-Nov-1961,0,1.787,14.15,-5.6889,0.1209
10-Nov-1961,0,1.749,12.4833,-5.3278,0.1209
11-Nov-1961,0,1.712,8.9889,-3.2111,0.1209
12-Nov-1961,0,1.674,6.1278,-8.4167,0.1155
13-Nov-1961,0,1.637,7.3056,-10.1444,0.1021
14-Nov-1961,0,1.601,11.15,-7.6222,0.0914
15-Nov-1961,5.7,1.564,7.0889,-6.9389,0.1263
16-Nov-1961,2.37,1.528,-0.5389,-10.0444,0.129
17-Nov-1961,0,1.493,1.3333,-14.3,0.0914
18-Nov-1961,0,1.458,2.6778,-11.1278,0.0914
19-Nov-1961,3.26,1.423,2.1278,-9.3222,0.1155
20-Nov-1961,30.25,1.389,-0.5222,-5.8944,0.1397
21-Nov-1961,0.24,1.355,-0.5222,-10.5278,0.129
22-Nov-1961,1.02,1.322,3.9556,-9.5611,0.1263
23-Nov-1961,0,1.289,5.7833,-1.3722,0.1451
24-Nov-1961,0.09,1.257,6.2667,-2.5556,0.1344
25-Nov-1961,4.62,1.225,5.7222,-0.7556,0.1344
26-Nov-1961,0.84,1.193,5.1611,-3.35,0.1397
27-Nov-1961,0.16,1.163,5.2167,-6.3778,0.1344
28-Nov-1961,0,1.132,8.0556,-7.1167,0.1182
29-Nov-1961,18.95,1.102,5.1333,-5.8333,0.137
30-Nov-1961,11.79,1.073,2.1944,-2.9444,0.1344
01-Dec-1961,6.37,1.044,4.4667,-3.4667,0.1344
02-Dec-1961,23.47,1.016,2.4333,-2.4722,0.1558
03-Dec-1961,0.01,0.988,4.1111,-6.3167,0.137
04-Dec-1961,0,0.961,5.45,-8.2778,0.1129
05-Dec-1961,0,0.935,6.1944,-7.9833,0.1155
06-Dec-1961,0,0.909,4.5444,-8.5444,0.1263
07-Dec-1961,0,0.883,3.5667,-11.5889,0.1129
08-Dec-1961,0,0.858,1.5,-10.8,0.1129
09-Dec-1961,0.21,0.834,-2.0333,-13.2889,0.1075
10-Dec-1961,3.63,0.811,-5.6778,-12.6722,0.1129
11-Dec-1961,0,0.788,-4.2056,-15.2056,0.094
12-Dec-1961,0,0.765,-0.4278,-14.1889,0.1129
13-Dec-1961,0,0.743,-1.8611,-12.75,0.1451
14-Dec-1961,0.74,0.722,0.0833,-9.4889,0.1532
15-Dec-1961,0.35,0.702,-1.0944,-9.5889,0.1478
16-Dec-1961,0.06,0.682,1.4056,-9.65,0.1639
17-Dec-1961,1.22,0.663,3.7556,-5.4222,0.1693
18-Dec-1961,1.26,0.644,2.5944,-4.9333,0.129
19-Dec-1961,2.05,0.627,7.5444,-1.7944,0.1451
20-Dec-1961,0.54,0.609,10.0944,-0.0889,0.1693
21-Dec-1961,0.16,0.593,8.5,-1.7944,0.1935
22-Dec-1961,0,0.577,6.8556,-7.05,0.1612
23-Dec-1961,0,0.562,8.6944,-7.7778,0.1451
24-Dec-1961,0,0.547,11.4278,-7.3889,0.1505
25-Dec-1961,0.02,0.534,9.2667,-6.3056,0.1532
26-Dec-1961,0,0.521,7.3,-7.8889,0.1532
27-Dec-1961,0,0.508,9.5167,-7.2833,0.1263
28-Dec-1961,0,0.497,8.3722,-8.8333,0.1263
29-Dec-1961,0,0.486,8.85,-9.0722,0.1263
30-Dec-1961,0,0.475,8.8167,-8.7778,0.1344
31-Dec-1961,0,0.466,6.3722,-7.9778,0.1344
01-Jan-1962,0,0.44,7.1056,-4.0056,0.1666
02-Jan-1962,0,0.442,9.2556,-7.1889,0.1263
03-Jan-1962,0,0.435,11.7333,-5.6889,0.1451
04-Jan-1962,0,0.429,8.0333,-7.9611,0.1209
05-Jan-1962,0,0.424,8.7667,-8.0444,0.1209
06-Jan-1962,0,0.419,12.6667,-5.1222,0.1612
07-Jan-1962,0,0.416,13.8389,-4,0.1505
08-Jan-1962,0,0.413,12.1444,-3.4333,0.1397
09-Jan-1962,0,0.41,10.1167,-5.1111,0.137
10-Jan-1962,0,0.409,5.8,-5.3944,0.1505
11-Jan-1962,0,0.408,5.1,-11.8722,0.1129
12-Jan-1962,4.21,0.408,1.6056,-8.2944,0.1397
13-Jan-1962,0.83,0.409,-2.0833,-12.6833,0.1263
14-Jan-1962,0,0.41,-0.2833,-15.3444,0.0645
15-Jan-1962,0,0.412,2.3278,-13.25,0.094
16-Jan-1962,0,0.415,3.5,-14.3389,0.1021
17-Jan-1962,0,0.419,4.7333,-12.8,0.1558
18-Jan-1962,7.43,0.423,2.5778,-5.3778,0.1988
19-Jan-1962,26.83,0.428,1.9889,-2.7611,0.18
20-Jan-1962,29.14,0.434,-1.7167,-10.7722,0.1451
21-Jan-1962,3.48,0.44,-9.8056,-15.4556,0.094
22-Jan-1962,1.05,0.447,-11.5667,-15.2222,0.0779
23-Jan-1962,0.05,0.455,-6.2944,-11.2778,0.0618
24-Jan-1962,0,0.464,-1.7667,-12.2333,0.0779
25-Jan-1962,0,0.473,2.9222,-12.1667,0.129
26-Jan-1962,0,0.483,3.35,-11.5833,0.1693
27-Jan-1962,0,0.494,6.3167,-9.9056,0.1747
28-Jan-1962,0,0.506,6.65,-8.7611,0.1881
29-Jan-1962,0,0.518,6.5722,-8.6056,0.1881
30-Jan-1962,0,0.531,7.45,-9.1833,0.1881
31-Jan-1962,0,0.545,8.1889,-7.5778,0.1881
01-Feb-1962,0,0.559,7.3611,-8.1611,0.1881
02-Feb-1962,0,0.574,7.7667,-7.5556,0.1881
03-Feb-1962,0,0.589,9.4444,-7.2389,0.1935
04-Feb-1962,0,0.606,10.4333,-6.65,0.1988
05-Feb-1962,0,0.623,10.2611,-4.8833,0.2123
06-Feb-1962,2.64,0.641,7.5056,-3.8222,0.1935
07-Feb-1962,17.27,0.659,3.3833,-2.8167,0.2284
08-Feb-1962,39.82,0.678,2.4667,-2.5278,0.2526
09-Feb-1962,132.67,0.698,0.9889,-1.6944,1.6552
10-Feb-1962,36.27,0.718,0.9278,-1.1167,1.2952
11-Feb-1962,22.05,0.739,0.8,-2.6333,0.6637
12-Feb-1962,1.33,0.761,2.1222,-4.6222,0.4326
13-Feb-1962,18.64,0.783,1.8889,-2.8333,0.4138
14-Feb-1962,14.44,0.806,1.9111,-3.6944,0.6744
15-Feb-1962,72.97,0.829,0.1389,-3.5056,0.8115
16-Feb-1962,9,0.853,0.7778,-5.7333,0.5025
17-Feb-1962,0.66,0.878,1.6,-7.6833,0.4165
18-Feb-1962,2.36,0.903,-0.7056,-8.0111,0.3708
19-Feb-1962,3.67,0.929,-0.7444,-6.5833,0.3332
20-Feb-1962,0.8,0.955,0.7833,-7.5722,0.3009
21-Feb-1962,0.38,0.982,1.6278,-9.9556,0.2741
22-Feb-1962,0.03,1.01,5.3,-10.1444,0.2795
23-Feb-1962,5.59,1.038,2.4944,-8.1444,0.2875
24-Feb-1962,5.43,1.067,-1.8333,-9.5778,0.2956
25-Feb-1962,2.62,1.096,-4.55,-13.3833,0.223
26-Feb-1962,2.05,1.126,-6.8,-14.5722,0.2123
27-Feb-1962,0,1.156,-5.9,-13.8944,0.18
28-Feb-1962,0.8,1.187,-1.3667,-14.1944,0.1988
01-Mar-1962,7.3,1.218,-0.7611,-7.6611,0.2526
02-Mar-1962,22.98,1.25,-2.3778,-5.8444,0.2338
03-Mar-1962,0.2,1.282,0.4944,-9.1333,0.2069
04-Mar-1962,0.2,1.315,5.3,-11.8111,0.223
05-Mar-1962,25.68,1.348,6.1944,-4.8389,0.2741
06-Mar-1962,15.12,1.382,1.5278,-4.0889,0.4595
07-Mar-1962,4.72,1.416,1.4333,-9.4056,0.3413
08-Mar-1962,0.01,1.451,4.0556,-6.0056,0.3332
09-Mar-1962,10.67,1.486,0.5722,-10.7722,0.3413
10-Mar-1962,3.02,1.521,-2.6611,-11.0222,0.2956
11-Mar-1962,2.89,1.557,-1.6444,-7.2611,0.2795
12-Mar-1962,0,1.593,0.0111,-11.6778,0.2687
13-Mar-1962,0,1.629,2.6,-12.9167,0.2472
14-Mar-1962,0.01,1.666,4.5722,-11.7111,0.258
15-Mar-1962,0.04,1.704,4.1667,-10.0222,0.2795
16-Mar-1962,2.09,1.741,1.7944,-5.2389,0.2795
17-Mar-1962,0,1.779,3.0611,-6.25,0.2687
18-Mar-1962,0,1.818,6.0389,-6.0556,0.2795
19-Mar-1962,0.08,1.856,7.6722,-7.8167,0.3224
20-Mar-1962,1.06,1.895,2.9444,-3.1,0.3628
21-Mar-1962,1.18,1.935,4.9222,-8.7444,0.3278
22-Mar-1962,31.81,1.974,0.7389,-5.3222,0.3574
23-Mar-1962,0.15,2.014,1.9333,-12.2833,0.2956
24-Mar-1962,0,2.054,8.5222,-9.3111,0.3574
25-Mar-1962,0,2.094,11.7556,-5.7167,0.5105
26-Mar-1962,0,2.135,13.3,-4.8944,0.6073
27-Mar-1962,0,2.176,13.2889,-3.4,0.6933
28-Mar-1962,0,2.217,12.3389,-4.1611,0.8787
29-Mar-1962,0.06,2.258,8.95,-5.4889,0.962
30-Mar-1962,0,2.299,9.7889,-6.8444,0.9378
31-Mar-1962,0,2.341,12.8944,-6.5056,0.9378
01-Apr-1962,0,2.382,12.5056,-4.7556,1.0694
02-Apr-1962,0,2.424,11.9056,-4.6111,1.1071
03-Apr-1962,0,2.466,12.9667,-3.6111,1.2092
04-Apr-1962,0,2.508,14.2056,-2.4778,1.4349
05-Apr-1962,0,2.551,15.25,-2.0778,1.6767
06-Apr-1962,0,2.593,17.7444,-1.9278,1.8433
07-Apr-1962,0,2.635,16.75,-1.6722,2.069
08-Apr-1962,0,2.678,15.4833,-0.7,2.2732
09-Apr-1962,0,2.72,15.6,-0.4056,2.593
10-Apr-1962,0,2.763,12.9444,-4.0444,2.4613
11-Apr-1962,0,2.806,16.4611,-3.2389,2.2356
12-Apr-1962,0,2.848,19.3722,-1.3944,2.3673
13-Apr-1962,0,2.891,20.1111,0.5167,2.687
14-Apr-1962,0,2.934,20.0333,2.7778,3.0632
15-Apr-1962,0,2.977,17.1556,4.25,3.3588
16-Apr-1962,0,3.019,17.6944,-2.0944,3.2513
17-Apr-1962,0,3.062,19.9667,-2.05,3.0095
18-Apr-1962,0.15,3.104,19.6278,2.4833,3.0632
19-Apr-1962,2.44,3.147,13.25,-0.0056,3.117
20-Apr-1962,0.05,3.189,9.3167,-4.0389,2.4613
21-Apr-1962,0,3.232,14.2333,-3.9278,2.1604
22-Apr-1962,0,3.274,18.3111,-1.6111,2.292
23-Apr-1962,0,3.316,19.0111,-0.0722,2.7408
24-Apr-1962,0,3.358,15.0833,3.4667,3.117
25-Apr-1962,1.05,3.4,11.2,-0.4222,3.0095
26-Apr-1962,0.04,3.442,13.6778,-2.7333,2.5742
27-Apr-1962,9.53,3.483,10.1056,0.2944,2.6118
28-Apr-1962,0.95,3.525,5.7056,-1.6167,2.5178
29-Apr-1962,0,3.566,7.9833,-7.8778,2.069
30-Apr-1962,0,3.607,13.4611,-6.0778,1.8782
01-May-1962,0,3.648,15.2444,0.7333,2.018
02-May-1962,0,3.689,16.8556,0.6222,2.4237
03-May-1962,0,3.729,17.7056,0.95,2.8751
04-May-1962,0,3.769,18.1667,1.6611,3.3857
05-May-1962,0,3.809,18.9278,1.3056,3.9231
06-May-1962,0,3.848,18.0778,1.0667,4.1918
07-May-1962,0,3.888,18.1722,2.2833,3.8693
08-May-1962,0,3.927,15.4556,4.1778,4.0574
09-May-1962,0.02,3.965,12.9889,3.4389,3.8962
10-May-1962,0.02,4.004,10.3444,1.9111,3.3857
11-May-1962,0,4.042,9.8556,-1.4111,2.7945
12-May-1962,1.19,4.08,7.3,-0.3389,2.593
13-May-1962,0.82,4.117,7.0278,-4.4278,2.1604
14-May-1962,15.96,4.154,2.3444,-3.5389,2.0368
15-May-1962,5.81,4.191,7.35,-2.3056,1.8084
16-May-1962,33.58,4.227,5.3667,-2.75,1.8782
17-May-1962,0.2,4.263,11.8778,-2.7778,1.709
18-May-1962,0.08,4.298,11.5333,1.3778,1.8084
19-May-1962,0.31,4.333,9.4889,-0.2944,1.7896
20-May-1962,2.17,4.368,7.0389,-4.4389,1.709
21-May-1962,0.15,4.402,10.2722,-3.1,1.5639
22-May-1962,0,4.436,15.3222,-1.4167,1.7734
23-May-1962,0.03,4.469,10.6889,2.45,2.1228
24-May-1962,0.61,4.502,8.1167,-3.1556,1.9293
25-May-1962,0.98,4.535,8.3389,-2.7111,1.8594
26-May-1962,10.27,4.566,7.0278,-0.75,1.8272
27-May-1962,13.95,4.598,6.9667,0.1278,1.7896
28-May-1962,0.07,4.629,13.1389,-0.4889,1.8594
29-May-1962,0,4.659,15.4944,1.2278,2.2356
30-May-1962,0,4.689,16.6278,0.9556,2.687
31-May-1962,0,4.718,18.5,-0.0944,2.902
01-Jun-1962,0,4.747,20.1056,1.2944,3.0632
02-Jun-1962,0,4.775,19.05,2.7278,3.4663
03-Jun-1962,0,4.803,15.1111,2.8056,3.6275
04-Jun-1962,0,4.83,13.5222,-2.75,2.9289
05-Jun-1962,0,4.857,16.2167,-2.1722,2.7408
06-Jun-1962,0,4.883,17.2056,-0.5111,2.7945
07-Jun-1962,0,4.908,17.4444,0.1444,2.9289
08-Jun-1962,0,4.933,21.2167,0.6333,2.9557
09-Jun-1962,0,4.957,21.3222,4.0167,3.2244
10-Jun-1962,0,4.981,20.2778,4.4333,3.4125
11-Jun-1962,0,5.004,20.7556,2.6556,3.3051
12-Jun-1962,0,5.026,20.7056,3.0722,3.2513
13-Jun-1962,0,5.048,16.8667,2.2944,3.1707
14-Jun-1962,12.86,5.069,10.8389,2.15,2.8751
15-Jun-1962,4.15,5.089,12.7333,1.7611,2.593
16-Jun-1962,2.22,5.109,16.8444,3.5944,2.5178
17-Jun-1962,0.06,5.128,21.15,3.5444,2.5742
18-Jun-1962,0.66,5.147,23.1944,5.9333,2.7945
19-Jun-1962,0.01,5.165,24.4722,8.1833,3.0901
20-Jun-1962,0,5.182,24.7889,7.7333,3.1438
21-Jun-1962,0,5.198,24.6778,7.3944,3.0632
22-Jun-1962,0,5.214,24.5722,6.6944,2.9557
23-Jun-1962,0,5.229,23.6278,7.3556,2.902
24-Jun-1962,0,5.244,24.2,4.6389,2.6682
25-Jun-1962,0,5.258,23.6389,4.6833,2.4801
26-Jun-1962,0,5.271,24.5944,2.8944,2.292
27-Jun-1962,0,5.283,23.7611,4.15,2.1416
28-Jun-1962,0,5.295,24.55,4.7722,2.018
29-Jun-1962,0,5.306,22.7333,5.7278,1.9132
30-Jun-1962,0,5.316,21.6278,3.3444,1.7734
01-Jul-1962,0,5.325,22.0056,3.8278,1.6445
02-Jul-1962,0,5.334,22.6056,4.1389,1.5316
03-Jul-1962,0,5.342,22.8833,4.6889,1.5155
04-Jul-1962,0,5.35,25.3333,6.0722,1.4349
05-Jul-1962,0,5.356,24.5,7.15,1.4188
06-Jul-1962,0,5.362,24.6611,5.6889,1.3059
07-Jul-1962,0,5.367,25.3889,5.1444,1.1957
08-Jul-1962,0,5.372,24.8278,6.2111,1.1178
09-Jul-1962,0,5.376,23.25,5.8833,1.0318
10-Jul-1962,0,5.379,21.7389,6.9278,0.9727
11-Jul-1962,0.21,5.381,20.0667,5.0778,0.8921
12-Jul-1962,10.28,5.382,16.4,4.9556,0.9378
13-Jul-1962,0.16,5.383,19.6167,4.6944,0.8787
14-Jul-1962,0,5.383,21.35,4.8389,0.8115
15-Jul-1962,0.18,5.383,22.0611,4.4222,0.7577
16-Jul-1962,0.02,5.381,24.0778,5.4889,0.79
17-Jul-1962,4.15,5.379,23.1222,8.1167,0.7577
18-Jul-1962,0,5.376,23.1889,5.85,0.7148
19-Jul-1962,0,5.373,24.9278,6.2556,0.6637
20-Jul-1962,0.04,5.368,26.0111,7.2722,0.6556
21-Jul-1962,0.07,5.363,26.2556,8.5,0.5965
22-Jul-1962,0,5.358,25.85,8.4722,0.5777
23-Jul-1962,1.81,5.351,25.4667,8.5333,0.5777
24-Jul-1962,0.1,5.344,25.0944,9.0278,0.6073
25-Jul-1962,0.09,5.336,25.5889,7.7278,0.5589
26-Jul-1962,0.31,5.327,26.0167,7.7611,0.5105
27-Jul-1962,0.59,5.318,25.8111,8.2556,0.4864
28-Jul-1962,0.07,5.308,25.2167,8.0056,0.5105
29-Jul-1962,0.04,5.297,24.2278,7.1278,0.4944
30-Jul-1962,0.06,5.286,23.9444,6.7,0.4595
31-Jul-1962,0,5.273,25.35,7.1278,0.4246
01-Aug-1962,0,5.26,26.1611,6.2778,0.4084
02-Aug-1962,0,5.247,24.2222,6.8611,0.4004
03-Aug-1962,0,5.232,21.65,8.6889,0.3708
04-Aug-1962,0,5.217,18.5778,9.2556,0.3574
05-Aug-1962,0,5.202,20.0167,8.3444,0.3789
06-Aug-1962,0,5.185,20.5111,5.2056,0.3574
07-Aug-1962,0,5.168,20.5056,6.8056,0.3332
08-Aug-1962,0.45,5.151,19.4889,6.6611,0.3144
09-Aug-1962,4.53,5.132,17.7056,7.1833,0.3628
10-Aug-1962,0,5.113,21.4056,2.6167,0.4004
11-Aug-1962,0,5.094,25.4,4.3556,0.3628
12-Aug-1962,0,5.073,26.2111,5.4556,0.3332
13-Aug-1962,0,5.052,27.2556,5.5222,0.3332
14-Aug-1962,0,5.031,27.9222,6.8667,0.3332
15-Aug-1962,0,5.009,28.6222,7.5389,0.3278
16-Aug-1962,0.01,4.986,27.2444,11.5444,0.3144
17-Aug-1962,0,4.962,24.4556,9.5556,0.2875
18-Aug-1962,0,4.938,24.2333,6.6611,0.2795
19-Aug-1962,1.81,4.913,25.0778,6.0278,0.2741
20-Aug-1962,3.2,4.888,25.5667,7.4722,0.3009
21-Aug-1962,0,4.862,24.8833,6.4556,0.3224
22-Aug-1962,0,4.836,24.3722,5.4889,0.3009
23-Aug-1962,0.04,4.809,23.7778,5.8944,0.2956
24-Aug-1962,0,4.781,26.9222,5.6389,0.2956
25-Aug-1962,0,4.753,27.1111,6.6944,0.3009
26-Aug-1962,0,4.724,25.9056,7.9111,0.3009
27-Aug-1962,0,4.695,23.9556,7.6778,0.2875
28-Aug-1962,0,4.665,23.8722,2.3333,0.2795
29-Aug-1962,0,4.635,21.8833,1.6111,0.2741
30-Aug-1962,0,4.604,20.4444,1.7056,0.2687
31-Aug-1962,0,4.573,22.6889,2.1611,0.2633
01-Sep-1962,0,4.541,25.25,4.0389,0.2633
02-Sep-1962,0,4.509,26.1278,5.8333,0.258
03-Sep-1962,0,4.476,25.5611,5.3167,0.2526
04-Sep-1962,0,4.443,24.7,5.9111,0.2526
05-Sep-1962,0,4.409,25.2,6.1944,0.2391
06-Sep-1962,0,4.375,26.5444,6.1944,0.2338
07-Sep-1962,0,4.341,23.8611,6.3222,0.2284
08-Sep-1962,0,4.306,21.65,4.6278,0.2284
09-Sep-1962,0,4.27,23.2944,2.5833,0.2526
10-Sep-1962,0,4.235,22.9611,4.5389,0.2526
11-Sep-1962,0,4.198,21.4167,6.2833,0.2284
12-Sep-1962,0,4.162,20.1556,6.6222,0.1988
13-Sep-1962,0,4.125,21.4389,4.1667,0.1881
14-Sep-1962,0,4.088,21.9667,4.0667,0.1827
15-Sep-1962,0,4.05,22.9556,4.3056,0.1666
16-Sep-1962,0,4.012,23.7556,4.8611,0.1558
17-Sep-1962,0,3.974,25.9889,4.9167,0.1532
18-Sep-1962,0,3.935,23.6667,5.3111,0.1612
19-Sep-1962,0,3.896,23.0389,1.1167,0.1666
20-Sep-1962,0,3.857,19.4278,2.7778,0.1693
21-Sep-1962,0,3.817,21.2667,2.3778,0.1666
22-Sep-1962,0,3.777,23.6111,2.7167,0.1612
23-Sep-1962,0,3.737,24.4611,3.65,0.1558
24-Sep-1962,0.04,3.697,24.7,5.2667,0.1558
25-Sep-1962,6.05,3.656,22.6667,6.8389,0.1558
26-Sep-1962,4.51,3.616,18.6722,7.7167,0.2633
27-Sep-1962,0.16,3.575,16.9333,4.7833,0.223
28-Sep-1962,0.09,3.534,15.0889,4.7389,0.1747
29-Sep-1962,0,3.492,18.2556,3.9333,0.1666
30-Sep-1962,0,3.451,20.4611,2.3111,0.1666
01-Oct-1962,0,3.409,23.2667,3.4222,0.1612
02-Oct-1962,0,3.367,21.5722,3.7833,0.1558
03-Oct-1962,0.01,3.325,17.4,4.2611,0.1532
04-Oct-1962,0.43,3.283,12.6944,3.2944,0.1505
05-Oct-1962,0.03,3.241,14.5,-1.2111,0.1612
06-Oct-1962,0,3.198,14.5,-1.1389,0.1612
07-Oct-1962,0,3.156,15.9722,-2.1,0.1612
08-Oct-1962,0,3.113,16.7222,4.7944,0.1532
09-Oct-1962,0.18,3.071,16.7944,5.8444,0.1505
10-Oct-1962,5.08,3.028,14.55,7.5833,0.1451
11-Oct-1962,4.72,2.986,12.6,8.4333,0.1505
12-Oct-1962,14.48,2.943,10.0556,8.3389,0.1612
13-Oct-1962,66.33,2.9,8.8556,4.4556,0.4917
14-Oct-1962,28.47,2.857,6.7611,-0.2667,1.0157
15-Oct-1962,0.27,2.815,4.8389,-1.5333,0.4864
16-Oct-1962,0,2.772,4.3722,-1.4278,0.3493
17-Oct-1962,0,2.729,8.25,-2.6389,0.3009
18-Oct-1962,0,2.687,12.8889,-2.2667,0.2875
19-Oct-1962,0,2.644,13.3889,-0.8111,0.3009
20-Oct-1962,0,2.602,15.2944,-1.2167,0.3144
21-Oct-1962,0,2.56,16.9722,-0.3667,0.3144
22-Oct-1962,0,2.517,17.8722,0.4444,0.3224
23-Oct-1962,0,2.475,17.5444,0.3667,0.3224
24-Oct-1962,0,2.433,17.5,0.4667,0.3144
25-Oct-1962,0,2.391,17.2278,0.0056,0.2956
26-Oct-1962,0,2.349,17.1833,-0.25,0.2795
27-Oct-1962,0,2.308,17.5056,-0.2111,0.2687
28-Oct-1962,0,2.266,18.1667,0.15,0.258
29-Oct-1962,0,2.225,18.2611,0.7,0.2526
30-Oct-1962,0,2.184,17.7444,0.9778,0.2472
31-Oct-1962,0,2.143,17.4667,1.0278,0.2391
01-Nov-1962,0,2.103,16.6778,-1.1833,0.2472
02-Nov-1962,0,2.062,14.8222,-1.5056,0.2338
03-Nov-1962,0,2.022,16.1611,-0.3222,0.2284
04-Nov-1962,0,1.982,16.2889,-1.5389,0.223
05-Nov-1962,0,1.943,14.2278,1.2278,0.2177
06-Nov-1962,0,1.904,12.3389,-3.6167,0.2069
07-Nov-1962,0,1.865,13.9833,-4.35,0.2042
08-Nov-1962,0,1.826,14.5222,-3.2667,0.2042
09-Nov-1962,2.17,1.787,12.4111,-1,0.1988
10-Nov-1962,0.86,1.749,10.8111,0.1722,0.2042
11-Nov-1962,0,1.712,13.0111,-1.7944,0.2069
12-Nov-1962,0,1.674,11.7389,-2.7222,0.2042
13-Nov-1962,0.86,1.637,10.6056,-2.0222,0.2042
14-Nov-1962,2.34,1.601,7.1278,-0.1556,0.2042
15-Nov-1962,0.13,1.564,7.9222,-5.3889,0.2042
16-Nov-1962,0.84,1.528,3.6611,-3.2611,0.1935
17-Nov-1962,0.44,1.493,-0.3444,-8.4167,0.18
18-Nov-1962,0.01,1.458,2.8056,-8.7111,0.1558
19-Nov-1962,0,1.423,8.7667,-7.9,0.1478
20-Nov-1962,0,1.389,12.2722,-5.3111,0.1505
21-Nov-1962,0,1.355,12.5611,-5.0667,0.1666
22-Nov-1962,0,1.322,12.1778,-4.0333,0.1827
23-Nov-1962,0,1.289,9.8833,-5.6667,0.1747
24-Nov-1962,0,1.257,8.9333,-5.9389,0.1747
25-Nov-1962,0.06,1.225,10.2,-6.5111,0.1747
26-Nov-1962,3.62,1.193,9.9333,-0.0833,0.1827
27-Nov-1962,6.76,1.163,5.5389,-1.7111,0.1988
28-Nov-1962,3.69,1.132,1.6,-6.9722,0.1881
29-Nov-1962,0.03,1.102,-0.4056,-8.2722,0.1935
30-Nov-1962,0.16,1.073,3.4667,-11.4611,0.1532
01-Dec-1962,0.16,1.044,7.3222,-7.1278,0.1747
02-Dec-1962,3.74,1.016,8.0722,-2.1167,0.2284
03-Dec-1962,2.25,0.988,9.2389,2.2667,0.2338
04-Dec-1962,0,0.961,9.1611,-4.7167,0.2284
05-Dec-1962,0,0.935,10.0333,-5.3389,0.1988
06-Dec-1962,0,0.909,11.3722,-5.3389,0.1935
07-Dec-1962,0,0.883,10.3722,-4.5667,0.1935
08-Dec-1962,0,0.858,10.2611,-5.45,0.1827
09-Dec-1962,0,0.834,10.3278,-6.0167,0.18
10-Dec-1962,0,0.811,9.7778,-6.1333,0.1693
11-Dec-1962,0,0.788,9.2889,-6.8611,0.1693
12-Dec-1962,0,0.765,9.0944,-7.4556,0.1693
13-Dec-1962,0,0.743,9.9222,-6.1889,0.18
14-Dec-1962,0.13,0.722,12.2667,-3.7,0.1881
15-Dec-1962,12.19,0.702,10.6167,-1.0222,0.2069
16-Dec-1962,16.55,0.682,7.7278,1.5889,0.2687
17-Dec-1962,4.07,0.663,5.6111,-0.6889,0.3493
18-Dec-1962,6.62,0.644,5.3833,0.4611,0.3762
19-Dec-1962,0,0.627,6.6833,-3.0778,0.2956
20-Dec-1962,0,0.609,6.7556,-5.6444,0.2687
21-Dec-1962,0,0.593,7.7222,-6.9444,0.2418
22-Dec-1962,0,0.577,6.9722,-7.4111,0.215
23-Dec-1962,0,0.562,4.3111,-7.75,0.2015
24-Dec-1962,0,0.547,-0.9889,-9.8111,0.1881
25-Dec-1962,0,0.534,-4.6278,-14.2833,0.1747
26-Dec-1962,0,0.521,-0.9111,-15.0667,0.1612
27-Dec-1962,0,0.508,3.3667,-13.5333,0.1478
28-Dec-1962,0,0.497,7.6778,-11.1389,0.1505
29-Dec-1962,0,0.486,8.7222,-10.0444,0.1505
30-Dec-1962,0,0.475,5.4167,-9.1722,0.1505
31-Dec-1962,0,0.466,3.5611,-9.5389,0.1532
01-Jan-1963,0,0.44,6.3111,-10.25,0.1558
02-Jan-1963,0,0.442,6.7389,-10.4833,0.1585
03-Jan-1963,5.73,0.435,5.3556,-9.7278,0.1612
04-Jan-1963,0,0.429,1.7778,-4.7833,0.1747
05-Jan-1963,0,0.424,3.8389,-5.5556,0.1881
06-Jan-1963,0,0.419,5.1278,-7.3611,0.1935
07-Jan-1963,0,0.416,6.9389,-7.9833,0.1988
08-Jan-1963,0,0.413,9.3889,-8.5722,0.1935
09-Jan-1963,0,0.41,10.3556,-7.2889,0.1612
10-Jan-1963,0,0.409,4.7333,-6.3278,0.1451
11-Jan-1963,0,0.408,-2.5611,-14.8222,0.1397
12-Jan-1963,0,0.408,-7.7389,-13.1444,0.1397
13-Jan-1963,0,0.409,0.5111,-14.1889,0.1532
14-Jan-1963,0,0.41,3.1333,-12.3111,0.1612
15-Jan-1963,0,0.412,6.3056,-11.5333,0.1693
16-Jan-1963,0,0.415,6.1833,-10.2833,0.1881
17-Jan-1963,0,0.419,6.9111,-11.2333,0.1988
18-Jan-1963,0,0.423,6.1778,-8.9056,0.1881
19-Jan-1963,0,0.428,0.6611,-13.9889,0.1612
20-Jan-1963,0,0.434,5.2556,-13,0.1424
21-Jan-1963,0,0.44,9.1167,-10.5611,0.1558
22-Jan-1963,0,0.447,10.5944,-8.4833,0.1666
23-Jan-1963,0,0.455,9.7056,-8.2722,0.1881
24-Jan-1963,0,0.464,10.45,-7.7111,0.2203
25-Jan-1963,0,0.473,10.2278,-8.2556,0.223
26-Jan-1963,0,0.483,6.7,-10.0833,0.215
27-Jan-1963,0,0.494,7.5444,-10.8667,0.2015
28-Jan-1963,0.98,0.506,5.2556,-8.9111,0.2096
29-Jan-1963,38.74,0.518,4.5889,-3.4333,0.215
30-Jan-1963,127.46,0.531,3.8056,-0.8556,2.5312
31-Jan-1963,191.55,0.545,6.1722,1.6833,13.5427
01-Feb-1963,72.7,0.559,5.9444,0.6056,22.8936
02-Feb-1963,0.18,0.574,8.4556,-0.5556,4.8904
03-Feb-1963,0.41,0.589,13.3333,0.4333,3.1707
04-Feb-1963,1.63,0.606,13.3222,0.0944,2.7677
05-Feb-1963,0,0.623,10.9389,-1.2111,2.5178
06-Feb-1963,0,0.641,11.5111,-1.4833,2.0529
07-Feb-1963,0,0.659,13.5389,-1.7444,1.8594
08-Feb-1963,0.06,0.678,11.6944,-2.1278,1.6928
09-Feb-1963,1.26,0.698,7.9389,-3.2278,1.451
10-Feb-1963,3.66,0.718,5.5611,-1.2667,1.2898
11-Feb-1963,0,0.739,6.5611,-3.7222,1.1312
12-Feb-1963,5.24,0.761,5.8444,-4.9778,1.056
13-Feb-1963,17.38,0.783,5.3944,-2.1722,1.0802
14-Feb-1963,0.97,0.806,5.3667,-6.1611,1.0318
15-Feb-1963,0,0.829,6.3444,-6.8167,0.962
16-Feb-1963,0,0.853,6.9611,-3.7889,0.962
17-Feb-1963,0.03,0.878,6.3556,-3.0889,0.9028
18-Feb-1963,0,0.903,9.4778,-3.7667,0.8787
19-Feb-1963,0,0.929,10.0611,-3.6056,0.8572
20-Feb-1963,0.06,0.955,10.0722,-1.7278,0.8572
21-Feb-1963,0,0.982,9.6722,-5.2278,0.8572
22-Feb-1963,0,1.01,6.8722,-4.8056,0.8464
23-Feb-1963,0,1.038,11.95,-5.9333,0.8007
24-Feb-1963,0,1.067,13.9111,-5.1111,0.7524
25-Feb-1963,0,1.096,14.6444,-3.4444,0.7255
26-Feb-1963,0.14,1.126,12.15,0.3389,0.6718
27-Feb-1963,0,1.156,9.7778,-6.0056,0.618
28-Feb-1963,0,1.187,13.6389,-5.7944,0.6449
01-Mar-1963,0,1.218,11.5889,-5.6,0.6449
02-Mar-1963,4.46,1.25,7.5278,-4.4056,0.618
03-Mar-1963,3.74,1.282,0.4111,-7.0722,0.6449
04-Mar-1963,0,1.315,1.5,-11.2667,0.6449
05-Mar-1963,0,1.348,4.1222,-9.5889,0.5858
06-Mar-1963,0.37,1.382,6.2444,-7.0111,0.6341
07-Mar-1963,1.56,1.416,6.6222,-4.4056,0.6261
08-Mar-1963,0.24,1.451,7.7556,-7.0056,0.5858
09-Mar-1963,2.72,1.486,6.4444,-4.0111,0.6073
10-Mar-1963,0.01,1.521,7.8444,-6.3722,0.6449
11-Mar-1963,0,1.557,9.65,-6.3667,0.5777
12-Mar-1963,0,1.593,5.9389,-7.6444,0.5777
13-Mar-1963,0.38,1.629,6.8389,-9.8,0.5213
14-Mar-1963,14.86,1.666,4.0167,-6.0556,0.5401
15-Mar-1963,3.48,1.704,-1.45,-8.5889,0.4864
16-Mar-1963,9.97,1.741,-1.1556,-7.2889,0.532
17-Mar-1963,1.12,1.779,-0.3556,-8.4444,0.5025
18-Mar-1963,0.05,1.818,3.8,-9.4,0.5105
19-Mar-1963,0.01,1.856,8.3556,-9.2722,0.4944
20-Mar-1963,0,1.895,11.7444,-7.6278,0.5401
21-Mar-1963,0.06,1.935,10.9333,-5.2778,0.5858
22-Mar-1963,5.41,1.974,10.0389,-1.5556,0.5858
23-Mar-1963,4.21,2.014,4.2167,-4.9611,0.5858
24-Mar-1963,0.05,2.054,7.1722,-11.6222,0.5025
25-Mar-1963,0,2.094,9.5778,-6.9333,0.5777
26-Mar-1963,0.01,2.135,9.9333,-3.9333,0.5589
27-Mar-1963,33.09,2.176,6.6833,-2.2056,0.6073
28-Mar-1963,35.55,2.217,3.0778,-4.0389,0.8787
29-Mar-1963,0.27,2.258,4.6278,-4.4222,0.7577
30-Mar-1963,0.28,2.299,7.2222,-4.5389,0.7148
31-Mar-1963,4.81,2.341,5.2778,-4.2278,0.747
01-Apr-1963,5.82,2.382,0.1722,-7.3833,0.6825
02-Apr-1963,0,2.424,3.0167,-11.7167,0.5858
03-Apr-1963,0.21,2.466,8.7111,-5.2833,0.6261
04-Apr-1963,0.02,2.508,11.4611,-2.5667,0.6744
05-Apr-1963,5.14,2.551,9.5833,-0.1278,0.7148
06-Apr-1963,21.06,2.593,6.3611,1.6056,1.2065
07-Apr-1963,21.45,2.635,4.4833,-0.1333,1.8272
08-Apr-1963,1.3,2.678,4.5111,-2.2222,1.3059
09-Apr-1963,1.33,2.72,3.0333,-3.7667,1.0802
10-Apr-1963,1.79,2.763,2.4333,-4.9889,0.9485
11-Apr-1963,0.07,2.806,8.3667,-6.9889,0.8787
12-Apr-1963,0,2.848,12.5444,-3.1667,0.8572
13-Apr-1963,0.01,2.891,13.95,-2.7611,0.8787
14-Apr-1963,36.27,2.934,9.4833,0.1056,1.1554
15-Apr-1963,8.16,2.977,1.0778,-4.5111,1.1554
16-Apr-1963,6.03,3.019,-0.2278,-6.7444,1.056
17-Apr-1963,1.86,3.062,1.0278,-12.5389,0.9969
18-Apr-1963,1.96,3.104,3.2056,-6.1444,0.9835
19-Apr-1963,8.3,3.147,1.2667,-4.1833,1.0076
20-Apr-1963,23.29,3.189,-2.0667,-6.4833,0.9485
21-Apr-1963,2.44,3.232,0.2333,-9.7389,0.9136
22-Apr-1963,0,3.274,5.2056,-11.1111,0.9136
23-Apr-1963,0.01,3.316,8.5722,-7.1222,0.9835
24-Apr-1963,0,3.358,9.1722,-5.4389,1.056
25-Apr-1963,0.3,3.4,6.6889,-1.9778,1.0694
26-Apr-1963,1.26,3.442,4.7111,-2.9,1.0076
27-Apr-1963,0.05,3.483,8.9833,-3.5611,0.9673
28-Apr-1963,0,3.525,13.5611,-3.8056,1.1554
29-Apr-1963,0,3.566,15.8111,-2.2667,1.3973
30-Apr-1963,0,3.607,16.2556,-1.3333,1.5585
01-May-1963,0,3.648,13.3611,-0.0611,1.6122
02-May-1963,0,3.689,12.9278,0.3722,2.0153
03-May-1963,0.01,3.729,12.9111,1.4556,2.2571
04-May-1963,0,3.769,13.1222,1.3611,2.3915
05-May-1963,0.1,3.809,15.0722,1.9389,2.687
06-May-1963,0,3.848,16.5333,2.5056,2.9557
07-May-1963,0.19,3.888,13.6611,6.3944,3.6544
08-May-1963,36.36,3.927,8.8167,3.5778,3.8693
09-May-1963,2.5,3.965,6.8,-3.5111,3.4663
10-May-1963,9.17,4.004,5.9,-1.2,2.7945
11-May-1963,2.66,4.042,4.3222,-3.7944,2.4049
12-May-1963,0.03,4.08,8.7056,-3.7056,2.1228
13-May-1963,0.01,4.117,9.9111,-1.6944,2.0529
14-May-1963,1.5,4.154,11.0389,1.4444,2.0529
15-May-1963,0,4.191,14.7833,-0.5111,2.2356
16-May-1963,0.01,4.227,18.1444,0.5722,2.8483
17-May-1963,0,4.263,20.7111,1.3889,3.4663
18-May-1963,0,4.298,21.7833,3.3556,4.0574
19-May-1963,0.03,4.333,21.7389,3.8944,4.6217
20-May-1963,1.53,4.368,20.7611,5.2056,4.8635
21-May-1963,3.36,4.402,19.9278,3.9389,4.8635
22-May-1963,10.71,4.436,18.5778,2.9778,5.401
23-May-1963,13.54,4.469,15.0556,4.0833,5.1322
24-May-1963,7.48,4.502,13.0056,4.7333,4.971
25-May-1963,0.06,4.535,15.7556,3.0833,5.1591
26-May-1963,1.35,4.566,17.1722,4.0556,4.6486
27-May-1963,1.81,4.598,17.7889,3.9389,4.4874
28-May-1963,9.52,4.629,15.35,4.9389,4.8367
29-May-1963,2.53,4.659,16.2667,2.9167,4.4336
30-May-1963,1.02,4.689,16.3889,4.3389,4.3799
31-May-1963,2.24,4.718,15.7833,4.1778,4.2724
01-Jun-1963,0.03,4.747,16.6556,2.7556,4.2724
02-Jun-1963,0.02,4.775,16.4556,3.1333,4.4336
03-Jun-1963,0.45,4.803,11.3944,-0.95,4.0037
04-Jun-1963,0.58,4.83,14.3222,-1.0889,3.1707
05-Jun-1963,20.53,4.857,12.0222,1.4444,3.3857
06-Jun-1963,10.46,4.883,9.75,0.7222,3.2513
07-Jun-1963,0.66,4.908,13.1,1.3167,3.0632
08-Jun-1963,0.11,4.933,15.9389,2.6944,3.117
09-Jun-1963,0.79,4.957,16.3056,3.4889,3.3588
10-Jun-1963,21.8,4.981,12.2056,-1.2389,3.6812
11-Jun-1963,1.11,5.004,13.0056,0.7,2.902
12-Jun-1963,0.82,5.026,16.6278,1.3056,3.2513
13-Jun-1963,2.22,5.048,17.9444,2.7111,3.4663
14-Jun-1963,3.41,5.069,17.4611,4.1611,3.6544
15-Jun-1963,0.04,5.089,20.4111,5.7667,4.0306
16-Jun-1963,3.51,5.109,21.95,6.5944,4.6486
17-Jun-1963,4.1,5.128,19.7944,6.6611,5.5084
18-Jun-1963,0,5.147,21.75,5.55,4.7292
19-Jun-1963,0,5.165,22.7389,7.3111,4.568
20-Jun-1963,0.02,5.182,20.7444,5.7278,4.5948
21-Jun-1963,0,5.198,16.9889,5.6444,3.9768
22-Jun-1963,0.27,5.214,13.7556,2.3167,3.3857
23-Jun-1963,5.8,5.229,9.7167,0.6111,3.0095
24-Jun-1963,0.01,5.244,14.7278,-0.1833,2.4989
25-Jun-1963,0.06,5.258,19.2889,2.1611,2.4801
26-Jun-1963,0.01,5.271,20.3778,4.2111,2.7139
27-Jun-1963,0.17,5.283,18.1389,5.6333,2.7945
28-Jun-1963,1.01,5.295,14.8444,3.0333,2.6494
29-Jun-1963,0,5.306,15.8222,-2.6778,2.1416
30-Jun-1963,0.01,5.316,19.8056,0.3667,2.069
01-Jul-1963,0,5.325,20.0611,3.6389,2.0368
02-Jul-1963,0,5.334,19.5833,3.6389,2.069
03-Jul-1963,0,5.342,19.3167,2.8611,2.018
04-Jul-1963,0,5.35,19.4222,2.5778,1.9132
05-Jul-1963,0,5.356,20.0667,3.4944,1.8782
06-Jul-1963,0,5.362,19.5667,5.8,1.9293
07-Jul-1963,0,5.367,19.0722,5.4333,1.9132
08-Jul-1963,0,5.372,20.6222,4.7222,1.8971
09-Jul-1963,0,5.376,22.65,5.65,1.8084
10-Jul-1963,0,5.379,23.75,5.1833,1.7251
11-Jul-1963,0,5.381,24.3056,6.1944,1.6445
12-Jul-1963,0.36,5.382,25.2167,7.7667,1.58
13-Jul-1963,0.69,5.383,24.6278,8.7222,1.5477
14-Jul-1963,0,5.383,24.6389,7.9389,1.5316
15-Jul-1963,0,5.383,23.2,6.45,1.3704
16-Jul-1963,0,5.381,22.2111,7.5889,1.2629
17-Jul-1963,0,5.379,20.3444,6.4722,1.1823
18-Jul-1963,0,5.376,21.9222,3.3722,1.1071
19-Jul-1963,0,5.373,23.9333,5.2389,1.0318
20-Jul-1963,0,5.368,24.6778,5.9222,0.9727
21-Jul-1963,0,5.363,25,5.6833,0.8787
22-Jul-1963,0,5.358,24.9222,5.7056,0.8679
23-Jul-1963,0,5.351,24.3944,5.3944,0.8464
24-Jul-1963,0,5.344,23.1167,7.2444,0.8007
25-Jul-1963,0,5.336,23.1111,3.3778,0.7577
26-Jul-1963,0,5.327,23.1278,4.8833,0.7255
27-Jul-1963,0,5.318,24.5444,5.85,0.704
28-Jul-1963,0,5.308,24.6222,6.8389,0.6933
29-Jul-1963,0,5.297,24.6333,4.35,0.6744
30-Jul-1963,0,5.286,25.3111,4.5722,0.6449
31-Jul-1963,0,5.273,24.45,5.9556,0.6073
01-Aug-1963,0,5.26,24.8611,5.6833,0.5858
02-Aug-1963,0,5.247,24.6778,7.4278,0.5589
03-Aug-1963,0,5.232,24.0667,4.8944,0.5697
04-Aug-1963,0,5.217,24.35,3.3556,0.5697
05-Aug-1963,0,5.202,26.2889,5.7556,0.5482
06-Aug-1963,0,5.185,26.9,7.4611,0.532
07-Aug-1963,0.34,5.168,27.0611,9.2611,0.5105
08-Aug-1963,1.47,5.151,23.9111,13.35,0.5105
09-Aug-1963,0.26,5.132,22.6722,11.1889,0.5401
10-Aug-1963,0.01,5.113,23.9333,8.7833,0.532
11-Aug-1963,0.99,5.094,24.5278,8.1278,0.5105
12-Aug-1963,0,5.073,24.8167,6.9556,0.4944
13-Aug-1963,0,5.052,25.0333,6.7611,0.4756
14-Aug-1963,0,5.031,26.1778,6.1,0.4514
15-Aug-1963,0,5.009,27.2556,6.6667,0.4434
16-Aug-1963,0,4.986,27.2111,7.0889,0.4326
17-Aug-1963,0,4.962,26.0056,5.2944,0.4246
18-Aug-1963,0,4.938,24.8778,4.7611,0.4084
19-Aug-1963,0,4.913,24.6833,4.1167,0.4004
20-Aug-1963,0,4.888,23.5556,3.0944,0.3869
21-Aug-1963,0,4.862,22.7389,3.4111,0.3708
22-Aug-1963,0,4.836,20.6889,4.1722,0.3708
23-Aug-1963,0,4.809,18.4611,4.65,0.3708
24-Aug-1963,0,4.781,18.3722,3.35,0.3708
25-Aug-1963,0,4.753,20.7,1.1056,0.3708
26-Aug-1963,0,4.724,22.5056,2.7278,0.3708
27-Aug-1963,0,4.695,23.2167,3.4611,0.3628
28-Aug-1963,0,4.665,24.1167,4.1333,0.3574
29-Aug-1963,0.12,4.635,24.1333,5.5611,0.3574
30-Aug-1963,2.3,4.604,19.7111,7.1167,0.3628
31-Aug-1963,0.1,4.573,19.7222,3.2389,0.3789
01-Sep-1963,0.02,4.541,22.6778,4.65,0.395
02-Sep-1963,0,4.509,24.5056,5.75,0.395
03-Sep-1963,0,4.476,26.5944,7.0944,0.3708
04-Sep-1963,0.83,4.443,25.3556,8.3444,0.3789
05-Sep-1963,1.28,4.409,22.6111,11.7278,0.3789
06-Sep-1963,4.43,4.375,22.2278,9.6222,0.3869
07-Sep-1963,0.02,4.341,23.7333,7.2611,0.4004
08-Sep-1963,0.16,4.306,24.8167,6.7,0.4165
09-Sep-1963,0,4.27,24.4056,8.8833,0.4084
10-Sep-1963,0,4.235,24.7056,7.4889,0.395
11-Sep-1963,0.06,4.198,24.0278,6.0611,0.3869
12-Sep-1963,18.1,4.162,22.8111,8.9389,0.3789
13-Sep-1963,0.69,4.125,19.0778,7.1333,0.4326
14-Sep-1963,0,4.088,21.5111,3.8278,0.4944
15-Sep-1963,0.07,4.05,20.2278,6.25,0.4434
16-Sep-1963,0.05,4.012,15.6611,5.7833,0.4084
17-Sep-1963,0.11,3.974,12.9,5.9278,0.3869
18-Sep-1963,15.13,3.935,12.0722,6.7444,0.3789
19-Sep-1963,9.59,3.896,12.1056,4.9222,0.532
20-Sep-1963,0.61,3.857,15.1389,3.95,0.5965
21-Sep-1963,0,3.817,18.6722,3.7667,0.5213
22-Sep-1963,0,3.777,18.2056,5.0833,0.4165
23-Sep-1963,0,3.737,18.7222,3.2889,0.3708
24-Sep-1963,0,3.697,23.0611,3.0778,0.3413
25-Sep-1963,0,3.656,25.5056,4.9,0.3144
26-Sep-1963,0,3.616,26.2778,6.9167,0.3009
27-Sep-1963,0,3.575,25.9444,7.5944,0.2795
28-Sep-1963,0,3.534,25.8556,7.9333,0.2795
29-Sep-1963,0,3.492,25.3833,7.0333,0.2687
30-Sep-1963,0,3.451,24.2889,8.0833,0.2526
01-Oct-1963,0,3.409,24.1556,6.9,0.2526
02-Oct-1963,0.05,3.367,24.3333,8.0056,0.2472
03-Oct-1963,0.15,3.325,22.8389,6.6333,0.2526
04-Oct-1963,0,3.283,19.2611,8.1722,0.2472
05-Oct-1963,0.01,3.241,16.4222,6.2278,0.2472
06-Oct-1963,0,3.198,17.9556,3.2611,0.2526
07-Oct-1963,0,3.156,19.25,2.2278,0.258
08-Oct-1963,0.8,3.113,18.9,3.5056,0.2526
09-Oct-1963,0.28,3.071,17.2111,5.9222,0.2526
10-Oct-1963,0,3.028,17.9778,0.9333,0.258
11-Oct-1963,31.45,2.986,11.9333,1.9278,0.3009
12-Oct-1963,0.09,2.943,11.3444,-2.1,0.3278
13-Oct-1963,0.15,2.9,15.3333,-0.8111,0.3009
14-Oct-1963,0,2.857,16.65,1.1389,0.2956
15-Oct-1963,0,2.815,15.4833,3.9778,0.2795
16-Oct-1963,0,2.772,14.0833,3.4,0.2633
17-Oct-1963,0,2.729,14.8333,4.0333,0.258
18-Oct-1963,0,2.687,16.0611,1.4167,0.2526
19-Oct-1963,0,2.644,14.9889,1.6278,0.258
20-Oct-1963,0,2.602,13.75,0.8333,0.2526
21-Oct-1963,0,2.56,14.8833,1.1111,0.2472
22-Oct-1963,0.03,2.517,14.6389,4.0944,0.2391
23-Oct-1963,5.88,2.475,11.0722,5.4667,0.2526
24-Oct-1963,0,2.433,13.5556,-1.8889,0.2741
25-Oct-1963,0,2.391,16.1056,2.8,0.2741
26-Oct-1963,0,2.349,13.9389,0.0389,0.2633
27-Oct-1963,0,2.308,14.9389,-2.3611,0.2526
28-Oct-1963,0.33,2.266,15.4889,0.2222,0.2472
29-Oct-1963,6.4,2.225,11.4167,3.1667,0.2472
30-Oct-1963,3.57,2.184,8.9944,0.4278,0.3144
31-Oct-1963,0,2.143,9.4222,-3.4278,0.3224
01-Nov-1963,0.01,2.103,13.2,-4.7667,0.2795
02-Nov-1963,1.1,2.062,10.1111,-3.4222,0.2687
03-Nov-1963,0.13,2.022,7.5889,-0.6389,0.2687
04-Nov-1963,8.73,1.982,6.0611,0.0167,0.2741
05-Nov-1963,47.92,1.943,6.6722,-0.05,0.3144
06-Nov-1963,11.38,1.904,3.8778,-2.3056,0.7685
07-Nov-1963,0.04,1.865,5.6833,-6.8556,0.4434
08-Nov-1963,0.86,1.826,9.6,-1.5778,0.4246
09-Nov-1963,0,1.787,12.3333,-3.0889,0.4864
10-Nov-1963,0,1.749,12.1944,-3.4556,0.4434
11-Nov-1963,0,1.712,12.7167,-4.2667,0.4084
12-Nov-1963,0,1.674,14.1278,-1.8444,0.395
13-Nov-1963,0,1.637,13.1111,1.1944,0.3869
14-Nov-1963,38.89,1.601,9.9111,3.4333,0.481
15-Nov-1963,14.71,1.564,4.7167,-0.3778,2.2894
16-Nov-1963,0,1.528,4.2722,-8.1333,0.9028
17-Nov-1963,0.02,1.493,3.1611,-8.0111,0.6744
18-Nov-1963,0.07,1.458,5.6389,-8.9111,0.5777
19-Nov-1963,13.07,1.423,5.75,-5.65,0.5401
20-Nov-1963,29.62,1.389,2.6778,-2.3111,0.5697
21-Nov-1963,2.98,1.355,-0.5222,-7.0056,0.532
22-Nov-1963,0,1.322,0.7833,-10.7444,0.4326
23-Nov-1963,32.99,1.289,3.4278,-5.05,0.7255
24-Nov-1963,0.37,1.257,2.4667,-4.9111,0.7148
25-Nov-1963,0,1.225,4.5944,-5.8778,0.5697
26-Nov-1963,0,1.193,8.2222,-6.1222,0.5213
27-Nov-1963,0,1.163,8.3889,-5.2556,0.5213
28-Nov-1963,0,1.132,6.4556,-4.6778,0.5025
29-Nov-1963,0,1.102,6.0056,-6.15,0.4944
30-Nov-1963,0,1.073,8.1333,-6.1444,0.4864
01-Dec-1963,0,1.044,9.1722,-6.4667,0.4595
02-Dec-1963,0,1.016,8.0333,-7.2944,0.4595
03-Dec-1963,0,0.988,7.4389,-8.1778,0.4434
04-Dec-1963,0,0.961,7.8389,-8.7556,0.4326
05-Dec-1963,0,0.935,6.8778,-7.2167,0.4434
06-Dec-1963,0,0.909,9.4722,-5.25,0.4675
07-Dec-1963,0,0.883,7.45,-7.8944,0.4084
08-Dec-1963,3.29,0.858,8.4278,-6.6556,0.4514
09-Dec-1963,9.97,0.834,1.9833,-6.0111,0.4434
10-Dec-1963,0,0.811,-2.0667,-8.0833,0.3762
11-Dec-1963,0,0.788,-2.15,-10.3944,0.2956
12-Dec-1963,0,0.765,1.8444,-11.6333,0.3171
13-Dec-1963,0,0.743,4.9333,-9.5833,0.3493
14-Dec-1963,0,0.722,6.8111,-9.75,0.4084
15-Dec-1963,0,0.702,7.8444,-6.9611,0.4246
16-Dec-1963,0,0.682,8.8611,-7.6444,0.4084
17-Dec-1963,0,0.663,8.8889,-7.3722,0.4004
18-Dec-1963,0,0.644,8.7722,-6.6167,0.4004
19-Dec-1963,1.3,0.627,7.0889,-5.1333,0.4084
20-Dec-1963,0.53,0.609,6.4667,-2.4,0.4165
21-Dec-1963,0,0.593,2.3667,-5.85,0.3762
22-Dec-1963,0,0.577,3.9944,-9.1778,0.3224
23-Dec-1963,0,0.562,6.7833,-9.5833,0.3628
24-Dec-1963,0,0.547,8.9167,-8.7833,0.3869
25-Dec-1963,0,0.534,7.2,-5.1333,0.3708
26-Dec-1963,0,0.521,8.55,-5.2222,0.3789
27-Dec-1963,0,0.508,9.0056,-2.9722,0.3628
28-Dec-1963,0,0.497,9.3111,-5.1889,0.3628
29-Dec-1963,0,0.486,8.3,-1.5778,0.3628
30-Dec-1963,0,0.475,9.1167,-3.2556,0.3628
31-Dec-1963,0,0.466,10.6833,-5.0222,0.3574
01-Jan-1964,0.26,0.44,14.0667,-3.6,0.3628
02-Jan-1964,0.36,0.442,9.0111,-3.0611,0.3708
03-Jan-1964,0,0.435,4.7833,-9.4389,0.3063
04-Jan-1964,0,0.429,5.2778,-8.6444,0.2956
05-Jan-1964,0,0.424,6.2333,-10.7889,0.2956
06-Jan-1964,0.41,0.419,5.3778,-4.9722,0.3574
07-Jan-1964,1.21,0.416,4.4111,-2.3667,0.3574
08-Jan-1964,0,0.413,3.9611,-10.85,0.2687
09-Jan-1964,0.29,0.41,6.9444,-9.4444,0.2821
10-Jan-1964,0.13,0.409,2.6056,-6.5778,0.2956
11-Jan-1964,0,0.408,1.8444,-11.9778,0.215
12-Jan-1964,0,0.408,2.7889,-10.3333,0.215
13-Jan-1964,0.48,0.409,4.3889,-12.2167,0.2284
14-Jan-1964,0.9,0.41,1.0389,-8.3833,0.2284
15-Jan-1964,0.03,0.412,4.4333,-10.5389,0.2284
16-Jan-1964,0.63,0.415,8.05,-8.7611,0.2687
17-Jan-1964,4.01,0.419,4.0111,-3.5278,0.2687
18-Jan-1964,4.2,0.423,0.6556,-2.6722,0.2687
19-Jan-1964,2.4,0.428,3.9167,-3.3944,0.2875
20-Jan-1964,14.21,0.434,3.9889,-0.7056,0.2956
21-Jan-1964,37.12,0.44,0.8167,-6.6556,0.2687
22-Jan-1964,21.3,0.447,-3.0889,-7.2611,0.258
23-Jan-1964,1.96,0.455,-2.1833,-10.2,0.258
24-Jan-1964,1.82,0.464,3.2833,-9.1222,0.2687
25-Jan-1964,0,0.473,3.7056,-5.8667,0.3574
26-Jan-1964,2.47,0.483,3.7056,-4.1278,0.3332
27-Jan-1964,0,0.494,5.0056,-8.4444,0.3224
28-Jan-1964,0,0.506,6.2556,-8.5556,0.3063
29-Jan-1964,0.89,0.518,8.1556,-7.6,0.3224
30-Jan-1964,0,0.531,7.0611,-7.9722,0.3224
31-Jan-1964,0,0.545,8.9889,-7.7389,0.3063
01-Feb-1964,0,0.559,8.8111,-6.0278,0.3278
02-Feb-1964,0,0.574,5.25,-7.5389,0.3224
03-Feb-1964,0,0.589,5.3222,-10.3722,0.2902
04-Feb-1964,0,0.606,7.9056,-7.9556,0.2956
05-Feb-1964,0,0.623,8.1167,-7.7444,0.3224
06-Feb-1964,0,0.641,2.6833,-11.2278,0.2687
07-Feb-1964,0,0.659,5.6778,-11.3667,0.2741
08-Feb-1964,0,0.678,8.1944,-9.2556,0.2902
09-Feb-1964,0,0.698,10.4111,-7.4722,0.3224
10-Feb-1964,0,0.718,10.5278,-7.7833,0.3144
11-Feb-1964,0.61,0.739,5.1778,-6.3278,0.3224
12-Feb-1964,0.01,0.761,3.6944,-12.4222,0.2553
13-Feb-1964,0.1,0.783,1.7167,-10.5333,0.2687
14-Feb-1964,0.03,0.806,4.1278,-13.1278,0.2526
15-Feb-1964,1.72,0.829,2.0222,-7.8389,0.2741
16-Feb-1964,0.65,0.853,1.7111,-8.4167,0.258
17-Feb-1964,0,0.878,6.5611,-11.3833,0.2633
18-Feb-1964,0,0.903,8.7444,-8.4944,0.2795
19-Feb-1964,0,0.929,9.3889,-8.15,0.2875
20-Feb-1964,0,0.955,6.5111,-8.9667,0.2875
21-Feb-1964,0,0.982,7.6722,-9.7667,0.2687
22-Feb-1964,0,1.01,6.2389,-9.35,0.2875
23-Feb-1964,0,1.038,7.3444,-9.3,0.2687
24-Feb-1964,0,1.067,8.1,-9.4889,0.2741
25-Feb-1964,1.23,1.096,2.0944,-8.7,0.3009
26-Feb-1964,0,1.126,6.1944,-13.2167,0.2338
27-Feb-1964,0,1.156,8.3333,-10.7556,0.2687
28-Feb-1964,0.38,1.187,5.8833,-8.9722,0.2875
29-Feb-1964,0.01,1.218,5.1778,-9.0389,0.2795
01-Mar-1964,9.96,1.25,3.65,-6.4556,0.2875
02-Mar-1964,1.4,1.282,-0.9278,-11.3444,0.2687
03-Mar-1964,0.01,1.315,3.9778,-12.1278,0.2741
04-Mar-1964,0.06,1.348,9.3444,-6.5,0.2956
05-Mar-1964,0.12,1.382,5.4722,-4.9333,0.3009
06-Mar-1964,10.72,1.416,-0.9556,-8.3444,0.2956
07-Mar-1964,8,1.451,-3.4333,-9.5778,0.2687
08-Mar-1964,0.01,1.486,1.0833,-14.3389,0.2472
09-Mar-1964,0.1,1.521,3.3111,-7.0056,0.2956
10-Mar-1964,0,1.557,4.4444,-6.7056,0.3224
11-Mar-1964,6.46,1.593,5.9278,-7.2278,0.3359
12-Mar-1964,7.04,1.629,1.2278,-4.1667,0.3224
13-Mar-1964,0.83,1.666,3.6944,-5.3778,0.3224
14-Mar-1964,0,1.704,10.0056,-9.1889,0.3493
15-Mar-1964,0,1.741,7.7778,-4.0722,0.3547
16-Mar-1964,0,1.779,9.3556,-7.3222,0.3359
17-Mar-1964,0,1.818,14.3389,-5.5222,0.3359
18-Mar-1964,0,1.856,11.4944,-4.5778,0.3493
19-Mar-1964,0,1.895,9.6389,-7.6167,0.3762
20-Mar-1964,0,1.935,10.9889,-6.7389,0.3762
21-Mar-1964,3.5,1.974,4.2556,-4.3,0.3762
22-Mar-1964,5.38,2.014,-0.8167,-7.8722,0.3493
23-Mar-1964,3.25,2.054,-0.8278,-7.9167,0.3359
24-Mar-1964,4.19,2.094,0.6667,-8.0667,0.3493
25-Mar-1964,0,2.135,6.2222,-12.1333,0.3628
26-Mar-1964,0,2.176,9.05,-7.1,0.3762
27-Mar-1964,0,2.217,12.1556,-7.4889,0.4031
28-Mar-1964,0.01,2.258,13.6389,-5.4444,0.4299
29-Mar-1964,0,2.299,15.35,-4.5278,0.4837
30-Mar-1964,0.01,2.341,16.1167,-2.5333,0.5374
31-Mar-1964,2.3,2.382,12.1278,-1.4389,0.5911
01-Apr-1964,4.05,2.424,4.9556,-1.1,0.5643
02-Apr-1964,0.77,2.466,1.8389,-7.8167,0.5374
03-Apr-1964,0.01,2.508,4.8944,-8.1556,0.4568
04-Apr-1964,0.01,2.551,11.0389,-6.1778,0.4568
05-Apr-1964,4.07,2.593,4.7944,-4.4444,0.4837
06-Apr-1964,0.68,2.635,3.5611,-8.4556,0.4837
07-Apr-1964,0,2.678,9.7333,-6.3222,0.4971
08-Apr-1964,0,2.72,13.4222,-4.9222,0.5401
09-Apr-1964,0,2.763,13.1222,-3.3389,0.6261
10-Apr-1964,0.01,2.806,12.8444,-2.8111,0.7148
11-Apr-1964,0,2.848,13.4111,-3.4389,0.8464
12-Apr-1964,0,2.891,14.55,-4.15,0.9727
13-Apr-1964,0,2.934,16.0111,-3.0444,1.0318
14-Apr-1964,0,2.977,18.5222,-1.8667,1.1957
15-Apr-1964,0,3.019,18.3389,-0.0889,1.4994
16-Apr-1964,0,3.062,15.4389,2.6333,1.7251
17-Apr-1964,0,3.104,12.1944,-3.5,1.7412
18-Apr-1964,3.49,3.147,8.5444,-3.9667,1.4994
19-Apr-1964,4.77,3.189,7.0944,-1.7944,1.2629
20-Apr-1964,0.03,3.232,11.0889,-3.6611,1.1071
21-Apr-1964,0,3.274,12.1389,-3.7444,1.142
22-Apr-1964,3.57,3.316,10.7333,-2.4556,1.1823
23-Apr-1964,5.34,3.358,3.0833,-6.4556,1.1312
24-Apr-1964,0.71,3.4,1.4778,-11.5,0.9485
25-Apr-1964,0,3.442,7.2111,-7.9111,0.9136
26-Apr-1964,0,3.483,13.6444,-3.7722,0.9378
27-Apr-1964,0.06,3.525,16.45,-1.8778,1.1957
28-Apr-1964,0.43,3.566,17.5667,-0.1444,1.6283
29-Apr-1964,0.13,3.607,13.8444,1.0611,1.6928
30-Apr-1964,0.03,3.648,10.9333,-0.3111,1.8594
01-May-1964,8.04,3.689,5.5722,-2.65,1.6928
02-May-1964,2.06,3.729,0.65,-6.6389,1.322
03-May-1964,11.6,3.769,0.5167,-7.0778,1.142
04-May-1964,15.01,3.809,1.6833,-5.1778,1.0802
05-May-1964,14.98,3.848,0.4611,-3.45,0.9969
06-May-1964,11.23,3.888,0.5944,-5.9,0.962
07-May-1964,0.45,3.927,6.8222,-5.4278,0.9136
08-May-1964,0,3.965,8.8611,-4.2222,0.9727
09-May-1964,0,4.004,13.7667,-3.3889,0.962
10-May-1964,0,4.042,16.5222,-0.2222,1.2092
11-May-1964,0,4.08,17.4167,-0.0389,1.6122
12-May-1964,0,4.117,18.4778,1.2611,1.9992
13-May-1964,0,4.154,16.1333,5.6667,2.5554
14-May-1964,0,4.191,16.4,2.0389,2.7677
15-May-1964,0,4.227,18.3222,-0.9333,2.6306
16-May-1964,0.36,4.263,14.9611,1.9333,2.7408
17-May-1964,0,4.298,15.5,-0.4833,2.5742
18-May-1964,0,4.333,20.7778,0.1333,2.6306
19-May-1964,0,4.368,19.6111,5.4167,2.9289
20-May-1964,0,4.402,17.0778,4.85,3.0095
21-May-1964,0,4.436,16.6889,-1.2444,2.7945
22-May-1964,0,4.469,17.6,0.3556,2.4237
23-May-1964,0.02,4.502,19.1167,-0.3333,2.5178
24-May-1964,0,4.535,17.1167,6.0222,2.5366
25-May-1964,7.52,4.566,17.15,0.1222,2.5178
26-May-1964,16.65,4.598,13.5444,3.9444,2.7408
27-May-1964,8.59,4.629,8.8167,-0.4444,2.4237
28-May-1964,0.01,4.659,11.0889,-1.5944,1.9481
29-May-1964,0.04,4.689,13.8778,0.2778,1.8433
30-May-1964,0,4.718,16.4333,2.2333,1.8433
31-May-1964,0,4.747,20.1778,3.3278,2.018
01-Jun-1964,0,4.775,19.1833,4.4444,2.2356
02-Jun-1964,0,4.803,18.4667,2.55,2.1792
03-Jun-1964,0.04,4.83,19.8,2.3222,2.1416
04-Jun-1964,0.01,4.857,17.0111,7.6444,2.1792
05-Jun-1964,0.17,4.883,16.0167,4.8444,2.0368
06-Jun-1964,1.79,4.908,14.4667,6.0833,2.1792
07-Jun-1964,6.16,4.933,10.5444,0.5,2.3485
08-Jun-1964,9.5,4.957,6.1,-1.0944,1.8971
09-Jun-1964,3.65,4.981,5.6333,-1.9333,1.7251
10-Jun-1964,0.41,5.004,10.2667,-2.1667,1.4994
11-Jun-1964,0.31,5.026,14.4444,0.3889,1.451
12-Jun-1964,0.09,5.048,17.8,1.1611,1.5639
13-Jun-1964,0,5.069,20.5889,3.6333,1.5477
14-Jun-1964,0,5.089,20.9556,5.0167,1.7573
15-Jun-1964,0.08,5.109,17.4,5.4556,1.8433
16-Jun-1964,0.56,5.128,12.2278,5.0222,1.6283
17-Jun-1964,0,5.147,13.8111,1.3056,1.451
18-Jun-1964,0,5.165,13.8722,0.8556,1.2898
19-Jun-1964,0,5.182,16.55,-0.6,1.236
20-Jun-1964,0,5.198,18.4944,3.3111,1.1957
21-Jun-1964,0,5.214,19.2833,2.0667,1.142
22-Jun-1964,0,5.229,21.7389,3.3167,1.0936
23-Jun-1964,0,5.244,25.1278,4.6444,1.0802
24-Jun-1964,0,5.258,26.6333,6.9944,1.1071
25-Jun-1964,0,5.271,25.35,7.2111,1.1178
26-Jun-1964,0,5.283,22.7056,10.0111,1.0694
27-Jun-1964,0,5.295,20.7278,4.4889,1.0453
28-Jun-1964,0,5.306,20.5944,3.3944,0.9485
29-Jun-1964,0,5.316,20.5944,4.1444,0.8787
30-Jun-1964,0,5.325,22.2778,2.6167,0.8222
01-Jul-1964,0,5.334,21.5222,5.9556,0.747
02-Jul-1964,0,5.342,20.6611,4.6778,0.7362
03-Jul-1964,0,5.35,21.4333,3.4278,0.6825
04-Jul-1964,0,5.356,19.3611,4.2056,0.6556
05-Jul-1964,0,5.362,21.2,1.3722,0.6341
06-Jul-1964,0,5.367,24.8333,4.9889,0.5858
07-Jul-1964,0,5.372,25.5444,7.0167,0.5697
08-Jul-1964,0,5.376,22.9944,6.3722,0.5589
09-Jul-1964,0,5.379,23.2667,4.9167,0.4944
10-Jul-1964,0,5.381,25.9389,6.4833,0.4595
11-Jul-1964,0.5,5.382,27.0722,8.1889,0.4675
12-Jul-1964,4.28,5.383,26.25,9.1722,0.532
13-Jul-1964,0.01,5.383,26.1667,8.0167,0.5858
14-Jul-1964,0,5.383,23.4611,8.9167,0.5025
15-Jul-1964,0,5.381,22.1778,7.35,0.4595
16-Jul-1964,0,5.379,25.3556,5.7556,0.4514
17-Jul-1964,0,5.376,25.7889,7.7444,0.4326
18-Jul-1964,0,5.373,24.2556,9.8667,0.3869
19-Jul-1964,0,5.368,25.8833,6.6667,0.395
20-Jul-1964,0,5.363,26.0833,7.4333,0.395
21-Jul-1964,0,5.358,25.1667,6.5722,0.3332
22-Jul-1964,0,5.351,25.5167,6.6778,0.3144
23-Jul-1964,0,5.344,26.6444,6.2944,0.3009
24-Jul-1964,0.9,5.336,28.6944,8.3778,0.2875
25-Jul-1964,0.18,5.327,28.0111,11.1333,0.2956
26-Jul-1964,1.41,5.318,27.5167,9.9611,0.3332
27-Jul-1964,0.43,5.308,26.8389,10.0778,0.3493
28-Jul-1964,0.14,5.297,24.6667,11.2278,0.3628
29-Jul-1964,0,5.286,25.7,9.6833,0.3628
30-Jul-1964,0,5.273,23.0222,10.8,0.3574
31-Jul-1964,0,5.26,22.0667,7.1,0.3332
01-Aug-1964,0,5.247,21.6667,8.4722,0.3224
02-Aug-1964,0,5.232,23.7111,4.9833,0.2795
03-Aug-1964,0,5.217,25.5111,6.1611,0.2741
04-Aug-1964,0,5.202,26.8944,6.95,0.2633
05-Aug-1964,0.19,5.185,26.6167,7.9833,0.258
06-Aug-1964,1.56,5.168,25.6278,9.8222,0.2687
07-Aug-1964,0.2,5.151,25.8333,11.1222,0.3144
08-Aug-1964,0,5.132,26.5333,9.75,0.2795
09-Aug-1964,0,5.113,27.1222,7.1056,0.2875
10-Aug-1964,0.03,5.094,26.6389,10.9167,0.3063
11-Aug-1964,0,5.073,26.2222,9.1389,0.3009
12-Aug-1964,0,5.052,25.7,7.0167,0.2956
13-Aug-1964,0,5.031,25.35,6.0556,0.2875
14-Aug-1964,0,5.009,25.7667,6.5833,0.258
15-Aug-1964,1.15,4.986,23.4278,8.1611,0.2472
16-Aug-1964,0.01,4.962,25.3611,6.0444,0.2633
17-Aug-1964,0,4.938,25.2444,7.1222,0.258
18-Aug-1964,0,4.913,23.4278,8.8333,0.2338
19-Aug-1964,0,4.888,22.9056,5.7611,0.2284
20-Aug-1964,0,4.862,23.6444,5.8722,0.223
21-Aug-1964,0,4.836,25.15,5.8222,0.2177
22-Aug-1964,0,4.809,26.5,6.0611,0.2391
23-Aug-1964,0.04,4.781,27.5722,8.4778,0.2526
24-Aug-1964,0.05,4.753,27.3333,7.95,0.2472
25-Aug-1964,0.03,4.724,26.0944,7.1833,0.2391
26-Aug-1964,0,4.695,23.0167,8.65,0.223
27-Aug-1964,0,4.665,22.4556,3.4944,0.2069
28-Aug-1964,0,4.635,20.9056,6.9222,0.2069
29-Aug-1964,0,4.604,19.6833,2.1167,0.2042
30-Aug-1964,0,4.573,21.0278,2.3722,0.2069
31-Aug-1964,2.83,4.541,14.0333,4.1944,0.2042
01-Sep-1964,0.03,4.509,9.75,0.2,0.2177
02-Sep-1964,0,4.476,16.4278,-2.3389,0.2123
03-Sep-1964,0,4.443,21.0444,-0.7278,0.1827
04-Sep-1964,0,4.409,22.8222,2.2,0.1935
05-Sep-1964,0,4.375,21.9389,2.4611,0.1935
06-Sep-1964,0,4.341,20.1333,1.6222,0.1827
07-Sep-1964,0,4.306,21.1722,0.8944,0.1747
08-Sep-1964,0,4.27,19.9611,0.9833,0.1827
09-Sep-1964,0,4.235,20.5889,0.9889,0.1827
10-Sep-1964,0,4.198,21.8278,2.5778,0.1881
11-Sep-1964,0,4.162,23.1611,3.8556,0.1747
12-Sep-1964,0,4.125,23.7167,4.0722,0.1666
13-Sep-1964,0,4.088,22.8444,4.4667,0.1666
14-Sep-1964,0,4.05,21.1722,2.4944,0.1612
15-Sep-1964,0,4.012,21.5611,2.8389,0.1397
16-Sep-1964,0,3.974,23.9944,2.6056,0.1344
17-Sep-1964,0,3.935,19.7722,7.6444,0.1263
18-Sep-1964,0,3.896,17.8667,1.6167,0.1263
19-Sep-1964,0,3.857,19.55,0.9556,0.1263
20-Sep-1964,0,3.817,20.4667,0.8222,0.1263
21-Sep-1964,0,3.777,16,0.0556,0.1263
22-Sep-1964,0,3.737,18.8333,0.7944,0.1263
23-Sep-1964,0,3.697,21.3444,3.5389,0.129
24-Sep-1964,0,3.656,23.2778,5.0056,0.1344
25-Sep-1964,0,3.616,24.2556,3.75,0.1344
26-Sep-1964,0,3.575,22.6611,5.7167,0.1263
27-Sep-1964,0,3.534,21.6167,3,0.1209
28-Sep-1964,0,3.492,20.9167,1.5556,0.1209
29-Sep-1964,0,3.451,21.0944,1.3,0.1209
30-Sep-1964,0,3.409,23.1,1.8,0.1209
01-Oct-1964,0,3.367,21.5944,5.2944,0.1209
02-Oct-1964,0,3.325,24.1111,3.3278,0.1209
03-Oct-1964,0,3.283,24.3,3.7167,0.1182
04-Oct-1964,0,3.241,23.9111,4.3389,0.1182
05-Oct-1964,0,3.198,23.6556,5.3167,0.1209
06-Oct-1964,0.04,3.156,24.0611,5.6778,0.1209
07-Oct-1964,0,3.113,22.9111,6.3778,0.1182
08-Oct-1964,0,3.071,20.75,8.2389,0.1155
09-Oct-1964,0,3.028,20.4167,3.1833,0.1155
10-Oct-1964,0,2.986,20.3389,2.0778,0.1155
11-Oct-1964,0,2.943,21.8722,2.5389,0.1182
12-Oct-1964,0,2.9,21.6833,3.4,0.1182
13-Oct-1964,0,2.857,19.0278,2.8278,0.1263
14-Oct-1964,0,2.815,19.9,2.1278,0.129
15-Oct-1964,0,2.772,19.0833,4.1611,0.129
16-Oct-1964,0,2.729,18.0833,6.45,0.1263
17-Oct-1964,0,2.687,15.6333,-0.3722,0.129
18-Oct-1964,0,2.644,16.1333,-1.05,0.1344
19-Oct-1964,0,2.602,18.6778,-1.4222,0.1344
20-Oct-1964,0,2.56,20.1556,-0.7611,0.1344
21-Oct-1964,0,2.517,20.6111,-0.4278,0.1344
22-Oct-1964,0,2.475,19.3667,-0.2889,0.1344
23-Oct-1964,0,2.433,17.5056,-1.8111,0.1344
24-Oct-1964,0,2.391,16.7,-2.8056,0.1344
25-Oct-1964,0,2.349,14.8,-2.15,0.1344
26-Oct-1964,0,2.308,12.9056,-0.0389,0.137
27-Oct-1964,0.02,2.266,12.9667,-0.0278,0.137
28-Oct-1964,7.71,2.225,11.4667,5.8333,0.137
29-Oct-1964,18.19,2.184,9.1778,2.0667,0.1666
30-Oct-1964,0.69,2.143,9.3667,-0.6889,0.1827
31-Oct-1964,0.32,2.103,10.4889,-1.8056,0.1693
01-Nov-1964,11.47,2.062,7.05,-0.95,0.1747
02-Nov-1964,0.87,2.022,7.45,-2.7222,0.18
03-Nov-1964,0,1.982,10.6389,-4.75,0.1693
04-Nov-1964,0,1.943,13.6889,-3.5278,0.1693
05-Nov-1964,0,1.904,12.4167,-2.6111,0.1747
06-Nov-1964,0.02,1.865,13.45,-2.8667,0.1666
07-Nov-1964,0.01,1.826,11.2722,-2.9833,0.1612
08-Nov-1964,0.37,1.787,9.2722,-0.7389,0.1612
09-Nov-1964,20.85,1.749,4.9944,-0.7333,0.18
10-Nov-1964,22.17,1.712,0,-4.2667,0.2042
11-Nov-1964,21.25,1.674,1.3,-5.3222,0.1558
12-Nov-1964,18.95,1.637,1.3833,-3.05,0.223
13-Nov-1964,4.89,1.601,-2.15,-9.4722,0.1827
14-Nov-1964,2.72,1.564,-4.3111,-12.1722,0.1612
15-Nov-1964,0.47,1.528,-5.2556,-11.3333,0.1612
16-Nov-1964,3.44,1.493,-5.6889,-12.8333,0.1612
17-Nov-1964,2.91,1.458,-5.1944,-12.6333,0.1666
18-Nov-1964,0.62,1.423,-2.6944,-14.9,0.172
19-Nov-1964,0,1.389,-0.1944,-14.4167,0.172
20-Nov-1964,0,1.355,2.1278,-12.7778,0.1773
21-Nov-1964,0,1.322,4.0611,-11.7778,0.1881
22-Nov-1964,0,1.289,6.7111,-8,0.1935
23-Nov-1964,0,1.257,6.8278,-8.2833,0.1935
24-Nov-1964,1.36,1.225,9.8778,-5.2556,0.2123
25-Nov-1964,0.8,1.193,10.0611,-0.5444,0.2633
26-Nov-1964,12.39,1.163,5.7611,-1.7444,0.3493
27-Nov-1964,0.36,1.132,3.25,-4.2222,0.2526
28-Nov-1964,1.06,1.102,6.9111,-1.8389,0.2633
29-Nov-1964,0,1.073,9.9778,-3.8111,0.2633
30-Nov-1964,0.42,1.044,10.65,-4.8833,0.2472
01-Dec-1964,3.38,1.016,8.9,-1.0889,0.258
02-Dec-1964,6.9,0.988,5.0944,-1.6667,0.2741
03-Dec-1964,1.08,0.961,2.5389,-8.9278,0.2526
04-Dec-1964,0.26,0.935,0.8222,-10.8833,0.2284
05-Dec-1964,0.04,0.909,2.0667,-6.0667,0.258
06-Dec-1964,0.02,0.883,1.6444,-7.0333,0.2391
07-Dec-1964,0.58,0.858,4.6667,-6.2,0.2284
08-Dec-1964,1.03,0.834,8.1556,-3.3278,0.2338
09-Dec-1964,0.07,0.811,8.4,-2.5333,0.2472
10-Dec-1964,4.46,0.788,8.6556,0.2,0.258
11-Dec-1964,11.3,0.765,4.95,0.9389,0.3009
12-Dec-1964,0.22,0.743,1.6111,-10.3,0.3063
13-Dec-1964,0,0.722,2.55,-12.8167,0.2123
14-Dec-1964,0.19,0.702,6.3722,-9.2667,0.2741
15-Dec-1964,0.06,0.682,7.5278,-6.6778,0.2633
16-Dec-1964,0,0.663,7.3278,-9.7944,0.223
17-Dec-1964,0,0.644,2.2278,-12.3944,0.1881
18-Dec-1964,0.32,0.627,2.15,-10.4389,0.2284
19-Dec-1964,33.61,0.609,2.6,-6.3,0.2956
20-Dec-1964,16.4,0.593,4.3833,-2.4222,0.3063
21-Dec-1964,26.3,0.577,7,0.25,0.7792
22-Dec-1964,92.15,0.562,9.2,4.1833,3.4125
23-Dec-1964,52.64,0.547,9.1389,5.7056,16.4447
24-Dec-1964,22.69,0.534,8.0778,3.5667,13.8114
25-Dec-1964,5.96,0.521,5.9278,1.9667,5.2935
26-Dec-1964,50.33,0.508,3.85,-0.65,3.4932
27-Dec-1964,29.79,0.497,0.3278,-5.0167,2.8214
28-Dec-1964,21.14,0.486,-3.9444,-7.7778,2.1819
29-Dec-1964,10.1,0.475,-4.7333,-10.1611,1.9481
30-Dec-1964,7.19,0.466,-3.4167,-8.7111,1.7412
31-Dec-1964,15.47,0.457,-4.8278,-10.5111,1.5316
01-Jan-1965,0,0.44,-6.1167,-13.1889,1.322
02-Jan-1965,6.12,0.442,1.1222,-13.6944,1.2898
03-Jan-1965,8.31,0.435,0.5556,-6.5,1.236
04-Jan-1965,3.88,0.429,2.6278,-3.7333,1.142
05-Jan-1965,14.38,0.424,2.9389,-2.4833,1.1312
06-Jan-1965,37.46,0.419,3.25,-0.4333,1.3865
07-Jan-1965,10.72,0.416,-0.2056,-11.3167,1.1823
08-Jan-1965,0.07,0.413,-1.9389,-14.2444,1.0318
09-Jan-1965,0.2,0.41,4.1111,-10.1,1.056
10-Jan-1965,0,0.409,3.8611,-7.0111,1.0211
11-Jan-1965,4.75,0.408,4.1944,-4.7611,1.0076
12-Jan-1965,0,0.408,4.3111,-3.7278,1.0211
13-Jan-1965,0,0.409,3.7222,-5.4444,0.962
14-Jan-1965,0,0.41,3.4944,-6.1722,0.9028
15-Jan-1965,0,0.412,2.4111,-5.7278,0.8679
16-Jan-1965,0,0.415,2.4778,-5.8333,0.8572
17-Jan-1965,0,0.419,3.4333,-4.5889,0.8357
18-Jan-1965,0.39,0.423,6.7944,-3.6,0.8115
19-Jan-1965,20.94,0.428,3.3722,-3.2111,0.8222
20-Jan-1965,1.56,0.434,4.8111,-2.2944,0.8572
21-Jan-1965,0.01,0.44,6.1556,-3.3389,0.8464
22-Jan-1965,0.1,0.447,5.5278,-2.75,0.8357
23-Jan-1965,41.2,0.455,7.7611,-3.7333,1.0802
24-Jan-1965,8.89,0.464,2.7167,-5.5389,1.6767
25-Jan-1965,0.26,0.473,1.3056,-10.3167,1.0318
26-Jan-1965,0,0.483,4.0556,-9.2778,0.9727
27-Jan-1965,0,0.494,6.8833,-7,0.9136
28-Jan-1965,0,0.506,7.1389,-6.4111,0.8679
29-Jan-1965,0,0.518,10.3778,-4.4167,0.8464
30-Jan-1965,0,0.531,11.1056,-4.2611,0.8357
31-Jan-1965,0,0.545,12.35,-2.8111,0.8464
01-Feb-1965,0,0.559,8.0722,-5.95,0.8921
02-Feb-1965,0,0.574,9.7222,-7.4667,0.8921
03-Feb-1965,0,0.589,9.3889,-6.3778,0.8921
04-Feb-1965,0.87,0.606,9.8222,-5.5222,0.8921
05-Feb-1965,4.87,0.623,6.6611,-3.2333,0.9243
06-Feb-1965,0.42,0.641,2.5667,-6.3389,1.0211
07-Feb-1965,0.02,0.659,2.7056,-10.4889,0.9485
08-Feb-1965,0,0.678,7.4556,-9.5667,0.8921
09-Feb-1965,0.02,0.698,2.5333,-9.0167,0.8572
10-Feb-1965,0,0.718,0.2333,-13.1,0.8007
11-Feb-1965,0,0.739,-0.7944,-12.1222,0.7362
12-Feb-1965,0.02,0.761,3.8611,-12.6278,0.7148
13-Feb-1965,0.92,0.783,4.4389,-9.9333,0.6933
14-Feb-1965,0,0.806,3.3611,-7.0389,0.6825
15-Feb-1965,0,0.829,4.0944,-10.4722,0.6744
16-Feb-1965,0,0.853,6.5444,-10.0778,0.6556
17-Feb-1965,0,0.878,8.9778,-9.1167,0.6449
18-Feb-1965,0,0.903,10.95,-7.2222,0.6341
19-Feb-1965,0,0.929,12.7833,-5.9778,0.6341
20-Feb-1965,0,0.955,12.5444,-5.9389,0.6341
21-Feb-1965,0,0.982,13.6722,-4.5556,0.6449
22-Feb-1965,0,1.01,8.5111,-2.7278,0.6744
23-Feb-1965,0,1.038,3.5056,-10.4278,0.6933
24-Feb-1965,0,1.067,8.15,-10.5333,0.6744
25-Feb-1965,0.15,1.096,11.5778,-8.3333,0.6744
26-Feb-1965,0.14,1.126,12.1778,-5.5944,0.6825
27-Feb-1965,17.63,1.156,7.3222,-1.6333,0.8357
28-Feb-1965,0,1.187,6.8222,-9.8889,0.7792
01-Mar-1965,0.01,1.218,4.4222,-7.6556,0.6637
02-Mar-1965,0,1.25,6.0833,-10.1,0.6637
03-Mar-1965,0,1.282,7.5278,-9.9722,0.6933
04-Mar-1965,0,1.315,6.5889,-7.6278,0.6933
05-Mar-1965,0.83,1.348,6.2111,-4.3111,0.6637
06-Mar-1965,9.14,1.382,3.6056,-3.6778,0.6744
07-Mar-1965,0.11,1.416,4.3944,-6.0944,0.6637
08-Mar-1965,0.04,1.451,7.5444,-7.6278,0.6261
09-Mar-1965,0.11,1.486,8.1778,-7.4778,0.6341
10-Mar-1965,0.1,1.521,7.4667,-5.8222,0.6449
11-Mar-1965,0.18,1.557,8.0278,-6.6833,0.6449
12-Mar-1965,8.96,1.593,3.5778,-4.6222,0.6556
13-Mar-1965,2.74,1.629,2.4667,-5.2722,0.6261
14-Mar-1965,0,1.666,6.8833,-7.8111,0.5965
15-Mar-1965,0,1.704,8.6778,-6.8333,0.6153
16-Mar-1965,0,1.741,9.7722,-7.2944,0.6341
17-Mar-1965,0,1.779,8.2,-5.4389,0.6637
18-Mar-1965,0,1.818,6.5167,-8.1889,0.6449
19-Mar-1965,0,1.856,7.6611,-8.8167,0.6637
20-Mar-1965,0,1.895,11.2444,-8.3778,0.6556
21-Mar-1965,0,1.935,13.3,-5.7944,0.7148
22-Mar-1965,0,1.974,11.9333,-1.8389,0.8115
23-Mar-1965,0.49,2.014,9.4389,-3.2056,0.8787
24-Mar-1965,2.47,2.054,3.9944,-3.1222,0.8679
25-Mar-1965,0.3,2.094,5.2389,-4.9556,0.7792
26-Mar-1965,3.97,2.135,3.8222,-2.9,0.7792
27-Mar-1965,23.1,2.176,4.2833,-3.0889,0.8007
28-Mar-1965,0.01,2.217,7.7167,-7.9889,0.7362
29-Mar-1965,0,2.258,10.1389,-5.1722,0.7362
30-Mar-1965,0,2.299,12.0333,-2.2111,0.747
31-Mar-1965,2.47,2.341,9.0889,-0.8,0.747
01-Apr-1965,2.11,2.382,5.4778,-3.1778,0.7255
02-Apr-1965,5.28,2.424,3.9278,-4.3111,0.7148
03-Apr-1965,2.03,2.466,5.2444,-2.65,0.747
04-Apr-1965,0.25,2.508,9.1611,-3.8,0.7148
05-Apr-1965,0.53,2.551,6.8278,-2.7556,0.747
06-Apr-1965,1.57,2.593,3.0944,-2.5222,0.7148
07-Apr-1965,0.99,2.635,1.6167,-5.7556,0.6825
08-Apr-1965,6.71,2.678,2.0611,-3.4667,0.6744
09-Apr-1965,6.21,2.72,1.4667,-5.0056,0.6637
10-Apr-1965,2.76,2.763,-0.0611,-5.7389,0.6556
11-Apr-1965,18.14,2.806,0.8722,-6.7056,0.6556
12-Apr-1965,27.33,2.848,1.5778,-3.5611,0.6825
13-Apr-1965,0.44,2.891,5.2,-4.8056,0.6825
14-Apr-1965,0.04,2.934,8.0778,-3.9167,0.7792
15-Apr-1965,0.05,2.977,9.5778,-3.0889,0.8679
16-Apr-1965,1.87,3.019,7.3333,0.6889,0.9485
17-Apr-1965,0.45,3.062,9.0222,-3.4278,0.962
18-Apr-1965,1.36,3.104,10.7778,0.4333,1.0076
19-Apr-1965,0.3,3.147,16.0556,3.1833,1.58
20-Apr-1965,11.48,3.189,13.3667,4.7278,2.7677
21-Apr-1965,4.28,3.232,10.8111,3.0167,3.8425
22-Apr-1965,0.09,3.274,10.1611,0.6722,3.7619
23-Apr-1965,0,3.316,14.5167,-3.2444,3.117
24-Apr-1965,0,3.358,16.5556,0.3667,3.0632
25-Apr-1965,0,3.4,15.9333,0.2167,3.3588
26-Apr-1965,0,3.442,16.4333,0.3222,3.4663
27-Apr-1965,0.42,3.483,18.4444,0.7056,3.6544
28-Apr-1965,0.03,3.525,18.0833,2.4444,4.1918
29-Apr-1965,0,3.566,17.4278,4.1833,5.0248
30-Apr-1965,0,3.607,16.2167,4.0444,5.1054
01-May-1965,0,3.648,12.0111,1.5444,4.8904
02-May-1965,2.6,3.689,6.2333,-5.2389,3.8425
03-May-1965,0,3.729,6.7667,-6.0722,3.0632
04-May-1965,0.01,3.769,9.5611,-4.2222,2.7408
05-May-1965,0.27,3.809,6.5222,-2.7222,2.6494
06-May-1965,6.7,3.848,1.3056,-7.2944,2.4801
07-May-1965,1.27,3.888,4.0222,-7.2167,2.198
08-May-1965,2.12,3.927,9.2833,-4.5056,1.9992
09-May-1965,0.01,3.965,10.3889,-3.5667,1.9293
10-May-1965,0.01,4.004,11.6611,-2.9167,1.9992
11-May-1965,0.01,4.042,13.8333,-1.9833,2.1792
12-May-1965,0.06,4.08,16,-1.5,2.3673
13-May-1965,0,4.117,15.1222,2.15,2.7408
14-May-1965,0,4.154,13.5333,-1.0667,3.0095
15-May-1965,0,4.191,18.3111,-0.7222,3.0632
16-May-1965,0,4.227,19.2556,1.1389,3.5738
17-May-1965,0,4.263,18.7556,2.05,4.4067
18-May-1965,0,4.298,18.5111,1.0611,4.6755
19-May-1965,0.1,4.333,16.3,5.0722,4.8904
20-May-1965,0,4.368,12.9333,2.5222,4.8635
21-May-1965,5.58,4.402,8.8833,1.2778,4.3261
22-May-1965,3.35,4.436,6.8333,0.5389,3.3319
23-May-1965,0.62,4.469,10.6889,0.3722,2.8214
24-May-1965,0,4.502,9.7333,-2.6444,2.6682
25-May-1965,0,4.535,13.5278,-0.9444,2.5554
26-May-1965,0,4.566,16.3667,-0.3222,2.8483
27-May-1965,0.05,4.598,17.9333,0.6611,3.2244
28-May-1965,0,4.629,19.4222,2.0167,3.5738
29-May-1965,0,4.659,19.8889,3.2833,4.1112
30-May-1965,0.83,4.689,19.5833,3.4,4.4605
31-May-1965,0,4.718,16.8556,2.4389,4.4336
01-Jun-1965,4.4,4.747,12.6333,0.8222,4.2187
02-Jun-1965,0.24,4.775,15.2556,0.0056,3.52
03-Jun-1965,0.02,4.803,18.6722,1.4889,3.6812
04-Jun-1965,0,4.83,21.0556,3.2778,4.2724
05-Jun-1965,0,4.857,21.0667,3.1611,4.7829
06-Jun-1965,0,4.883,20.1556,2.8944,4.8904
07-Jun-1965,0.31,4.908,19.6556,1.3333,4.6755
08-Jun-1965,5.63,4.933,14.4389,3.2778,4.6755
09-Jun-1965,0,4.957,17.9556,1.4167,4.0843
10-Jun-1965,0,4.981,22.4,4.4278,4.568
11-Jun-1965,0,5.004,21.9167,6.2389,4.971
12-Jun-1965,0,5.026,18.5722,7.1889,5.2397
13-Jun-1965,0,5.048,16.7278,-0.85,4.4336
14-Jun-1965,0.45,5.069,13.1,1.8111,3.7887
15-Jun-1965,3.33,5.089,10.5,-1.6833,3.2782
16-Jun-1965,3.27,5.109,9.0722,-0.0389,2.902
17-Jun-1965,2.47,5.128,8.8556,1.0556,2.5742
18-Jun-1965,0.01,5.147,15.4722,1.6222,2.3861
19-Jun-1965,0.6,5.165,19.3389,3.2722,2.4801
20-Jun-1965,1.93,5.182,22.0278,4.0556,2.8751
21-Jun-1965,1.03,5.198,22.9278,4.9333,3.1438
22-Jun-1965,0.36,5.214,22.8167,5.2111,3.1707
23-Jun-1965,0.52,5.229,20.6556,3.6444,3.0632
24-Jun-1965,0.11,5.244,19.2778,4.4056,2.902
25-Jun-1965,0.06,5.258,16.05,2.9611,2.9557
26-Jun-1965,0,5.271,14.4333,0.4944,2.6118
27-Jun-1965,0.06,5.283,16.8167,0.3444,2.4613
28-Jun-1965,0.33,5.295,19.0556,1.6167,2.4989
29-Jun-1965,0.17,5.306,21.1833,2.8111,2.5178
30-Jun-1965,0.01,5.316,19.55,5.0722,2.593
01-Jul-1965,0,5.325,20.2667,1.75,2.5554
02-Jul-1965,0,5.334,22.7222,4.7778,2.4989
03-Jul-1965,0,5.342,24.3556,6.7722,2.6682
04-Jul-1965,0,5.35,25,6.6222,2.7408
05-Jul-1965,0,5.356,25.9222,7.0278,2.6306
06-Jul-1965,0,5.362,25.8222,7.9611,2.6306
07-Jul-1965,0,5.367,25.3944,6.1389,2.593
08-Jul-1965,0,5.372,24.5722,5.4611,2.3485
09-Jul-1965,0,5.376,23.5667,4.1667,2.1604
10-Jul-1965,0,5.379,21.8667,4.6833,1.983
11-Jul-1965,0,5.381,20.95,2.5889,1.8272
12-Jul-1965,0,5.382,21.8333,1.4611,1.6928
13-Jul-1965,0.18,5.383,25.0111,4.4389,1.5961
14-Jul-1965,1.05,5.383,26.4111,7.0667,1.5961
15-Jul-1965,6.2,5.383,25.0111,8.6556,1.6445
16-Jul-1965,1.89,5.381,23.95,9.4778,1.8433
17-Jul-1965,5.53,5.379,21.7444,7.8611,1.7573
18-Jul-1965,0.97,5.376,21.8,8,1.8433
19-Jul-1965,0.3,5.373,21.0667,8.7167,1.7251
20-Jul-1965,0,5.368,19.9278,6.1833,1.5155
21-Jul-1965,0,5.363,21.0556,4.9333,1.3543
22-Jul-1965,0,5.358,22.4167,2.9833,1.2226
23-Jul-1965,0.03,5.351,24.7222,5.4278,1.142
24-Jul-1965,1.96,5.344,24.9611,7.2056,1.1071
25-Jul-1965,3.1,5.336,21.7889,7.3556,1.1823
26-Jul-1965,1.01,5.327,21.4278,5.7111,1.1178
27-Jul-1965,0,5.318,21.8111,2.3167,1.0211
28-Jul-1965,0,5.308,24.5222,3.8056,0.9243
29-Jul-1965,0,5.297,25.9056,5.2889,0.8787
30-Jul-1965,6.45,5.286,22.6278,11.6833,0.9028
31-Jul-1965,1.19,5.273,21.1556,9.9556,1.236
01-Aug-1965,0.08,5.26,23.9722,9.9333,1.0076
02-Aug-1965,0,5.247,23.5167,8.4167,0.9136
03-Aug-1965,0,5.232,22.5778,5.8444,0.8464
04-Aug-1965,0,5.217,23.8389,5.4833,0.7685
05-Aug-1965,0,5.202,25.5444,7.2222,0.704
06-Aug-1965,0,5.185,26.8444,7.9167,0.6744
07-Aug-1965,0,5.168,26.7833,8.1944,0.6341
08-Aug-1965,0.14,5.151,25.3889,7.0833,0.6153
09-Aug-1965,0,5.132,25.0111,7.4167,0.5965
10-Aug-1965,2.46,5.113,24.8556,11.1222,0.5697
11-Aug-1965,14.07,5.094,21.4556,11.0333,0.6637
12-Aug-1965,14.37,5.073,17.85,10.9222,1.4806
13-Aug-1965,0.86,5.052,21.5667,6.7278,1.2307
14-Aug-1965,20.89,5.031,19.9833,9.0556,1.1984
15-Aug-1965,9.15,5.009,19.5444,8.35,2.0153
16-Aug-1965,6.3,4.986,19.1889,8.1889,2.4183
17-Aug-1965,6.27,4.962,18.1778,8.8556,1.3381
18-Aug-1965,0.02,4.938,19.8167,7.0111,1.1823
19-Aug-1965,0.01,4.913,20.1111,5.1333,0.9378
20-Aug-1965,0,4.888,19.2833,3.9333,0.8115
21-Aug-1965,0,4.862,18.5,3.1833,0.7577
22-Aug-1965,0,4.836,18.6778,2.0722,0.704
23-Aug-1965,0,4.809,20.0944,3.6722,0.6556
24-Aug-1965,0,4.781,21.2833,3.6667,0.6073
25-Aug-1965,0.04,4.753,21.2333,5.4167,0.5777
26-Aug-1965,0,4.724,22.4111,4.5333,0.5482
27-Aug-1965,0,4.695,23.8556,4.5111,0.532
28-Aug-1965,0,4.665,23.5944,6.0833,0.532
29-Aug-1965,0,4.635,23.0278,6.0444,0.5213
30-Aug-1965,0.01,4.604,22.5611,5.8,0.4864
31-Aug-1965,0.05,4.573,22.4,5.5556,0.5401
01-Sep-1965,1.32,4.541,22.45,5.9889,0.5105
02-Sep-1965,3.22,4.509,21.8667,5.9778,0.5697
03-Sep-1965,0,4.476,21.1611,5.3889,0.6073
04-Sep-1965,0,4.443,20.8444,4.1444,0.5482
05-Sep-1965,0.08,4.409,18.5389,3.45,0.532
06-Sep-1965,8.85,4.375,14.2,4.6556,0.5401
07-Sep-1965,22.53,4.341,11.4944,3.0333,0.9727
08-Sep-1965,0.01,4.306,14.5833,1.2111,0.8572
09-Sep-1965,0,4.27,18.3722,1.8333,0.6744
10-Sep-1965,0,4.235,19.3611,3.1556,0.5965
11-Sep-1965,0,4.198,19.4167,2.0444,0.5213
12-Sep-1965,0,4.162,19.9,1.9889,0.5025
13-Sep-1965,0,4.125,20.1111,1.8889,0.4756
14-Sep-1965,0,4.088,21.1444,1.9333,0.4434
15-Sep-1965,0,4.05,21.5778,3.9278,0.4326
16-Sep-1965,0.01,4.012,18.2556,3.9278,0.4165
17-Sep-1965,0,3.974,9.8611,-4.8944,0.4246
18-Sep-1965,0.03,3.935,10.0944,-4.0611,0.4246
19-Sep-1965,0.01,3.896,11.6278,-5.2278,0.4084
20-Sep-1965,0,3.857,15.4333,-3.1,0.4004
21-Sep-1965,0,3.817,18.9,-0.6444,0.395
22-Sep-1965,0,3.777,21.6778,1.2389,0.3789
23-Sep-1965,0,3.737,21.8,3.1444,0.4246
24-Sep-1965,0,3.697,22.7889,3.8611,0.4595
25-Sep-1965,0,3.656,21.8389,5.1611,0.4944
26-Sep-1965,0.01,3.616,19.3333,3.0389,0.4944
27-Sep-1965,0.05,3.575,14.8167,3.5778,0.4944
28-Sep-1965,0,3.534,12.5111,0.8,0.4944
29-Sep-1965,0,3.492,14.2667,-2.7278,0.4864
30-Sep-1965,0,3.451,18.3611,-1.3,0.4864
01-Oct-1965,0,3.409,21.1333,-0.0167,0.4729
02-Oct-1965,0,3.367,21.9722,2.0556,0.4568
03-Oct-1965,0,3.325,21.4722,1.6667,0.4487
04-Oct-1965,0,3.283,19.6444,0.5,0.4434
05-Oct-1965,0,3.241,19.9944,7.0167,0.4353
06-Oct-1965,0,3.198,21.5,3.7056,0.4353
07-Oct-1965,0,3.156,22.9056,3.2222,0.4272
08-Oct-1965,0,3.113,24.7611,3.9722,0.3762
09-Oct-1965,0,3.071,23.4778,4.1667,0.3708
10-Oct-1965,0,3.028,21.0778,1.8722,0.3708
11-Oct-1965,0,2.986,21.1667,1.7833,0.3628
12-Oct-1965,0,2.943,20.4389,1.5333,0.3628
13-Oct-1965,0,2.9,18.9389,1.4611,0.3547
14-Oct-1965,6.55,2.857,15.2222,1.7167,0.3547
15-Oct-1965,2.07,2.815,8.7333,-0.9389,0.4057
16-Oct-1965,0.04,2.772,5.3722,-5,0.3977
17-Oct-1965,0,2.729,12.7389,-4.2944,0.3762
18-Oct-1965,0,2.687,14.6167,-1.8389,0.3547
19-Oct-1965,0.01,2.644,15.0667,-0.3611,0.3278
20-Oct-1965,0,2.602,16.0389,-0.95,0.3171
21-Oct-1965,0,2.56,16.7333,-0.4667,0.3117
22-Oct-1965,0,2.517,17.9944,-0.3722,0.2983
23-Oct-1965,0,2.475,18.7444,-0.1611,0.2983
24-Oct-1965,0,2.433,18.3889,-0.3278,0.2983
25-Oct-1965,0,2.391,17.7222,-0.8111,0.2929
26-Oct-1965,0,2.349,18.1056,-0.8167,0.2875
27-Oct-1965,0,2.308,18.2556,-1.35,0.2875
28-Oct-1965,0,2.266,18.0833,-1.0611,0.2821
29-Oct-1965,0,2.225,18.7556,-0.7944,0.2821
30-Oct-1965,0,2.184,18.2944,-0.6333,0.2741
31-Oct-1965,0,2.143,17.7333,-1.0056,0.2741
01-Nov-1965,0,2.103,17.45,-1.9556,0.2741
02-Nov-1965,0,2.062,15.9611,-0.2444,0.2741
03-Nov-1965,0,2.022,15.2611,-2.3111,0.2687
04-Nov-1965,0,1.982,13.7556,-0.6389,0.2633
05-Nov-1965,0,1.943,12.3667,-1.9722,0.2633
06-Nov-1965,0,1.904,14.2556,-4.6167,0.258
07-Nov-1965,0,1.865,13.3611,-2.8889,0.258
08-Nov-1965,0.15,1.826,11.1556,-0.2722,0.258
09-Nov-1965,0,1.787,9.1333,-4.1111,0.258
10-Nov-1965,0,1.749,10.4444,-5.7944,0.2526
11-Nov-1965,0,1.712,11.3833,-2.4611,0.2526
12-Nov-1965,2.92,1.674,7.7889,1.3722,0.258
13-Nov-1965,3.51,1.637,5.5667,0.8278,0.2741
14-Nov-1965,63.01,1.601,3.4,0.0444,0.4165
15-Nov-1965,5.3,1.564,5.2333,-1.2778,0.4111
16-Nov-1965,31.19,1.528,3.5,-0.5667,0.4272
17-Nov-1965,9.17,1.493,7.3389,-0.8833,0.5347
18-Nov-1965,40.53,1.458,4.5333,0.6611,0.8061
19-Nov-1965,0.93,1.423,5.0444,-1.5667,0.6771
20-Nov-1965,0.04,1.389,5.7278,-3.9667,0.4917
21-Nov-1965,0.03,1.355,6.0556,-7.2167,0.4192
22-Nov-1965,7.01,1.322,6.3556,-7.0556,0.3896
23-Nov-1965,72.47,1.289,2.8611,-3.3833,0.6449
24-Nov-1965,87.18,1.257,0.1389,-3.6222,0.618
25-Nov-1965,6.11,1.225,-1.5,-6.5722,0.4111
26-Nov-1965,0.04,1.193,-1.0556,-11.75,0.4192
27-Nov-1965,0.04,1.163,1.3111,-8.9,0.4487
28-Nov-1965,0,1.132,1.6944,-10.7222,0.4353
29-Nov-1965,0,1.102,2.15,-10.2778,0.4272
30-Nov-1965,0,1.073,3.6222,-9.3722,0.4487
01-Dec-1965,0,1.044,6.4,-8.5667,0.4272
02-Dec-1965,0,1.016,8.0167,-6.9833,0.4434
03-Dec-1965,0,0.988,10.0111,-5.8333,0.4568
04-Dec-1965,0,0.961,11.9556,-3.7,0.524
05-Dec-1965,0,0.935,10.6111,-3.7278,0.524
06-Dec-1965,0,0.909,9.9167,-6.2889,0.4917
07-Dec-1965,0,0.883,9.8944,-6.4389,0.4568
08-Dec-1965,0,0.858,7.4944,-6.5,0.4568
09-Dec-1965,0.13,0.834,6.3667,-3.75,0.4729
10-Dec-1965,0,0.811,6.9389,-4.8722,0.4568
11-Dec-1965,0.69,0.788,4.1556,-7.05,0.4272
12-Dec-1965,11.88,0.765,1.4444,-4.9722,0.4353
13-Dec-1965,5.15,0.743,-1.0611,-6.1389,0.4192
14-Dec-1965,3.65,0.722,-3.5556,-9.3833,0.3896
15-Dec-1965,0.02,0.702,-5.1833,-14.6944,0.3493
16-Dec-1965,0.67,0.682,-5.2389,-14.6333,0.309
17-Dec-1965,0,0.663,-3.7944,-15.4667,0.2526
18-Dec-1965,0,0.644,-1.3556,-14.9611,0.2633
19-Dec-1965,0,0.627,0.7611,-13.9056,0.2795
20-Dec-1965,0,0.609,1.6556,-13,0.2795
21-Dec-1965,0.84,0.593,5.3944,-10.0667,0.3224
22-Dec-1965,5.68,0.577,0.3444,-10.1611,0.3493
23-Dec-1965,0.28,0.562,-0.2222,-15.2444,0.3224
24-Dec-1965,9.29,0.547,2.9111,-12.3444,0.3762
25-Dec-1965,17.89,0.534,-0.1778,-8.1333,0.4568
26-Dec-1965,0.02,0.521,0.4278,-13.2556,0.4031
27-Dec-1965,0.32,0.508,5.7722,-9.2722,0.4299
28-Dec-1965,43.33,0.497,4.6778,-1.7833,0.5347
29-Dec-1965,35.37,0.486,1.1444,-5.4611,0.4837
30-Dec-1965,8.03,0.475,-1.6833,-6.9722,0.4568
31-Dec-1965,12.62,0.466,-3.0667,-6.8222,0.4031
01-Jan-1966,0.18,0.44,-3.8611,-13.6056,0.3493
02-Jan-1966,0,0.442,-0.7111,-13.3444,0.3493
03-Jan-1966,0.04,0.435,1.3278,-9.45,0.4031
04-Jan-1966,2.66,0.429,2.2333,-5.3333,0.4568
05-Jan-1966,3.72,0.424,32.0167,11.3389,0.4917
06-Jan-1966,0,0.419,7.8111,-2.0722,0.481
07-Jan-1966,0.04,0.416,8.3278,-5.55,0.4487
08-Jan-1966,0,0.413,10.5333,-1.7944,0.4568
09-Jan-1966,0,0.41,7.1056,-7.6444,0.4568
10-Jan-1966,0,0.409,7.3444,-6.3389,0.4353
11-Jan-1966,0,0.408,5.0611,-7.2278,0.4111
12-Jan-1966,0,0.408,5.7222,-9.4167,0.3816
13-Jan-1966,0,0.409,7.9111,-7.1556,0.3896
14-Jan-1966,0,0.41,7.8889,-6.4278,0.3977
15-Jan-1966,0,0.412,5.3,-4.7167,0.3977
16-Jan-1966,0,0.415,1.5167,-8.5444,0.3816
17-Jan-1966,0,0.419,2.5,-10.4889,0.3547
18-Jan-1966,0,0.423,3.2389,-11.8111,0.3439
19-Jan-1966,0,0.428,0.8556,-11.1444,0.3896
20-Jan-1966,0,0.434,-1.4611,-12.9,0.3628
21-Jan-1966,0,0.44,2.0167,-12.9667,0.3359
22-Jan-1966,1.62,0.447,1.7056,-10.7778,0.4353
23-Jan-1966,0.02,0.455,-0.05,-12.8333,0.3896
24-Jan-1966,0,0.464,3.6167,-10.0944,0.4272
25-Jan-1966,0,0.473,4.4444,-11.3056,0.3708
26-Jan-1966,0,0.483,3.8333,-8.2278,0.3816
27-Jan-1966,0,0.494,4.1389,-10.1833,0.3493
28-Jan-1966,0,0.506,6.6944,-11.7778,0.3224
29-Jan-1966,5.1,0.518,8.2222,-7.4444,0.3359
30-Jan-1966,5.67,0.531,3.2333,-4.6056,0.3439
31-Jan-1966,0.32,0.545,0.6556,-7.2167,0.3278
01-Feb-1966,2.37,0.559,-0.9278,-7.1611,0.3224
02-Feb-1966,0,0.574,1.6167,-12.1556,0.3117
03-Feb-1966,0,0.589,4.8,-8.6056,0.3224
04-Feb-1966,0.54,0.606,4.6556,-4.6,0.3224
05-Feb-1966,8.58,0.623,4.5833,-4.9111,0.3278
06-Feb-1966,5.39,0.641,0.7278,-5.1778,0.3493
07-Feb-1966,0.12,0.659,-1.7333,-12.6833,0.3117
08-Feb-1966,0,0.678,-1.0667,-12.5389,0.3359
09-Feb-1966,0,0.698,0.7444,-11.5611,0.2983
10-Feb-1966,4.06,0.718,-1.3111,-9.6,0.3439
11-Feb-1966,0.07,0.739,3.0944,-14.2222,0.2821
12-Feb-1966,0.34,0.761,1.8944,-9.9889,0.3439
13-Feb-1966,0,0.783,3.4667,-13.9389,0.2875
14-Feb-1966,0,0.806,4.4778,-11.6222,0.3117
15-Feb-1966,0,0.829,2.6667,-12.3944,0.3224
16-Feb-1966,0,0.853,6.5,-12.2444,0.3036
17-Feb-1966,0,0.878,8.7111,-10.8722,0.3171
18-Feb-1966,0,0.903,8.7056,-8.3611,0.3359
19-Feb-1966,1.43,0.929,5.95,-6.4,0.3278
20-Feb-1966,0,0.955,6.5722,-10.2833,0.3224
21-Feb-1966,0,0.982,7.0056,-9.2833,0.3278
22-Feb-1966,0.04,1.01,9.4778,-4.6944,0.3493
23-Feb-1966,1.12,1.038,5.8611,-1.8556,0.3708
24-Feb-1966,3.33,1.067,2,-4.7667,0.3628
25-Feb-1966,0.73,1.096,0.9389,-13.2333,0.3036
26-Feb-1966,0.09,1.126,2.3222,-9.7778,0.3547
27-Feb-1966,0,1.156,7.0222,-11.8,0.3171
28-Feb-1966,0,1.187,7.1333,-10.8944,0.3439
01-Mar-1966,6.17,1.218,1.9833,-6.6,0.3708
02-Mar-1966,3.66,1.25,-4.0556,-13.1333,0.3224
03-Mar-1966,0.06,1.282,-2.6667,-14.0556,0.3117
04-Mar-1966,0.02,1.315,0.9889,-13.8944,0.3117
05-Mar-1966,0.4,1.348,6.6556,-6.75,0.3762
06-Mar-1966,0.01,1.382,8.6444,-1.9222,0.4057
07-Mar-1966,0.08,1.416,8.35,0.2111,0.4487
08-Mar-1966,0,1.451,9.6333,-1.3333,0.5079
09-Mar-1966,2.45,1.486,9.4611,-0.3333,0.5508
10-Mar-1966,1.42,1.521,9.6556,0.1222,0.7309
11-Mar-1966,0.02,1.557,11.5611,-5.5111,0.7739
12-Mar-1966,0.39,1.593,12.3833,-2.1722,0.7954
13-Mar-1966,0.19,1.629,12.1722,-0.5389,1.1823
14-Mar-1966,0,1.666,10.8278,-1.8389,1.1151
15-Mar-1966,1.79,1.704,9.1333,-1.8333,1.0291
16-Mar-1966,0.75,1.741,4.0889,-4.3944,0.9458
17-Mar-1966,0.01,1.779,5.6778,-11.85,0.7524
18-Mar-1966,0,1.818,11.5667,-6.5167,0.7524
19-Mar-1966,0.92,1.856,8.6667,-2.9556,0.7846
20-Mar-1966,0,1.895,7.5889,-9.3,0.7094
21-Mar-1966,0,1.935,8.2167,-2.2444,0.6879
22-Mar-1966,0,1.974,6.8444,-8.15,0.6879
23-Mar-1966,0,2.014,10.0611,-8.2889,0.6771
24-Mar-1966,0,2.054,12.0333,-6.65,0.7309
25-Mar-1966,0,2.094,12.8667,-6.1333,0.7739
26-Mar-1966,0,2.135,14.5889,-4.45,0.8599
27-Mar-1966,0,2.176,15.8,-4.2889,0.9808
28-Mar-1966,0,2.217,16.9,-3.2444,1.1151
29-Mar-1966,0,2.258,17.9611,-2.3778,1.2522
30-Mar-1966,0,2.299,19.7611,-2.1556,1.4295
31-Mar-1966,0,2.341,20.95,-1.1944,1.6069
01-Apr-1966,0,2.382,22.7611,0.0556,1.8326
02-Apr-1966,0,2.424,20.3111,-0.5,2.026
03-Apr-1966,0,2.466,16.2611,-1.6833,1.8487
04-Apr-1966,0,2.508,15.9944,-1.3444,1.8326
05-Apr-1966,0.08,2.551,18.0611,-1.5889,1.8971
06-Apr-1966,0,2.593,18.2056,-0.1556,2.0932
07-Apr-1966,0,2.635,17.5667,0.5611,2.2625
08-Apr-1966,0,2.678,16.0389,-0.9389,2.3377
09-Apr-1966,9.46,2.72,12.4778,-0.0056,2.2813
10-Apr-1966,9.91,2.763,6.9611,0.2056,2.0556
11-Apr-1966,1.48,2.806,7.4222,-2.0167,1.7197
12-Apr-1966,0.46,2.848,8.6222,-1.4222,1.5262
13-Apr-1966,0,2.891,12.55,-5.2278,1.3892
14-Apr-1966,0,2.934,16.8889,-3.3944,1.3596
15-Apr-1966,0,2.977,19.5,-1.7556,1.494
16-Apr-1966,0,3.019,19.6611,-0.5667,1.7358
17-Apr-1966,0.55,3.062,15.5222,1.7667,2.0932
18-Apr-1966,20.68,3.104,7.9444,-3.3611,2.1873
19-Apr-1966,0.19,3.147,4.6111,-7.4611,1.7036
20-Apr-1966,0,3.189,9.4833,-7.9667,1.4779
21-Apr-1966,0,3.232,10.5111,-5.1222,1.3758
22-Apr-1966,0,3.274,11.05,-3.4333,1.3892
23-Apr-1966,0,3.316,15.7778,-2.1056,1.4188
24-Apr-1966,0,3.358,18.6667,-1.2778,1.623
25-Apr-1966,0,3.4,18.2389,1.2667,1.9454
26-Apr-1966,0,3.442,16.7778,3.2222,2.2813
27-Apr-1966,0,3.483,13.0556,-4.7222,2.2249
28-Apr-1966,0,3.525,14.6556,-3.8444,1.9615
29-Apr-1966,0,3.566,15.8389,-2.9722,2.0368
30-Apr-1966,0,3.607,18.4944,-1.7778,2.0556
01-May-1966,0,3.648,19.7944,-2.3889,2.2061
02-May-1966,0,3.689,20.9833,-0.9278,2.3565
03-May-1966,0.04,3.729,20.9333,2.4611,2.6199
04-May-1966,0.02,3.769,18.8333,3.4778,2.8214
05-May-1966,0.03,3.809,17.1889,4.2111,2.9826
06-May-1966,0,3.848,18.4278,3.3667,3.0095
07-May-1966,0,3.888,19.9667,1.7667,2.9289
08-May-1966,3.58,3.927,18.4611,3.6389,2.9289
09-May-1966,7.89,3.965,14.1222,4.2722,2.9557
10-May-1966,9.09,4.004,13.4778,3.35,2.902
11-May-1966,0,4.042,13.0722,0.0389,2.8751
12-May-1966,0,4.08,15.0389,-2.0111,2.4694
13-May-1966,0,4.117,16.6944,0.6111,2.4318
14-May-1966,0,4.154,15.2111,2.0944,2.507
15-May-1966,0,4.191,16.55,-0.6444,2.3753
16-May-1966,0,4.227,17.2,1.1444,2.3753
17-May-1966,0,4.263,18.0556,-0.0222,2.3942
18-May-1966,0.53,4.298,19.1556,1.5444,2.3753
19-May-1966,0.63,4.333,22.3944,2.7833,2.3942
20-May-1966,0,4.368,22.5556,4.4056,2.4882
21-May-1966,0.02,4.402,19.5056,5.7444,2.6763
22-May-1966,0.02,4.436,18.2944,5.0944,2.6763
23-May-1966,0,4.469,17.9611,0.3056,2.3942
24-May-1966,0.03,4.502,21.45,2.3167,2.1496
25-May-1966,0.41,4.535,23.35,4.5111,2.1308
26-May-1966,0.34,4.566,22.9778,5.1667,2.112
27-May-1966,0,4.598,21.9,5.1333,2.1496
28-May-1966,0,4.629,20.7278,6.3333,2.0932
29-May-1966,0.99,4.659,17.2056,6.4222,1.9992
30-May-1966,0,4.689,14.1444,1.5722,1.7842
31-May-1966,0,4.718,12.7444,-1.5444,1.5585
01-Jun-1966,0,4.747,12.5778,-0.3556,1.4026
02-Jun-1966,0,4.775,12.2778,-1.7833,1.2414
03-Jun-1966,0,4.803,14.3,-2.1667,1.142
04-Jun-1966,0,4.83,15.8222,-0.8222,1.0748
05-Jun-1966,0,4.857,17.45,-0.6056,1.0238
06-Jun-1966,0.49,4.883,14.8278,5.7944,1.0372
07-Jun-1966,0.72,4.908,12.5389,3.0889,1.0238
08-Jun-1966,0.09,4.933,15.7889,3.1167,0.9888
09-Jun-1966,0.57,4.957,16.4611,4.2389,1.0479
10-Jun-1966,0.07,4.981,18.6167,3.6667,0.9754
11-Jun-1966,0,5.004,19.8167,-0.2,0.9888
12-Jun-1966,0.01,5.026,21.2944,1.95,0.927
13-Jun-1966,0,5.048,25.0222,4.1667,0.9055
14-Jun-1966,2.4,5.069,26.0944,6.7889,0.927
15-Jun-1966,0.58,5.089,25.5944,6.4944,0.962
16-Jun-1966,0.02,5.109,24.2333,7.7833,0.9163
17-Jun-1966,0,5.128,24.8167,5.7389,0.8706
18-Jun-1966,0,5.147,25.25,5.5056,0.8034
19-Jun-1966,0,5.165,24.7278,5.8056,0.7819
20-Jun-1966,0,5.182,21.9944,8.15,0.7309
21-Jun-1966,0,5.198,18.3889,6.1111,0.6906
22-Jun-1966,0,5.214,16.4,1.5556,0.6422
23-Jun-1966,0,5.229,16.5333,3.1278,0.5938
24-Jun-1966,0,5.244,18.1111,-0.2667,0.5697
25-Jun-1966,0,5.258,22.1389,1.5722,0.5589
26-Jun-1966,0,5.271,24.6333,4.3222,0.532
27-Jun-1966,0,5.283,26.8556,4.5778,0.5079
28-Jun-1966,0,5.295,26.0222,7.6444,0.4729
29-Jun-1966,0,5.306,24.2278,7.3278,0.4487
30-Jun-1966,0,5.316,23.2889,5.0444,0.4407
01-Jul-1966,0,5.325,21.9667,5.1778,0.4111
02-Jul-1966,0,5.334,18.4444,6.2889,0.3869
03-Jul-1966,0,5.342,20.8444,0.7056,0.4192
04-Jul-1966,0,5.35,23.5444,2.9167,0.4326
05-Jul-1966,0,5.356,25.0056,4.6056,0.4111
06-Jul-1966,0,5.362,23.95,6.1111,0.395
07-Jul-1966,0,5.367,21.6889,7.0722,0.3816
08-Jul-1966,0.08,5.372,19.7889,7.4167,0.3574
09-Jul-1966,0.01,5.376,19.3333,6.0389,0.352
10-Jul-1966,0,5.379,20.4333,4.3222,0.3574
11-Jul-1966,0.09,5.381,20.8778,4.1333,0.3735
12-Jul-1966,0,5.382,19.2944,5.0167,0.3654
13-Jul-1966,0,5.383,20.55,2.1056,0.3735
14-Jul-1966,0,5.383,20.8667,2.1667,0.3654
15-Jul-1966,0,5.383,22.2833,2.9556,0.352
16-Jul-1966,0,5.381,23.1278,4.15,0.3574
17-Jul-1966,0,5.379,24.2389,4.4167,0.352
18-Jul-1966,0,5.376,25.7167,5.0389,0.3869
19-Jul-1966,0,5.373,26.7444,6.7333,0.3869
20-Jul-1966,0,5.368,25.9556,7.4222,0.3439
21-Jul-1966,0,5.363,26.4444,8.3167,0.3224
22-Jul-1966,0,5.358,27.1778,9.5556,0.352
23-Jul-1966,0,5.351,27.2556,9.1222,0.3386
24-Jul-1966,0,5.344,25.9056,9.0722,0.309
25-Jul-1966,0,5.336,26.2056,9.0222,0.2956
26-Jul-1966,0,5.327,26.2278,8.0167,0.3036
27-Jul-1966,0,5.318,26.7222,7.9389,0.2902
28-Jul-1966,0,5.308,27.5778,6.9333,0.2768
29-Jul-1966,0,5.297,29.4833,8.7167,0.2714
30-Jul-1966,0.81,5.286,24.0389,14.4389,0.2472
31-Jul-1966,0.23,5.273,22.2722,12.3111,0.2633
01-Aug-1966,2.2,5.26,26.6056,10.2,0.3171
02-Aug-1966,7.54,5.247,27.0444,11.0611,0.3386
03-Aug-1966,0.02,5.232,26.8667,10.7111,0.3305
04-Aug-1966,0,5.217,28.2278,10.6222,0.2821
05-Aug-1966,0,5.202,28.2222,8.6944,0.2472
06-Aug-1966,0,5.185,28.9389,6.9056,0.2391
07-Aug-1966,0,5.168,28.2444,6.9556,0.2284
08-Aug-1966,0,5.151,28.1611,8.8389,0.223
09-Aug-1966,0,5.132,28.4778,7.6111,0.2177
10-Aug-1966,0,5.113,28.4389,8.9333,0.2177
11-Aug-1966,0,5.094,26.6389,8.3278,0.223
12-Aug-1966,0,5.073,26.4389,7.8889,0.2177
13-Aug-1966,0,5.052,27.0667,8.6389,0.2177
14-Aug-1966,0,5.031,27.0722,8.4778,0.2177
15-Aug-1966,0,5.009,28.3167,9.3333,0.2123
16-Aug-1966,0,4.986,28.0222,9.9111,0.2069
17-Aug-1966,2.25,4.962,28.3333,10.9889,0.1962
18-Aug-1966,0.05,4.938,27.2389,10.1,0.2123
19-Aug-1966,0.01,4.913,25.7111,8.6222,0.2069
20-Aug-1966,0,4.888,24.8444,7.0556,0.2123
21-Aug-1966,0,4.862,24.8444,7.2389,0.2123
22-Aug-1966,0,4.836,25.1111,6.3889,0.2177
23-Aug-1966,0,4.809,25.7944,6.4556,0.2069
24-Aug-1966,0,4.781,26.0389,9.2444,0.1962
25-Aug-1966,0,4.753,23.1889,11.3889,0.1854
26-Aug-1966,0,4.724,21.1667,8.8889,0.1908
27-Aug-1966,0,4.695,23.0889,3.5889,0.1962
28-Aug-1966,0,4.665,22.9444,5.4778,0.1908
29-Aug-1966,0,4.635,19.7056,7.8778,0.1962
30-Aug-1966,0,4.604,15.9056,4.0333,0.1908
31-Aug-1966,0,4.573,17.5167,2.4056,0.1962
01-Sep-1966,0,4.541,20.2389,3.4222,0.1908
02-Sep-1966,0,4.509,22.5667,3.0889,0.1854
03-Sep-1966,0,4.476,24.4333,4.3056,0.1747
04-Sep-1966,0.02,4.443,26.0556,5.9,0.1558
05-Sep-1966,0,4.409,26,7.6111,0.1424
06-Sep-1966,0.03,4.375,24.3667,8.8833,0.1478
07-Sep-1966,0.54,4.341,23.7889,5.3778,0.1478
08-Sep-1966,0,4.306,23.6,4.1611,0.1424
09-Sep-1966,0,4.27,23.9,5.5889,0.1424
10-Sep-1966,0,4.235,23.1333,4.1833,0.1155
11-Sep-1966,0,4.198,19.5444,6.2889,0.1048
12-Sep-1966,0,4.162,15.7611,2.0667,0.0967
13-Sep-1966,0,4.125,13.9111,1.3889,0.1075
14-Sep-1966,0,4.088,15.0833,-2.7111,0.1129
15-Sep-1966,0,4.05,18.5333,-0.9833,0.1236
16-Sep-1966,0.09,4.012,23.2,1.9278,0.1129
17-Sep-1966,0,3.974,22.9556,4.3444,0.1155
18-Sep-1966,11.59,3.935,17.1389,7.4278,0.1236
19-Sep-1966,5.93,3.896,15.0611,4.7667,0.1747
20-Sep-1966,0.2,3.857,18.9778,4.4167,0.172
21-Sep-1966,0.02,3.817,23.0167,5.2278,0.1532
22-Sep-1966,0,3.777,23.2278,5.9333,0.1344
23-Sep-1966,0,3.737,24.3222,7,0.1263
24-Sep-1966,0,3.697,22.45,7.9833,0.1236
25-Sep-1966,0,3.656,21.4611,5.8167,0.1182
26-Sep-1966,2.55,3.616,20.1611,4.8944,0.1236
27-Sep-1966,0.09,3.575,17,5.3889,0.1397
28-Sep-1966,0,3.534,19.7944,4.4778,0.1478
29-Sep-1966,0,3.492,22.6444,5.7333,0.1424
30-Sep-1966,0,3.451,21.2389,4.9056,0.1397
01-Oct-1966,0,3.409,21.4278,3.8,0.1344
02-Oct-1966,0,3.367,18.9167,6.9278,0.1317
03-Oct-1966,0,3.325,15.1833,1.4444,0.1263
04-Oct-1966,0,3.283,16.1778,-0.45,0.1344
05-Oct-1966,0,3.241,17.9944,-0.3556,0.1397
06-Oct-1966,0,3.198,18.7444,0.8778,0.1344
07-Oct-1966,0,3.156,17.6222,2.0389,0.1344
08-Oct-1966,0,3.113,18.8778,2.1389,0.1344
09-Oct-1966,0,3.071,19.1778,2.6944,0.1317
10-Oct-1966,0,3.028,19.9778,2.4389,0.1344
11-Oct-1966,0,2.986,17.9833,2.8611,0.1344
12-Oct-1966,0,2.943,13.6889,4.3389,0.1317
13-Oct-1966,0,2.9,9.7222,-3.7556,0.1317
14-Oct-1966,0,2.857,9.8667,-6.4889,0.1344
15-Oct-1966,0,2.815,9.5944,-6.2889,0.1317
16-Oct-1966,0,2.772,9.8389,-5.3167,0.1344
17-Oct-1966,0,2.729,14.9222,-4.1833,0.1344
18-Oct-1966,0,2.687,16.3611,-3.4389,0.1397
19-Oct-1966,0.09,2.644,17.5389,-2.4,0.1344
20-Oct-1966,0.21,2.602,14.4056,1.7056,0.1317
21-Oct-1966,0,2.56,11.7333,-1.6722,0.1317
22-Oct-1966,0,2.517,15.3778,-3.7444,0.1344
23-Oct-1966,0,2.475,16.4722,-0.9333,0.1344
24-Oct-1966,0,2.433,18.0333,0.1444,0.1344
25-Oct-1966,0,2.391,19.6278,0.7556,0.1344
26-Oct-1966,0,2.349,17.5222,1.45,0.1317
27-Oct-1966,0,2.308,16.2611,-1.6278,0.1317
28-Oct-1966,0,2.266,15.1778,-1.2444,0.1317
29-Oct-1966,0,2.225,16.7722,-1.5611,0.1317
30-Oct-1966,0,2.184,17.5,-1.4333,0.1317
31-Oct-1966,0,2.143,18.4056,-0.7278,0.1263
01-Nov-1966,0,2.103,18.0611,-1.2444,0.1317
02-Nov-1966,0,2.062,18.6056,-1.4278,0.1317
03-Nov-1966,0,2.022,15.4833,2.5056,0.1344
04-Nov-1966,0,1.982,14.0778,-3.9389,0.1344
05-Nov-1966,0,1.943,14.8333,-3.6,0.1317
06-Nov-1966,4.71,1.904,9.1222,-0.5611,0.1263
07-Nov-1966,2.44,1.865,5.9889,-0.1833,0.1397
08-Nov-1966,0.05,1.826,5.0056,-2.5778,0.1424
09-Nov-1966,0,1.787,6.4111,-8.7056,0.1344
10-Nov-1966,0.31,1.749,9.1611,-4.2222,0.1344
11-Nov-1966,0.08,1.712,8.6611,0.2722,0.1424
12-Nov-1966,0.02,1.674,11.0444,-0.8278,0.1424
13-Nov-1966,0,1.637,11.8944,-1.7722,0.1397
14-Nov-1966,0.38,1.601,11.7056,0.3167,0.1397
15-Nov-1966,10.6,1.564,9.4833,2.05,0.1397
16-Nov-1966,18.84,1.528,8.0389,0.9056,0.2687
17-Nov-1966,0.9,1.493,8.4889,-1.1833,0.2526
18-Nov-1966,3.43,1.458,10.4944,-4.0222,0.1962
19-Nov-1966,15.6,1.423,12.0944,-2.7278,0.172
20-Nov-1966,28.9,1.389,7.5167,-0.3167,0.3493
21-Nov-1966,14.5,1.355,1.9889,-4.0111,0.309
22-Nov-1966,7.18,1.322,1.7944,-5.2111,0.2338
23-Nov-1966,0,1.289,-0.5389,-10.5944,0.2015
24-Nov-1966,0,1.257,0,-11.2444,0.1908
25-Nov-1966,0,1.225,2.1056,-11.4444,0.172
26-Nov-1966,0,1.193,4.5,-7.6611,0.2069
27-Nov-1966,0.02,1.163,5.2833,-7.5333,0.2069
28-Nov-1966,27.07,1.132,6.1556,-2.3333,0.5105
29-Nov-1966,0.51,1.102,9.6333,1.3611,1.2952
30-Nov-1966,11.17,1.073,7.7278,-3.7333,0.6126
01-Dec-1966,12.2,1.044,7.8222,-2.7611,0.4568
02-Dec-1966,47.11,1.016,4.5333,0.4389,0.5589
03-Dec-1966,0.28,0.988,4.2056,-2.2722,0.7201
04-Dec-1966,13.13,0.961,3.2778,-5.75,0.4487
05-Dec-1966,87.53,0.935,2.9389,-1.9056,1.013
06-Dec-1966,74.2,0.909,1.9389,-2.25,2.5124
07-Dec-1966,0.71,0.883,1.2,-3.7278,1.4188
08-Dec-1966,0.96,0.858,2.5611,-4.6333,0.9163
09-Dec-1966,5.07,0.834,3.9111,-7.0833,0.6422
10-Dec-1966,2.32,0.811,7.2611,-3.3111,0.5885
11-Dec-1966,0,0.788,6.5111,-4.2278,0.5293
12-Dec-1966,0.02,0.765,8.5722,-4.5722,0.489
13-Dec-1966,0.72,0.743,8.2389,-3.7667,0.4702
14-Dec-1966,10.71,0.722,5.8111,-5.6889,0.446
15-Dec-1966,0.7,0.702,6.2667,-6.4333,0.4084
16-Dec-1966,0,0.682,6.8333,-6.2389,0.4031
17-Dec-1966,0,0.663,7.6611,-6.1,0.395
18-Dec-1966,0,0.644,7.6778,-6.4389,0.3789
19-Dec-1966,0,0.627,8.2556,-6.6889,0.3816
20-Dec-1966,0,0.609,8.5944,-5.8944,0.3842
21-Dec-1966,0,0.593,3.9833,-6.7222,0.3735
22-Dec-1966,0,0.577,2.7,-6.7444,0.3493
23-Dec-1966,0,0.562,4.7222,-8.4111,0.3359
24-Dec-1966,0.02,0.547,2.8278,-9.5833,0.3224
25-Dec-1966,4.42,0.534,2.8056,-10.1667,0.309
26-Dec-1966,0.63,0.521,-2.1556,-9.5833,0.352
27-Dec-1966,0.8,0.508,-2.1611,-12.3667,0.2929
28-Dec-1966,0.04,0.497,-0.1222,-13.0778,0.258
29-Dec-1966,1.38,0.486,0.5444,-10.9111,0.3198
30-Dec-1966,0.01,0.475,0.6222,-7.0056,0.3923
31-Dec-1966,0,0.466,6.2778,-9.9889,0.309
01-Jan-1967,0,0.44,6.6556,-5.8722,0.309
02-Jan-1967,0,0.442,4.5722,-9.4778,0.2687
03-Jan-1967,0,0.435,7.9611,-7.7444,0.2875
04-Jan-1967,0.14,0.429,8.9556,-5.6778,0.2821
05-Jan-1967,0.81,0.424,3.1944,-5.0056,0.2795
06-Jan-1967,0,0.419,1.6222,-12.9056,0.2042
07-Jan-1967,0,0.416,2.1389,-11.6333,0.2821
08-Jan-1967,0,0.413,3.5833,-10.1167,0.3171
09-Jan-1967,0,0.41,6.0167,-9.2611,0.3171
10-Jan-1967,0,0.409,7.4333,-6.1833,0.3466
11-Jan-1967,0.97,0.408,8.7278,-3.3278,0.2929
12-Jan-1967,0,0.408,8.0944,-5.2167,0.2768
13-Jan-1967,0,0.409,9.4611,-4.6722,0.258
14-Jan-1967,0,0.41,11.0611,-4.7611,0.2553
15-Jan-1967,0,0.412,13.0556,-4.9611,0.2553
16-Jan-1967,0,0.415,8.7556,-5.7722,0.2633
17-Jan-1967,0,0.419,5.35,-9.3,0.2338
18-Jan-1967,0,0.423,5.7167,-8.1278,0.2418
19-Jan-1967,0.04,0.428,9.6833,-6.3889,0.2929
20-Jan-1967,26.86,0.434,5.3056,-2.6944,0.2633
21-Jan-1967,79.53,0.44,2.5944,-1.6333,0.876
22-Jan-1967,7.89,0.447,0.3722,-5.7333,0.5025
23-Jan-1967,0.84,0.455,-1.0889,-12.3111,0.3762
24-Jan-1967,44.9,0.464,-1.2778,-8.3389,0.4084
25-Jan-1967,1.17,0.473,0.1667,-10.5667,0.3251
26-Jan-1967,7.1,0.483,4.7,-7.3111,0.4084
27-Jan-1967,0.2,0.494,6.1667,-1.7833,0.5911
28-Jan-1967,13.58,0.506,5.5,-1.5278,0.6933
29-Jan-1967,39.12,0.518,4.6278,-0.7556,2.1523
30-Jan-1967,20.11,0.531,3.5778,-1,1.3838
31-Jan-1967,3.17,0.545,4.0889,-3.5389,0.9485
01-Feb-1967,0,0.559,2.1167,-7.7556,0.7362
02-Feb-1967,0,0.574,3.1111,-8.5167,0.6234
03-Feb-1967,0,0.589,4.4222,-7.2333,0.5804
04-Feb-1967,0,0.606,7.7056,-7.0944,0.5267
05-Feb-1967,0,0.623,8.7222,-5.7444,0.524
06-Feb-1967,0,0.641,8.8944,-7.7278,0.5025
07-Feb-1967,0,0.659,8.0889,-6.8056,0.5105
08-Feb-1967,0,0.678,8.6778,-7.5889,0.5025
09-Feb-1967,0,0.698,10.4778,-5.5333,0.532
10-Feb-1967,0,0.718,9.9,-4.3889,0.5508
11-Feb-1967,0,0.739,10.7667,-4.4833,0.5508
12-Feb-1967,0.12,0.761,9.3722,-2.0778,0.5858
13-Feb-1967,0.55,0.783,9.4556,-2.4722,0.6234
14-Feb-1967,2.74,0.806,2.5889,-7.5778,0.6986
15-Feb-1967,0.55,0.829,-0.75,-12.5167,0.5428
16-Feb-1967,0.01,0.853,4.5056,-11.3056,0.5428
17-Feb-1967,0,0.878,8.0611,-8.0111,0.524
18-Feb-1967,0,0.903,9.6389,-6.2278,0.532
19-Feb-1967,0,0.929,4.1333,-8.2278,0.532
20-Feb-1967,0,0.955,3.7722,-10.6778,0.4649
21-Feb-1967,0,0.982,8.8278,-10.4056,0.4649
22-Feb-1967,0,1.01,10.1389,-9.0056,0.4649
23-Feb-1967,0.01,1.038,10.9611,-7.7333,0.4729
24-Feb-1967,0.04,1.067,10.0333,-4.5833,0.4729
25-Feb-1967,1.84,1.096,4.6833,-4.1833,0.4649
26-Feb-1967,0,1.126,7.1778,-7.0167,0.4568
27-Feb-1967,0,1.156,11.0944,-6.7056,0.4487
28-Feb-1967,0.11,1.187,14.05,-2.3611,0.4487
01-Mar-1967,0,1.218,12.35,-2.4,0.4917
02-Mar-1967,0,1.25,10.3667,-1.9778,0.5159
03-Mar-1967,10.65,1.282,4.4722,-4.9167,0.5589
04-Mar-1967,2.75,1.315,-0.9056,-9,0.4998
05-Mar-1967,0.98,1.348,3.8833,-11.1111,0.4192
06-Mar-1967,0,1.382,8.3556,-8.8056,0.4407
07-Mar-1967,0,1.416,8.8444,-6.8556,0.4649
08-Mar-1967,0.05,1.451,11.2611,-6.6611,0.4837
09-Mar-1967,0,1.486,9.4056,-2.5167,0.532
10-Mar-1967,0.57,1.521,3.4167,-0.6778,0.5428
11-Mar-1967,35.5,1.557,-0.8778,-4.6,0.5159
12-Mar-1967,57.27,1.593,-1.1056,-5.3278,0.4729
13-Mar-1967,30.9,1.629,-1.8611,-6.5444,0.4192
14-Mar-1967,4.46,1.666,1.0944,-9.4556,0.4407
15-Mar-1967,10.27,1.704,6.7222,-8.3611,0.5159
16-Mar-1967,88.92,1.741,7.6722,-0.9222,6.4489
17-Mar-1967,0.32,1.779,7.45,0.9389,4.9442
18-Mar-1967,0.09,1.818,5.8556,-2.3222,3.0901
19-Mar-1967,0,1.856,7.3111,-5.8389,2.1577
20-Mar-1967,0,1.895,7.5278,-1.9333,1.8352
21-Mar-1967,0,1.935,11.1333,-4.2,1.7063
22-Mar-1967,0.02,1.974,12.4333,-2.8556,1.6257
23-Mar-1967,5.55,2.014,7.4056,-1.3556,1.5531
24-Mar-1967,0,2.054,5.25,-6.4667,1.4053
25-Mar-1967,0,2.094,6.8056,-7.85,1.2629
26-Mar-1967,0.34,2.135,4.7833,-2.7944,1.1689
27-Mar-1967,0,2.176,8.0833,-2.2278,1.0802
28-Mar-1967,17.96,2.217,4.8,-2.3333,1.4483
29-Mar-1967,5.96,2.258,-1.1278,-8.7,1.2898
30-Mar-1967,10.5,2.299,-0.0778,-7.5389,1.1178
31-Mar-1967,9.9,2.341,-0.5167,-7.8056,1.0802
01-Apr-1967,0.1,2.382,1.2778,-8.5,1.0076
02-Apr-1967,7.5,2.424,0.6889,-7.9944,0.9727
03-Apr-1967,0.07,2.466,6.1611,-9.5556,0.9378
04-Apr-1967,7.6,2.508,3.9556,-4.1667,0.9727
05-Apr-1967,0.82,2.551,3.2056,-3.7944,0.8733
06-Apr-1967,7.07,2.593,4.8556,-4.3556,0.8625
07-Apr-1967,16.08,2.635,2.1833,-3.4889,0.9163
08-Apr-1967,1.41,2.678,6.5056,-4.1778,0.8733
09-Apr-1967,0.01,2.72,8.2222,-7.1444,0.8948
10-Apr-1967,4.16,2.763,4.6,-2.6444,0.8948
11-Apr-1967,4.99,2.806,0.6444,-5.8111,0.841
12-Apr-1967,4.41,2.848,5.9222,-4.9944,0.8303
13-Apr-1967,0.02,2.891,8.4944,-4.4111,0.8303
14-Apr-1967,3.48,2.934,4.3722,-0.9111,0.8625
15-Apr-1967,7.25,2.977,1,-5.0111,0.8625
16-Apr-1967,0.02,3.019,5.1889,-10.6944,0.7712
17-Apr-1967,10.15,3.062,4.7889,-4.25,0.8007
18-Apr-1967,24.68,3.104,1.2222,-6.0278,0.8303
19-Apr-1967,2.75,3.147,-0.1944,-6.6611,0.8007
20-Apr-1967,1.14,3.189,1.9111,-9.8944,0.7819
21-Apr-1967,8.19,3.232,0.0833,-5.9833,0.7927
22-Apr-1967,0.89,3.274,2.1722,-6.9778,0.7524
23-Apr-1967,2.79,3.316,4.1,-5.4222,0.7524
24-Apr-1967,0.64,3.358,3.35,-4.0222,0.7524
25-Apr-1967,0.08,3.4,4.4389,-6.65,0.7309
26-Apr-1967,0.07,3.442,7.8444,-7.0389,0.7228
27-Apr-1967,7.13,3.483,3.6833,-2.5222,0.7712
28-Apr-1967,1.73,3.525,1.3167,-8.6278,0.7309
29-Apr-1967,6.96,3.566,1.2444,-10.1111,0.7148
30-Apr-1967,0.38,3.607,4.1111,-7.6,0.6771
01-May-1967,0,3.648,6.1611,-8.8056,0.6771
02-May-1967,0,3.689,8.3333,-4.3167,0.7309
03-May-1967,0.04,3.729,9.9056,-5.1222,0.8007
04-May-1967,2.52,3.769,8.7222,-0.55,0.927
05-May-1967,7.42,3.809,5.8389,-1.9167,0.9593
06-May-1967,0,3.848,12.0889,-3.1222,0.9727
07-May-1967,0,3.888,16.5833,-1.8389,1.4188
08-May-1967,0,3.927,17.3611,1.1889,2.2786
09-May-1967,9.46,3.965,10.9333,3.5278,3.1707
10-May-1967,13.6,4.004,4.6167,-1.2556,2.5984
11-May-1967,0.36,4.042,3.7833,-4.9556,2.0018
12-May-1967,0.4,4.08,5.9222,-6.8222,1.7385
13-May-1967,0.01,4.117,9.2833,-5.75,1.6901
14-May-1967,0,4.154,14.8611,-4.0389,1.8997
15-May-1967,0.36,4.191,18.2722,-0.8333,2.5419
16-May-1967,0,4.227,20.5611,1.1167,3.5469
17-May-1967,0,4.263,20.4222,3.7222,4.7829
18-May-1967,0,4.298,20.4833,1.6944,5.4278
19-May-1967,0,4.333,20.9444,1.4056,5.4816
20-May-1967,0,4.368,22.7556,3.35,5.9921
21-May-1967,0,4.402,24.5833,4.3667,7.255
22-May-1967,0,4.436,24.8444,5.1278,8.2492
23-May-1967,0,4.469,23.7389,4.7444,8.921
24-May-1967,0,4.502,20.7722,4.5556,8.9478
25-May-1967,0,4.535,18.7889,2.1167,7.7387
26-May-1967,0,4.566,17.4444,3.1667,7.8193
27-May-1967,1.04,4.598,16.4778,3.3944,7.6043
28-May-1967,0,4.629,13.9444,2.6444,6.8251
29-May-1967,0,4.659,12.4889,1.0556,6.0996
30-May-1967,0.77,4.689,11.6444,-0.7889,5.401
31-May-1967,5.9,4.718,5.9056,-1.8167,4.8635
01-Jun-1967,1.28,4.747,5.5944,-2.9611,3.7081
02-Jun-1967,0.42,4.775,8.1278,-2.3333,3.1707
03-Jun-1967,0,4.803,14.2889,-2.0833,3.1438
04-Jun-1967,2.69,4.83,14.8,0.8333,3.735
05-Jun-1967,11.3,4.857,9.9389,2.1056,3.8962
06-Jun-1967,0.35,4.883,12.1167,1.0389,3.7081
07-Jun-1967,0.13,4.908,13.95,1.8778,4.4874
08-Jun-1967,0.14,4.933,14.9,1.3111,4.971
09-Jun-1967,0.07,4.957,14.6167,0.4722,5.2397
10-Jun-1967,0.09,4.981,14.7722,0.6278,5.186
11-Jun-1967,0.1,5.004,15.4278,1.5778,5.2397
12-Jun-1967,1.34,5.026,13.4444,1.7444,5.2397
13-Jun-1967,0.2,5.048,12.0444,0.6611,4.8098
14-Jun-1967,0.29,5.069,15.3444,0.4611,4.7023
15-Jun-1967,0.15,5.089,19.1778,1.9056,5.0516
16-Jun-1967,1.68,5.109,19.8889,3.6889,5.5084
17-Jun-1967,0.51,5.128,22.4722,4.4944,6.7176
18-Jun-1967,0.33,5.147,22.2278,5.8556,6.6907
19-Jun-1967,0.72,5.165,20.7667,4.7611,5.9652
20-Jun-1967,0.02,5.182,21.6611,4.5222,6.1533
21-Jun-1967,0.02,5.198,21.0556,4.3167,6.852
22-Jun-1967,0,5.214,19.0889,2.6167,6.8251
23-Jun-1967,0,5.229,20.0667,2.6278,6.4489
24-Jun-1967,0,5.244,22.8667,3.8167,6.1265
25-Jun-1967,0,5.258,24.2722,5.3889,6.3952
26-Jun-1967,0.07,5.271,23.1278,6.6389,6.7713
27-Jun-1967,0,5.283,22.5333,6.1389,6.9863
28-Jun-1967,0,5.295,24.0556,5.9889,6.6907
29-Jun-1967,0,5.306,26.6333,7.0167,6.6101
30-Jun-1967,0,5.316,28.1056,9.2667,6.6639
01-Jul-1967,0,5.325,28.7,9.9611,6.7176
02-Jul-1967,0,5.334,28.1611,10.2056,6.637
03-Jul-1967,0,5.342,25.4833,9.9722,6.5026
04-Jul-1967,0,5.35,24.6667,9.9,5.9921
05-Jul-1967,0,5.356,23.4611,10.4222,5.5084
06-Jul-1967,0,5.362,22.8667,9.5778,5.186
07-Jul-1967,0,5.367,22.6611,6.9611,4.7292
08-Jul-1967,0,5.372,22.5,5.9,4.138
09-Jul-1967,0,5.376,23.7722,5.1944,3.735
10-Jul-1967,0,5.379,25.25,5.8,3.3319
11-Jul-1967,0,5.381,27.8111,7.2222,3.117
12-Jul-1967,0,5.382,28.1167,9.7167,3.0901
13-Jul-1967,0.1,5.383,26.8444,11.25,3.0364
14-Jul-1967,4.7,5.383,25.3222,11.3889,3.0632
15-Jul-1967,5.15,5.383,24.4944,10.3889,3.1707
16-Jul-1967,9.09,5.381,21.4278,11.3944,3.2513
17-Jul-1967,1.25,5.379,22.7833,8.9,2.8214
18-Jul-1967,0,5.376,23.1667,7.5333,2.5231
19-Jul-1967,0.01,5.373,24.1667,6.0222,2.2974
20-Jul-1967,0,5.368,25.5444,5.2889,2.0717
21-Jul-1967,0,5.363,26.4833,5.8944,1.8836
22-Jul-1967,0,5.358,25.6333,7.8944,1.7869
23-Jul-1967,0,5.351,25.2222,8.1278,1.7063
24-Jul-1967,0,5.344,26.1333,9.6,1.6122
25-Jul-1967,0,5.336,26.5333,8.2722,1.5531
26-Jul-1967,0,5.327,26.6556,6.5,1.4644
27-Jul-1967,0,5.318,26.4667,8.0611,1.3892
28-Jul-1967,12.3,5.308,25.7667,10.5389,1.3892
29-Jul-1967,1.32,5.297,24.6167,9.1722,1.4779
30-Jul-1967,0.58,5.286,24.3167,10.2722,1.494
31-Jul-1967,0,5.273,25.6222,9.7056,1.2898
01-Aug-1967,0,5.26,25.8111,10.5056,1.1957
02-Aug-1967,0.32,5.247,26.4,10.75,1.1044
03-Aug-1967,0,5.232,26.8611,9.6222,1.0318
04-Aug-1967,0.11,5.217,27.0944,9.2,0.9593
05-Aug-1967,0,5.202,26.0889,7.5222,0.8948
06-Aug-1967,0,5.185,24.1889,6.6278,0.841
07-Aug-1967,0,5.168,23.7167,4.6111,0.8007
08-Aug-1967,0,5.151,24.2222,6.5556,0.7604
09-Aug-1967,0.34,5.132,25.8056,7.3222,0.7336
10-Aug-1967,0,5.113,25.4667,9.0722,0.7524
11-Aug-1967,0,5.094,25.6333,8.8556,0.7228
12-Aug-1967,0,5.073,27.1278,9.6222,0.7336
13-Aug-1967,0,5.052,28.5444,9.4444,0.7148
14-Aug-1967,1.67,5.031,28.3278,10.4611,0.7148
15-Aug-1967,1.3,5.009,27.0333,11.6722,0.7336
16-Aug-1967,0.53,4.986,27.2333,9.9944,0.8733
17-Aug-1967,4.79,4.962,27.4667,10.85,0.7712
18-Aug-1967,4.04,4.938,27.7722,11.1444,0.7416
19-Aug-1967,0.01,4.913,27.2444,10.6611,0.7604
20-Aug-1967,4.31,4.888,26.6944,10.7444,0.7416
21-Aug-1967,0.06,4.862,26.6167,9.8722,0.704
22-Aug-1967,0.36,4.836,27.5278,9.8833,0.6395
23-Aug-1967,2.99,4.809,27.7167,11.2611,0.6664
24-Aug-1967,4.02,4.781,25.5444,10.0889,0.8625
25-Aug-1967,7.46,4.753,23.6556,9.4667,1.1178
26-Aug-1967,0.08,4.724,23.7222,8.5889,0.9163
27-Aug-1967,0.09,4.695,24.1611,7.9389,0.7416
28-Aug-1967,0,4.665,24.1389,8.9944,0.6771
29-Aug-1967,0,4.635,26.1389,6.2556,0.6207
30-Aug-1967,0,4.604,26.9167,9.6833,0.5858
31-Aug-1967,0,4.573,25.9167,9.5444,0.567
01-Sep-1967,0.06,4.541,25.5167,10.7278,0.5428
02-Sep-1967,0.59,4.509,24.1944,9.6833,0.5267
03-Sep-1967,2.27,4.476,22.65,11.9889,0.5777
04-Sep-1967,11,4.443,20.6778,10.1778,0.6959
05-Sep-1967,0.26,4.409,20.7111,8.65,0.7228
06-Sep-1967,0,4.375,22.5667,7.8333,0.5777
07-Sep-1967,0,4.341,23.0111,8.75,0.5508
08-Sep-1967,0,4.306,22.0778,8.6278,0.5186
09-Sep-1967,0,4.27,20.9667,6.5722,0.5025
10-Sep-1967,0,4.235,20.4611,5.45,0.4864
11-Sep-1967,0,4.198,21.4611,8.6222,0.4649
12-Sep-1967,0,4.162,21.4778,4.6444,0.4568
13-Sep-1967,0,4.125,19.8667,3.7667,0.4568
14-Sep-1967,0,4.088,20.6111,1.9556,0.4568
15-Sep-1967,0,4.05,21.6889,2.8944,0.4487
16-Sep-1967,0,4.012,22.2667,4.6389,0.4004
17-Sep-1967,1.06,3.974,19.0778,5.3667,0.3601
18-Sep-1967,15.65,3.935,15.0722,6.0444,0.4138
19-Sep-1967,0.01,3.896,18.8778,3.5722,0.4353
20-Sep-1967,0.09,3.857,21.7,5.0556,0.3789
21-Sep-1967,0.12,3.817,23.2556,4.6944,0.3735
22-Sep-1967,0.33,3.777,20.1944,5.5056,0.3789
23-Sep-1967,4.03,3.737,19.0667,6.1944,0.4004
24-Sep-1967,1.56,3.697,19.2111,5.0167,0.4487
25-Sep-1967,0.04,3.656,21.0278,6.0056,0.4192
26-Sep-1967,0.04,3.616,22.4444,5.7667,0.3869
27-Sep-1967,0.04,3.575,23.6056,6.9278,0.3735
28-Sep-1967,0.18,3.534,23.5667,6.6611,0.3681
29-Sep-1967,4.96,3.492,20.4333,8.0556,0.3681
30-Sep-1967,0,3.451,17.8556,7.7222,0.3735
01-Oct-1967,0.04,3.409,15.5,6.7167,0.3413
02-Oct-1967,18.75,3.367,14.55,4.7944,0.3278
03-Oct-1967,0.48,3.325,12.4389,3.7333,0.4944
04-Oct-1967,0,3.283,13.95,0.4167,0.4353
05-Oct-1967,1.05,3.241,12.0611,3.1333,0.3735
06-Oct-1967,0.01,3.198,12.4722,-2.6111,0.3681
07-Oct-1967,0,3.156,17.3222,-1.4111,0.3601
08-Oct-1967,0,3.113,19.2778,0.7833,0.3466
09-Oct-1967,0,3.071,18.9,0.9278,0.3359
10-Oct-1967,0,3.028,20.0889,1.0444,0.3278
11-Oct-1967,0,2.986,21.3056,2.3722,0.3224
12-Oct-1967,0,2.943,19.5111,4.3389,0.3171
13-Oct-1967,0,2.9,20.4333,2.6667,0.3171
14-Oct-1967,0,2.857,16.7333,1.15,0.3117
15-Oct-1967,0,2.815,14.9778,-2.6667,0.3117
16-Oct-1967,0,2.772,18.4944,-2.0333,0.3117
17-Oct-1967,0,2.729,19.7222,-0.2944,0.3036
18-Oct-1967,0,2.687,19.3389,-0.4056,0.2983
19-Oct-1967,0,2.644,18.2444,-1.0778,0.2983
20-Oct-1967,0,2.602,19.5833,-0.7278,0.2983
21-Oct-1967,0,2.56,15.9722,0.8667,0.2929
22-Oct-1967,0,2.517,16.45,0.9167,0.2929
23-Oct-1967,0,2.475,17.3333,2.4056,0.2929
24-Oct-1967,0,2.433,17.7833,0.6556,0.2848
25-Oct-1967,0,2.391,16.9333,2.95,0.2795
26-Oct-1967,0,2.349,14.9333,-2.2056,0.2795
27-Oct-1967,0.03,2.308,16.4667,-1.2444,0.2848
28-Oct-1967,0.04,2.266,14.5778,2.5,0.2795
29-Oct-1967,0,2.225,11.8444,-3.5889,0.2795
30-Oct-1967,0,2.184,14.1222,-3.35,0.2795
31-Oct-1967,0,2.143,16.7667,-1.5944,0.2848
01-Nov-1967,0,2.103,18.0444,-2.2056,0.2795
02-Nov-1967,0,2.062,14.8278,-1.2167,0.2795
03-Nov-1967,0,2.022,17.8389,-2.9722,0.2795
04-Nov-1967,0,1.982,15.15,-0.8778,0.2795
05-Nov-1967,0.04,1.943,12.6944,2.7278,0.2795
06-Nov-1967,0.03,1.904,13.2111,-3.1167,0.2795
07-Nov-1967,0,1.865,14.3389,-2.2611,0.2795
08-Nov-1967,0,1.826,14.0778,-0.6611,0.2741
09-Nov-1967,0,1.787,12.2389,-2.6111,0.2741
10-Nov-1967,0,1.749,13.6722,-2.3056,0.2687
11-Nov-1967,0,1.712,14.0278,-2.5944,0.2741
12-Nov-1967,0,1.674,12.7889,-1.7,0.2687
13-Nov-1967,0.28,1.637,12.3667,1.7556,0.2687
14-Nov-1967,5.58,1.601,12.8778,4.3056,0.2848
15-Nov-1967,0,1.564,11.0889,-0.7222,0.3171
16-Nov-1967,0,1.528,10.4611,-1.7056,0.2929
17-Nov-1967,0.16,1.493,12.4222,-0.9722,0.2848
18-Nov-1967,11.8,1.458,9.9056,-0.7778,0.2929
19-Nov-1967,18.97,1.423,6.0222,-0.65,0.3466
20-Nov-1967,1.34,1.389,6.2722,0.5722,0.3735
21-Nov-1967,0.03,1.355,4.4889,-3.15,0.3278
22-Nov-1967,0,1.322,4.9944,-7.7389,0.2983
23-Nov-1967,0,1.289,6.5667,-6.2778,0.2795
24-Nov-1967,0,1.257,10.1278,-6.0778,0.2795
25-Nov-1967,0,1.225,9.0889,-5.2278,0.2848
26-Nov-1967,0,1.193,7.5222,-7.8722,0.2606
27-Nov-1967,4.8,1.163,8.5889,-8.5889,0.2499
28-Nov-1967,0.03,1.132,4.4444,-7.9556,0.2795
29-Nov-1967,18.74,1.102,1.8556,-8.8667,0.2499
30-Nov-1967,17.77,1.073,-1.3167,-8.6944,0.2848
01-Dec-1967,0.05,1.044,0.3833,-10.9333,0.2795
02-Dec-1967,0,1.016,4.8222,-10.4722,0.2848
03-Dec-1967,0.7,0.988,5.1389,-6.2722,0.3466
04-Dec-1967,12.18,0.961,4.6722,-3.4333,0.3036
05-Dec-1967,23.52,0.935,2.0444,-3.8278,0.3359
06-Dec-1967,0,0.909,2.2722,-10.2444,0.2311
07-Dec-1967,7.75,0.883,2.0667,-6.4333,0.3036
08-Dec-1967,0.04,0.858,1.4222,-8.6389,0.2687
09-Dec-1967,0,0.834,2.7,-10.6278,0.2553
10-Dec-1967,0,0.811,7.0611,-9.5944,0.2418
11-Dec-1967,0,0.788,7.45,-9.4111,0.215
12-Dec-1967,0,0.765,1.2722,-10.4389,0.1881
13-Dec-1967,0,0.743,-9.1167,-15.0722,0.1881
14-Dec-1967,0,0.722,-9.4667,-16.45,0.1747
15-Dec-1967,0,0.702,-2.4611,-14.8389,0.1881
16-Dec-1967,0,0.682,2.0778,-13.2056,0.2042
17-Dec-1967,5.33,0.663,-2.0278,-14.7778,0.2042
18-Dec-1967,15.72,0.644,-3.0778,-11.3056,0.2042
19-Dec-1967,4.54,0.627,-4.7167,-12.3056,0.2042
20-Dec-1967,0.54,0.609,-5.15,-14.3667,0.1773
21-Dec-1967,0,0.593,-3.1167,-15.3889,0.1612
22-Dec-1967,0,0.577,1.4722,-13.0833,0.1827
23-Dec-1967,0,0.562,5.3278,-10.4,0.215
24-Dec-1967,0,0.547,6.1667,-8.2333,0.2418
25-Dec-1967,0,0.534,8.6222,-7.1,0.2821
26-Dec-1967,0,0.521,8.2111,-7.4722,0.2983
27-Dec-1967,0,0.508,9.7333,-4.8222,0.309
28-Dec-1967,0,0.497,6.2611,-6.8056,0.3224
29-Dec-1967,0,0.486,4.7167,-7.8944,0.3359
30-Dec-1967,0,0.475,4.5111,-11.0389,0.3681
31-Dec-1967,0.51,0.466,5.9056,-10.5889,0.4084
01-Jan-1968,0,0.44,6.1833,-8.9389,0.4864
02-Jan-1968,0,0.442,2.1556,-10.0167,0.4031
03-Jan-1968,0,0.435,0.0722,-13.0444,0.3224
04-Jan-1968,0,0.429,2.7389,-12.9556,0.2956
05-Jan-1968,0,0.424,4.9444,-11.9278,0.2821
06-Jan-1968,0,0.419,3.6556,-11.7,0.3493
07-Jan-1968,0.01,0.416,5.0333,-12.15,0.3762
08-Jan-1968,0.77,0.413,3.6556,-10.05,0.3762
09-Jan-1968,0.16,0.41,5.8278,-4.1278,0.4031
10-Jan-1968,23.51,0.409,3.15,-2.9722,0.4487
11-Jan-1968,0.05,0.408,0.9389,-11.5944,0.352
12-Jan-1968,0,0.408,2.9611,-10.9167,0.3359
13-Jan-1968,0.03,0.409,6.9556,-7.2056,0.3896
14-Jan-1968,5.23,0.41,7.6222,-5.2111,0.5025
15-Jan-1968,16.43,0.412,7.2889,-0.5722,0.9243
16-Jan-1968,0.18,0.415,4.7,-1.6,0.833
17-Jan-1968,0.01,0.419,3.4611,-10.0444,0.3896
18-Jan-1968,0,0.423,6.65,-8.9833,0.3198
19-Jan-1968,0,0.428,10.3444,-6.3556,0.2983
20-Jan-1968,0,0.434,10.4944,-6.4722,0.2687
21-Jan-1968,0,0.44,9.8056,-5.4222,0.2633
22-Jan-1968,0,0.447,9.6222,-4.8167,0.258
23-Jan-1968,0,0.455,9.8444,-5.1778,0.2472
24-Jan-1968,0,0.464,10.2722,-6.2944,0.2472
25-Jan-1968,0,0.473,8.9222,-6.1333,0.258
26-Jan-1968,3.2,0.483,4.6389,-5.0167,0.2553
27-Jan-1968,10.05,0.494,-1.3111,-7.7889,0.2338
28-Jan-1968,0.17,0.506,-2.0778,-12.4056,0.223
29-Jan-1968,3.81,0.518,-0.4667,-9.5889,0.258
30-Jan-1968,56.86,0.531,-1.35,-4.6778,0.2875
31-Jan-1968,0.88,0.545,0.8778,-9.5889,0.2714
01-Feb-1968,0.34,0.559,0.3111,-13.7111,0.215
02-Feb-1968,1.51,0.574,6.5444,-8.2278,0.2687
03-Feb-1968,0,0.589,7.6111,-4.7778,0.2902
04-Feb-1968,0.01,0.606,8.0222,-6.2111,0.2687
05-Feb-1968,0.02,0.623,6.7833,-4.1667,0.2795
06-Feb-1968,0.16,0.641,6.6833,-3.2111,0.2687
07-Feb-1968,1,0.659,6.7833,-3.4778,0.2714
08-Feb-1968,0.4,0.678,5.9833,-5.5333,0.2714
09-Feb-1968,19.18,0.698,3.3333,-4.6889,0.3036
10-Feb-1968,0.54,0.718,2.65,-5.6056,0.2821
11-Feb-1968,1.5,0.739,4.7222,-4.0333,0.2848
12-Feb-1968,0,0.761,6.4667,-2.8333,0.3063
13-Feb-1968,4.34,0.783,2.2167,-4.7056,0.3036
14-Feb-1968,0.05,0.806,3.1222,-6.4056,0.2741
15-Feb-1968,0.04,0.829,4.5778,-7.8778,0.2633
16-Feb-1968,8.31,0.853,3.0889,-6.15,0.2633
17-Feb-1968,7.75,0.878,7.6667,-3.4611,0.3601
18-Feb-1968,1.45,0.903,10.75,-3.3389,0.4675
19-Feb-1968,20.98,0.929,8.5889,-0.3167,0.5186
20-Feb-1968,8.05,0.955,8.2778,1.35,2.0663
21-Feb-1968,7.99,0.982,7.5333,1.2,1.7654
22-Feb-1968,2.15,1.01,9.2167,0.7444,1.2763
23-Feb-1968,1.65,1.038,11.2889,1.6611,1.4214
24-Feb-1968,0,1.067,11.4722,-2.4722,1.2092
25-Feb-1968,0,1.096,12.0944,-2.8222,1.0453
26-Feb-1968,0,1.126,13.0167,-2.3389,1.0076
27-Feb-1968,0,1.156,12.3333,-2.6,0.962
28-Feb-1968,0,1.187,11.0833,-4.3833,0.8948
29-Feb-1968,0,1.218,12.4722,-5.1167,0.8599
01-Mar-1968,0,1.25,10.9278,-3.45,0.8437
02-Mar-1968,0,1.282,12.1111,-3.9222,0.79
03-Mar-1968,0,1.315,12.4111,-4.5778,0.7766
04-Mar-1968,0.05,1.348,12.2333,-4.4889,0.7792
05-Mar-1968,0.2,1.382,8.5111,-0.4167,0.7631
06-Mar-1968,0.22,1.416,5.9722,-7.35,0.7013
07-Mar-1968,11.99,1.451,4.8389,-3.4611,0.6852
08-Mar-1968,43.95,1.486,2.4333,-3.0833,0.6986
09-Mar-1968,0.19,1.521,3.5111,-5.0556,0.6583
10-Mar-1968,0,1.557,5.3944,-7.3056,0.5992
11-Mar-1968,0,1.593,7.3278,-7.9556,0.5858
12-Mar-1968,3.83,1.629,8.3056,-1.6722,0.6073
13-Mar-1968,13.54,1.666,3.6389,-4.4111,0.6073
14-Mar-1968,0.69,1.704,4.2167,-5.0556,0.5938
15-Mar-1968,0,1.741,7.7833,-8.2222,0.5643
16-Mar-1968,20.31,1.779,3.7722,-3.9722,0.6019
17-Mar-1968,2.93,1.818,2.2222,-5.6111,0.5428
18-Mar-1968,0.36,1.856,1.9889,-8.1278,0.5643
19-Mar-1968,0,1.895,3.7611,-9.6389,0.5293
20-Mar-1968,0,1.935,8.1111,-9.2778,0.5186
21-Mar-1968,0,1.974,10.9444,-8.4833,0.5643
22-Mar-1968,0,2.014,11.2333,-3.6833,0.6153
23-Mar-1968,0,2.054,10.0056,-3.4167,0.6153
24-Mar-1968,0.12,2.094,11.4667,-4.0833,0.6503
25-Mar-1968,1.08,2.135,8.9944,-3.0444,0.7174
26-Mar-1968,0,2.176,8.2167,-7.1944,0.704
27-Mar-1968,0,2.217,13.8944,-6.1778,0.6556
28-Mar-1968,0,2.258,16.5444,-2.9889,0.7309
29-Mar-1968,0.01,2.299,17.0889,-0.9056,0.919
30-Mar-1968,0.13,2.341,15.8611,-0.8889,1.2199
31-Mar-1968,0.04,2.382,14.6056,-1.7556,1.2656
01-Apr-1968,7.95,2.424,8.9556,0.5611,1.3731
02-Apr-1968,2.09,2.466,4.6167,-2.3056,1.1178
03-Apr-1968,0,2.508,9.1778,-4.4333,0.9808
04-Apr-1968,0.48,2.551,11.0333,-2.8444,0.9378
05-Apr-1968,0.83,2.593,7.9278,0.45,1.0076
06-Apr-1968,0.02,2.635,9.0278,-6.2,0.9163
07-Apr-1968,0,2.678,10.5278,-5.3056,0.8867
08-Apr-1968,0,2.72,12.7389,-4.6333,0.9002
09-Apr-1968,0,2.763,15.3222,-2.8333,0.9727
10-Apr-1968,0,2.806,17.7667,-1.45,1.1635
11-Apr-1968,0,2.848,16.1278,0.9833,1.4913
12-Apr-1968,0,2.891,13.3278,-2.0333,1.5289
13-Apr-1968,0,2.934,12.2222,-3.95,1.4698
14-Apr-1968,0,2.977,14.7944,-3.6889,1.4026
15-Apr-1968,0,3.019,12.1278,1.8611,1.588
16-Apr-1968,1.22,3.062,7.6778,-0.75,1.494
17-Apr-1968,1.24,3.104,2.3167,-7.7611,1.2763
18-Apr-1968,0.02,3.147,7.9833,-6.95,1.0856
19-Apr-1968,1.57,3.189,10.0278,-2.3167,1.0318
20-Apr-1968,0.27,3.232,8.25,-4.9111,1.0345
21-Apr-1968,0.4,3.274,4.7722,-8.8889,0.9861
22-Apr-1968,0,3.316,8.4389,-7.8,0.9109
23-Apr-1968,0,3.358,12.2778,-5.4444,0.9136
24-Apr-1968,0,3.4,11.4,-3.3944,0.9942
25-Apr-1968,0,3.442,14.3444,-2.6444,1.0694
26-Apr-1968,0,3.483,15.3278,-1.9,1.3059
27-Apr-1968,0,3.525,14.8944,-0.8111,1.4886
28-Apr-1968,0,3.566,18.3778,-2.8667,1.5343
29-Apr-1968,0,3.607,19.4222,-0.8778,1.8917
30-Apr-1968,0,3.648,18.0111,1.7,2.1738
01-May-1968,0,3.689,16.8778,-0.8833,2.2276
02-May-1968,0.1,3.729,17.5833,-0.3556,2.3431
03-May-1968,1.18,3.769,17.1556,0.7667,2.112
04-May-1968,0,3.809,15.8056,0.7,2.2087
05-May-1968,0,3.848,13.4889,-0.6667,2.3538
06-May-1968,0,3.888,11.5056,-5.0556,2.0207
07-May-1968,0,3.927,14.7389,-3.55,1.8917
08-May-1968,0.33,3.965,15.3,-0.1722,2.0448
09-May-1968,0.17,4.004,14.15,0.8556,2.1147
10-May-1968,0,4.042,14.85,-0.8278,1.8917
11-May-1968,17.8,4.08,11.5556,-1.9722,1.9723
12-May-1968,24.68,4.117,8.1,-0.6111,2.198
13-May-1968,16.34,4.154,4.1833,-1.2056,1.8863
14-May-1968,0.73,4.191,7.8778,-6.0444,1.6472
15-May-1968,0,4.227,12.7333,-3.9333,1.6095
16-May-1968,0,4.263,14.1667,-1.6444,1.674
17-May-1968,0,4.298,15.9611,-0.8667,1.7466
18-May-1968,0,4.333,18.4,1.8222,1.8702
19-May-1968,0.03,4.368,16.6056,4.5722,2.3888
20-May-1968,0.1,4.402,14.4889,6.9222,2.902
21-May-1968,0.07,4.436,11.45,4.5556,3.117
22-May-1968,0.4,4.469,8.9556,-1.9,2.5097
23-May-1968,0.03,4.502,9.4944,-3.1889,2.0368
24-May-1968,0.19,4.535,12.6167,-3.3278,1.8084
25-May-1968,0.53,4.566,16.4,2.5333,1.8218
26-May-1968,0,4.598,19.7833,1.5444,2.0771
27-May-1968,0,4.629,22.3944,3.1278,2.378
28-May-1968,0,4.659,22.3778,4.4722,2.7677
29-May-1968,0,4.689,20.5389,4.2667,3.0095
30-May-1968,0,4.718,19.4167,4.6833,2.7677
31-May-1968,0,4.747,20.9222,2.9333,2.5151
01-Jun-1968,0,4.775,22.3333,3.8444,2.5016
02-Jun-1968,0.06,4.803,23.45,5.9389,2.644
03-Jun-1968,0,4.83,20.6556,6.5222,2.7677
04-Jun-1968,0,4.857,18.0444,3.5,2.5608
05-Jun-1968,0.72,4.883,13.3389,5.0167,2.2276
06-Jun-1968,2.45,4.908,11.1889,0.9667,1.7923
07-Jun-1968,2.69,4.933,9.8056,1.4778,1.6472
08-Jun-1968,1.69,4.957,13.6,0.3944,1.4913
09-Jun-1968,0,4.981,15.1889,-0.6333,1.3999
10-Jun-1968,0,5.004,17.9,1.8278,1.365
11-Jun-1968,0,5.026,17.8333,3.9944,1.4429
12-Jun-1968,0,5.048,18.6889,4.1,1.494
13-Jun-1968,0,5.069,19.5,3.4556,1.4591
14-Jun-1968,0,5.089,21.8333,2.9889,1.4053
15-Jun-1968,0,5.109,22.7444,4.3556,1.4859
16-Jun-1968,0,5.128,24.9556,5.9556,1.4591
17-Jun-1968,0.49,5.147,25.7833,6.8,1.5021
18-Jun-1968,0,5.165,25.4833,7.2278,1.4725
19-Jun-1968,0,5.182,24.2444,8.0722,1.451
20-Jun-1968,0,5.198,23.6167,7.3,1.3032
21-Jun-1968,0,5.214,25.3,6.25,1.1823
22-Jun-1968,0.2,5.229,26.5056,7.9278,1.1366
23-Jun-1968,0.01,5.244,24.6722,6.3722,1.1124
24-Jun-1968,0.01,5.258,24.3778,7.5222,1.0318
25-Jun-1968,0,5.271,27.4389,6.6944,0.9163
26-Jun-1968,0,5.283,28.1722,8.7278,0.8572
27-Jun-1968,0,5.295,26.3056,9.4944,0.7981
28-Jun-1968,0,5.306,23.6333,7.1056,0.747
29-Jun-1968,0,5.316,18.9778,2.5722,0.6771
30-Jun-1968,0,5.325,20.8556,0.1722,0.6341
01-Jul-1968,0,5.334,23.65,4.0833,0.5965
02-Jul-1968,0.08,5.342,23.3611,7.0833,0.5508
03-Jul-1968,0,5.35,24.3111,7.8056,0.5159
04-Jul-1968,0,5.356,25.9889,8.1,0.4917
05-Jul-1968,0.08,5.362,27.3389,9.2389,0.481
06-Jul-1968,0.62,5.367,26.7167,9.2,0.4702
07-Jul-1968,1.63,5.372,26.75,11.1722,0.4568
08-Jul-1968,0.96,5.376,25.8056,11.7944,0.4622
09-Jul-1968,0.75,5.379,23.6889,11.7833,0.4219
10-Jul-1968,0.02,5.381,24.3722,6.8111,0.4272
11-Jul-1968,0.38,5.382,24.7722,9.0556,0.4004
12-Jul-1968,0,5.383,22.7722,11.2444,0.3896
13-Jul-1968,0.09,5.383,22.95,8.2222,0.3762
14-Jul-1968,0,5.383,23.4889,7.3667,0.3654
15-Jul-1968,0,5.381,23.2944,7.5556,0.3574
16-Jul-1968,0,5.379,22.2833,6.2833,0.352
17-Jul-1968,0,5.376,24.0444,4.8111,0.3547
18-Jul-1968,0,5.373,26.9667,7.7722,0.3413
19-Jul-1968,0.09,5.368,25.9889,8.8944,0.3198
20-Jul-1968,0,5.363,26.4111,7.6056,0.309
21-Jul-1968,0,5.358,26.1333,8.2222,0.3117
22-Jul-1968,0,5.351,26.5889,7.7222,0.3171
23-Jul-1968,0,5.344,26.2222,7.9778,0.3654
24-Jul-1968,0,5.336,26.0333,8.6889,0.352
25-Jul-1968,0,5.327,26.4833,8.6278,0.3332
26-Jul-1968,0.02,5.318,27.5944,9.3167,0.3144
27-Jul-1968,0.46,5.308,28.0611,10.65,0.309
28-Jul-1968,0.39,5.297,27.5778,11.8278,0.3359
29-Jul-1968,1.15,5.286,25.9056,14.6,0.3198
30-Jul-1968,0.54,5.273,23.4667,14.5222,0.2741
31-Jul-1968,6.12,5.26,20.4556,12.9167,0.2848
01-Aug-1968,0.02,5.247,23.45,9.4333,0.3547
02-Aug-1968,0.05,5.232,25.3278,9.9611,0.3332
03-Aug-1968,0.11,5.217,25.4889,9.9833,0.3198
04-Aug-1968,0.05,5.202,24.95,7.1889,0.2956
05-Aug-1968,0,5.185,24.5222,7.9167,0.2687
06-Aug-1968,0.54,5.168,26.5222,7.7667,0.2391
07-Aug-1968,0,5.151,25.9556,9.2444,0.2499
08-Aug-1968,0.34,5.132,24.4222,11.1778,0.2526
09-Aug-1968,0.01,5.113,23.7444,10.1778,0.2553
10-Aug-1968,0.58,5.094,23.8667,9.0167,0.258
11-Aug-1968,0.01,5.073,24.4,8.2833,0.2526
12-Aug-1968,2.4,5.052,23.4,9.4444,0.2445
13-Aug-1968,0.41,5.031,18.2611,7.0778,0.2848
14-Aug-1968,0.07,5.009,15.8611,2.7722,0.309
15-Aug-1968,0.04,4.986,18.1611,2.1333,0.3063
16-Aug-1968,0.53,4.962,16.9,5.9389,0.3009
17-Aug-1968,0.01,4.938,16.8111,1.0389,0.2929
18-Aug-1968,1.09,4.913,14.5444,5.15,0.2848
19-Aug-1968,6.01,4.888,13.2222,7.8722,0.3198
20-Aug-1968,0,4.862,11.7778,5.0944,0.4595
21-Aug-1968,2.19,4.836,11.1278,-1.05,0.3574
22-Aug-1968,0.08,4.809,14.5278,-2.0389,0.3359
23-Aug-1968,0,4.781,19.1667,0.6333,0.3144
24-Aug-1968,0,4.753,21.2167,2.8944,0.3036
25-Aug-1968,0,4.724,19.7667,4.8722,0.2768
26-Aug-1968,0,4.695,20.8611,5.7944,0.2714
27-Aug-1968,0,4.665,21.3889,4.2333,0.2606
28-Aug-1968,0,4.635,22.8667,4.0444,0.2445
29-Aug-1968,0,4.604,23.9,6.3389,0.258
30-Aug-1968,0.11,4.573,26.2444,7.1,0.2633
31-Aug-1968,0,4.541,26.7778,6.8944,0.2472
01-Sep-1968,0,4.509,26.3333,8.9167,0.2338
02-Sep-1968,0,4.476,25.0278,9.0056,0.2311
03-Sep-1968,0,4.443,23.6389,5.8833,0.2257
04-Sep-1968,0,4.409,23.9333,5.25,0.2257
05-Sep-1968,0,4.375,25.3722,5.95,0.2257
06-Sep-1968,0,4.341,25.8444,7.0611,0.2177
07-Sep-1968,0,4.306,25.5222,6.7389,0.215
08-Sep-1968,0,4.27,25.6056,7.8167,0.2069
09-Sep-1968,0,4.235,24.3111,8.75,0.1639
10-Sep-1968,0,4.198,22.8944,6.5222,0.1639
11-Sep-1968,0.04,4.162,23.6,5.3944,0.1827
12-Sep-1968,0,4.125,23.5444,4.25,0.1773
13-Sep-1968,0,4.088,21.95,4.1333,0.1881
14-Sep-1968,0.05,4.05,20.1444,6.3333,0.18
15-Sep-1968,0,4.012,19.6611,2.8222,0.1639
16-Sep-1968,0,3.974,18.9667,1.3944,0.1451
17-Sep-1968,0,3.935,21.3667,3.3778,0.1397
18-Sep-1968,0,3.896,22.25,4.7389,0.137
19-Sep-1968,1.36,3.857,18.5611,7.0056,0.1317
20-Sep-1968,0.71,3.817,11.5611,-1.55,0.137
21-Sep-1968,0,3.777,9.2889,-4.0944,0.1451
22-Sep-1968,0,3.737,13.0667,-3.8667,0.1478
23-Sep-1968,0,3.697,18.1056,-1.2778,0.1478
24-Sep-1968,0,3.656,21.3556,0.9889,0.1478
25-Sep-1968,0,3.616,22.65,2.5778,0.1478
26-Sep-1968,0,3.575,23.5278,3.6056,0.1451
27-Sep-1968,0,3.534,23.2889,4.1778,0.1397
28-Sep-1968,0,3.492,20.0611,2.7056,0.137
29-Sep-1968,3.32,3.451,13.9167,0.8278,0.137
30-Sep-1968,0.06,3.409,15.4556,-0.1833,0.1612
01-Oct-1968,0,3.367,17.4333,0.5556,0.1693
02-Oct-1968,0,3.325,19.3444,2.2056,0.1585
03-Oct-1968,0,3.283,20,2.2833,0.1505
04-Oct-1968,0,3.241,19.6167,3.0611,0.1505
05-Oct-1968,0,3.198,18.9278,1.3611,0.1451
06-Oct-1968,0,3.156,16.3833,2.5944,0.1451
07-Oct-1968,0,3.113,14.0778,-1.5,0.1505
08-Oct-1968,0,3.071,11.5611,-5.1667,0.1451
09-Oct-1968,0,3.028,14.9278,-2.9389,0.1505
10-Oct-1968,0,2.986,16.7278,0.9722,0.1532
11-Oct-1968,0.17,2.943,14.85,5.0944,0.1451
12-Oct-1968,6.56,2.9,11.1333,3.4833,0.1451
13-Oct-1968,15.68,2.857,9.2278,4.8056,0.1827
14-Oct-1968,1.73,2.815,7.3889,0,0.2687
15-Oct-1968,0.01,2.772,8.65,-5.7333,0.2472
16-Oct-1968,0,2.729,10.7444,-3.3444,0.2069
17-Oct-1968,0,2.687,13.7833,-1.8667,0.2069
18-Oct-1968,0,2.644,13.8722,-1.25,0.2015
19-Oct-1968,0,2.602,15.5056,-2.6333,0.1962
20-Oct-1968,0,2.56,15.2056,0.2278,0.1881
21-Oct-1968,0,2.517,15.6444,-2.6167,0.1827
22-Oct-1968,0,2.475,16.5111,-1.7167,0.1827
23-Oct-1968,0,2.433,17.2167,-0.2778,0.1773
24-Oct-1968,0,2.391,18.5389,-0.1278,0.1773
25-Oct-1968,0,2.349,19.7056,0.3833,0.1773
26-Oct-1968,0,2.308,19.1167,1.2778,0.1693
27-Oct-1968,0,2.266,19.4833,0.0722,0.1693
28-Oct-1968,0.01,2.225,19.5556,1.3556,0.1693
29-Oct-1968,6.18,2.184,13.8944,3.6389,0.1639
30-Oct-1968,0.42,2.143,8.1556,-2.6222,0.1773
31-Oct-1968,0,2.103,7.1278,-4.5556,0.1935
01-Nov-1968,0.02,2.062,9.7,-6.2889,0.1827
02-Nov-1968,22.01,2.022,8.15,-0.1111,0.1827
03-Nov-1968,34.52,1.982,6.0556,1.55,0.8169
04-Nov-1968,0.02,1.943,7.4056,-5.4333,0.524
05-Nov-1968,0.02,1.904,8.1056,-3.0444,0.3574
06-Nov-1968,0.01,1.865,6.1944,-6.2056,0.2956
07-Nov-1968,0,1.826,8.4944,-2.6111,0.2821
08-Nov-1968,0,1.787,13.4167,-3.5333,0.2687
09-Nov-1968,0.01,1.749,14.1167,-1.2944,0.2902
10-Nov-1968,0,1.712,13.5,-2.8,0.3144
11-Nov-1968,9.15,1.674,13.5056,-2.6333,0.2956
12-Nov-1968,18.85,1.637,8.3833,-3.8056,0.4031
13-Nov-1968,0,1.601,1.9111,-6.1,0.3735
14-Nov-1968,8.01,1.564,-0.35,-10.1667,0.2821
15-Nov-1968,1.34,1.528,5.9889,-5.5333,0.309
16-Nov-1968,0.07,1.493,6.65,-4.6778,0.3144
17-Nov-1968,0,1.458,6.5944,-3.4056,0.3009
18-Nov-1968,6.49,1.423,7.3667,-2.5,0.3574
19-Nov-1968,0.01,1.389,8.4222,-3.15,0.6046
20-Nov-1968,0,1.355,8.8611,-2.7389,0.4353
21-Nov-1968,0,1.322,10.4389,-3.1556,0.3869
22-Nov-1968,0.25,1.289,11.8111,-1.0778,0.3654
23-Nov-1968,0,1.257,9.2722,-2.3056,0.3735
24-Nov-1968,9.62,1.225,4.6611,-3.7167,0.3654
25-Nov-1968,0.49,1.193,-0.45,-6.4333,0.3009
26-Nov-1968,0.01,1.163,2.6889,-9.6778,0.2821
27-Nov-1968,0,1.132,4.8,-8.8778,0.2633
28-Nov-1968,0,1.102,4.3,-10.2056,0.2418
29-Nov-1968,0.25,1.073,6.7056,-9.7611,0.2177
30-Nov-1968,2.5,1.044,3.7389,-5.2556,0.2768
01-Dec-1968,4.25,1.016,1.3722,-4.8056,0.2902
02-Dec-1968,0.01,0.988,1.7389,-12.9667,0.2123
03-Dec-1968,0,0.961,7.1222,-11.1056,0.1693
04-Dec-1968,0,0.935,9.6667,-8.1444,0.2177
05-Dec-1968,0,0.909,9.5444,-6.9722,0.2418
06-Dec-1968,0,0.883,7.4111,-7.7167,0.2418
07-Dec-1968,0.02,0.858,9.7778,-5.9278,0.2633
08-Dec-1968,0.01,0.834,9.2778,-2.0222,0.2633
09-Dec-1968,0.14,0.811,9.3444,-3.3389,0.2526
10-Dec-1968,24.61,0.788,7.0778,-1.9222,0.258
11-Dec-1968,5.63,0.765,1.0889,-8.05,0.2902
12-Dec-1968,0.03,0.743,-0.6722,-14.1111,0.1962
13-Dec-1968,2.98,0.722,3.5,-11.5444,0.215
14-Dec-1968,6.78,0.702,4.2056,-4.4667,0.2418
15-Dec-1968,25.92,0.682,2.4444,-3.1944,0.3009
16-Dec-1968,6.9,0.663,-1.1278,-12.4167,0.2472
17-Dec-1968,0.21,0.644,-1.7778,-11.5111,0.2902
18-Dec-1968,3.24,0.627,1.1778,-10.65,0.2902
19-Dec-1968,12.37,0.609,-2.7333,-10.9,0.309
20-Dec-1968,0.28,0.593,-6.8889,-15.5333,0.2526
21-Dec-1968,0.09,0.577,-4.85,-14.3167,0.1881
22-Dec-1968,0.44,0.562,-0.3722,-13.3,0.2687
23-Dec-1968,10.59,0.547,2.8778,-6.5222,0.215
24-Dec-1968,13.28,0.534,3.4722,-2.5556,0.2418
25-Dec-1968,51.56,0.521,-0.0778,-5.0667,0.2687
26-Dec-1968,3.52,0.508,-1.6,-10.5833,0.2902
27-Dec-1968,1.28,0.497,-0.3722,-13.7667,0.215
28-Dec-1968,5.42,0.486,1.6611,-5.95,0.2821
29-Dec-1968,0.02,0.475,2.5722,-10.5389,0.2821
30-Dec-1968,0,0.466,3.1278,-9.7556,0.309
31-Dec-1968,0,0.457,5.0833,-9.0056,0.3009
01-Jan-1969,0,0.44,8.1222,-5.8167,0.3009
02-Jan-1969,0,0.442,6.3611,-4.2556,0.3009
03-Jan-1969,0,0.435,8.8056,-4.3611,0.3009
04-Jan-1969,0,0.429,8.7667,-4.5167,0.309
05-Jan-1969,0,0.424,10.0889,-4.1556,0.3144
06-Jan-1969,0,0.419,12.1611,-3.5611,0.3359
07-Jan-1969,0.22,0.416,12.3444,-1.8333,0.3547
08-Jan-1969,0.04,0.413,6.8889,-6.1167,0.3654
09-Jan-1969,0,0.41,5.3778,-9.5111,0.309
10-Jan-1969,0.02,0.409,5.8056,-6.9833,0.3144
11-Jan-1969,4.42,0.408,4.4056,-3.8889,0.3224
12-Jan-1969,9.82,0.408,7.4833,0.0722,0.4111
13-Jan-1969,29.94,0.409,5.2333,1.5667,0.6771
14-Jan-1969,12.35,0.41,5.4833,-0.5056,0.8061
15-Jan-1969,0.03,0.412,4.1778,-3.6833,0.524
16-Jan-1969,0,0.415,3.9722,-5.5111,0.4272
17-Jan-1969,0.01,0.419,5.9333,-7.8722,0.3816
18-Jan-1969,43.83,0.423,4.8389,-7.3167,0.395
19-Jan-1969,88.33,0.428,4.2667,-1.4667,2.4076
20-Jan-1969,57.34,0.434,4.5667,1.1,3.3051
21-Jan-1969,115.32,0.44,2.5444,-0.8611,4.9979
22-Jan-1969,2.93,0.447,-0.8611,-4.3111,1.7036
23-Jan-1969,4.3,0.455,-2.7556,-10.2056,1.0748
24-Jan-1969,31.04,0.464,0.1278,-8,0.9243
25-Jan-1969,98.73,0.473,2.6,-3.7556,2.4425
26-Jan-1969,48.99,0.483,1.2167,-4.7167,3.9499
27-Jan-1969,3.53,0.494,-2.8667,-6.1167,1.5907
28-Jan-1969,19.75,0.506,-4.8889,-9.05,1.2092
29-Jan-1969,1.88,0.518,-4.2444,-13.9444,0.9458
30-Jan-1969,5.43,0.531,-1.2833,-11.6167,0.8813
31-Jan-1969,0.1,0.545,-0.5111,-13.4778,0.7631
01-Feb-1969,1.76,0.559,0.4111,-10.5333,0.7524
02-Feb-1969,0.1,0.574,0.8222,-11.9611,0.6664
03-Feb-1969,0.6,0.589,1.4389,-11.3944,0.6207
04-Feb-1969,0.01,0.606,3.3556,-10.95,0.6207
05-Feb-1969,14.45,0.623,0.2333,-6.4167,0.6126
06-Feb-1969,27.24,0.641,-0.4944,-6.4278,0.6126
07-Feb-1969,0.11,0.659,-1.5944,-13.0167,0.5562
08-Feb-1969,0.36,0.678,2.25,-12.9778,0.5482
09-Feb-1969,0.44,0.698,3.2222,-6.2167,0.5401
10-Feb-1969,0.06,0.718,5.4667,-4.7056,0.4971
11-Feb-1969,2.09,0.739,4.7556,-4.3167,0.4837
12-Feb-1969,1.08,0.761,2.3556,-3.2611,0.4837
13-Feb-1969,0.03,0.783,0.9167,-11.0333,0.4837
14-Feb-1969,8.3,0.806,0.4278,-6.7722,0.4702
15-Feb-1969,40.69,0.829,-0.6167,-3.4222,0.4568
16-Feb-1969,0.44,0.853,0.9278,-8.0111,0.4434
17-Feb-1969,1.15,0.878,2.25,-10.4444,0.4568
18-Feb-1969,8.93,0.903,-0.5611,-6.65,0.5723
19-Feb-1969,4.51,0.929,-0.1889,-4.5556,0.5482
20-Feb-1969,6.5,0.955,0.5222,-7.2222,0.524
21-Feb-1969,0.56,0.982,-0.9833,-11.7722,0.5079
22-Feb-1969,0.14,1.01,-0.2944,-11.5333,0.5079
23-Feb-1969,14.7,1.038,-2.25,-8.0444,0.5079
24-Feb-1969,63.79,1.067,-2.2222,-7.6278,0.5159
25-Feb-1969,11.98,1.096,-1.4556,-9.5167,0.4353
26-Feb-1969,4.88,1.126,-0.5,-9.7944,0.4917
27-Feb-1969,0.78,1.156,0.5167,-12.0278,0.4917
28-Feb-1969,11.88,1.187,1.0333,-7.5389,0.5159
01-Mar-1969,0.74,1.218,2.0333,-8.1278,0.4998
02-Mar-1969,4.72,1.25,0.4556,-10.0667,0.4756
03-Mar-1969,9.91,1.282,-0.9389,-9.0167,0.4998
04-Mar-1969,1.75,1.315,0.7167,-7.1167,0.4917
05-Mar-1969,1.5,1.348,3.7889,-9.1556,0.4595
06-Mar-1969,1.37,1.382,1.5111,-8.1833,0.5079
07-Mar-1969,0.07,1.416,-0.7833,-10.95,0.4756
08-Mar-1969,0.16,1.451,-1.0056,-12.35,0.4353
09-Mar-1969,13.24,1.486,-2.1722,-10.1889,0.4756
10-Mar-1969,2.69,1.521,-0.8333,-10.1778,0.4756
11-Mar-1969,0.2,1.557,0.3556,-11.2611,0.4353
12-Mar-1969,5.28,1.593,-0.9889,-7.9,0.4675
13-Mar-1969,1.25,1.629,-0.2833,-9.6056,0.4675
14-Mar-1969,0,1.666,3.4667,-11.2056,0.4272
15-Mar-1969,0,1.704,5.7556,-9.3,0.4675
16-Mar-1969,0,1.741,8.05,-6.9444,0.532
17-Mar-1969,0.21,1.779,6.4333,-2.3389,0.6771
18-Mar-1969,0,1.818,5.2444,-3.1556,0.9458
19-Mar-1969,0.29,1.856,5.1611,-9.2778,0.8813
20-Mar-1969,4.15,1.895,4.4389,-6.1389,0.8169
21-Mar-1969,10.51,1.935,3.3333,-4.5667,0.7094
22-Mar-1969,0.02,1.974,8.9056,-5.8833,0.6449
23-Mar-1969,0.04,2.014,8.7111,-5.0722,0.8276
24-Mar-1969,0,2.054,6.8833,-7.1444,0.8921
25-Mar-1969,0,2.094,9.4,-8.4611,0.9136
26-Mar-1969,0,2.135,11.7278,-6.0333,1.0641
27-Mar-1969,0.03,2.176,13.5278,-4.2389,1.3973
28-Mar-1969,0.03,2.217,14.6111,-2.9667,1.8648
29-Mar-1969,0,2.258,13.7833,-2.0222,2.4237
30-Mar-1969,0.06,2.299,14.2111,0.1444,3.2244
31-Mar-1969,0.09,2.341,11.9889,2.2722,4.6486
01-Apr-1969,0,2.382,11.3667,-3.4667,4.2455
02-Apr-1969,1.23,2.424,8.6333,-2.9722,3.4663
03-Apr-1969,0.09,2.466,7.9944,-3.9222,2.8751
04-Apr-1969,0,2.508,12.0889,-4.0944,2.8483
05-Apr-1969,29.86,2.551,6.4889,-1.3722,3.2782
06-Apr-1969,3.04,2.593,2.5778,-6.0889,2.5742
07-Apr-1969,0.02,2.635,6.7167,-9.3389,2.1416
08-Apr-1969,0,2.678,9.9722,-7.5778,2.0099
09-Apr-1969,0,2.72,9.4444,-3.7833,1.9938
10-Apr-1969,0,2.763,12.2944,-3.65,2.0583
11-Apr-1969,0,2.806,14.3222,-2.6056,2.4049
12-Apr-1969,0.05,2.848,12.3333,-1.0333,2.8483
13-Apr-1969,0.13,2.891,10.2,-4.1,3.0901
14-Apr-1969,0.59,2.934,6.7889,-2.85,2.8483
15-Apr-1969,0,2.977,7.4,-4.9333,2.4237
16-Apr-1969,0.09,3.019,12.2667,-4.4722,2.3109
17-Apr-1969,0.27,3.062,13.1556,-2.6444,2.5366
18-Apr-1969,0.27,3.104,9.6889,-2.1167,2.9289
19-Apr-1969,0.02,3.147,16.2722,-3.1667,2.7945
20-Apr-1969,0,3.189,19.0944,-0.4111,3.3857
21-Apr-1969,0,3.232,19.0778,1.3056,4.1649
22-Apr-1969,0,3.274,15.4556,1.7333,5.0516
23-Apr-1969,18.09,3.316,8.1667,-0.8889,4.971
24-Apr-1969,2.76,3.358,4.0444,-5.15,3.6812
25-Apr-1969,0,3.4,7,-7.9389,3.0901
26-Apr-1969,0,3.442,9.8056,-4.8722,2.7945
27-Apr-1969,0,3.483,13.5556,-4.4,2.687
28-Apr-1969,0,3.525,15.0389,-1.7667,2.902
29-Apr-1969,0,3.566,14.3889,1.4111,3.5738
30-Apr-1969,0,3.607,14.0944,-1.7389,3.9499
01-May-1969,0.19,3.648,12.0944,-0.6111,4.1649
02-May-1969,0.72,3.689,9.8389,-2.6,4.1918
03-May-1969,2.07,3.729,7.7556,-2.6611,3.6006
04-May-1969,2.6,3.769,9.5889,-2.2056,3.2782
05-May-1969,0.09,3.809,15.3333,-0.2111,3.0095
06-May-1969,0,3.848,18.0722,0.6333,3.7887
07-May-1969,0,3.888,19.1778,1.2167,4.8635
08-May-1969,0,3.927,20.5444,2.1444,5.6965
09-May-1969,0.5,3.965,20.0833,3.4556,6.7176
10-May-1969,0.77,4.004,20.3778,3.3222,6.9326
11-May-1969,11.25,4.042,19.0389,2.8222,7.04
12-May-1969,2.52,4.08,17.1111,3.1056,7.2819
13-May-1969,0,4.117,15.7778,2.6944,7.873
14-May-1969,0,4.154,13.6611,2.3611,7.9805
15-May-1969,0,4.191,16.8667,-1.2222,7.0669
16-May-1969,0,4.227,20.0889,0.9278,6.9594
17-May-1969,0,4.263,20.4333,3.9222,7.6043
18-May-1969,0,4.298,17.3222,3.6611,8.1149
19-May-1969,0,4.333,16.3278,0.9556,7.7655
20-May-1969,3.14,4.368,17.4056,0.0611,7.0669
21-May-1969,0,4.402,19.0056,1.4833,7.0132
22-May-1969,0.03,4.436,21.0611,3.3056,7.3625
23-May-1969,0,4.469,20.8333,3.3889,8.2223
24-May-1969,0,4.502,18.9667,3.8889,8.6523
25-May-1969,0.23,4.535,17.2278,2.4778,8.6254
26-May-1969,0.04,4.566,16.2,5.0278,8.7329
27-May-1969,0,4.598,16.4333,4.7889,8.8672
28-May-1969,0,4.629,19.5722,0.7222,8.0343
29-May-1969,0,4.659,22.4222,2.6389,7.3894
30-May-1969,0,4.689,22.6611,4.45,7.7387
31-May-1969,0,4.718,22.0778,4.7667,7.9805
01-Jun-1969,0.75,4.747,21.4278,4.1333,7.8999
02-Jun-1969,0,4.775,22.7889,4.9778,7.6043
03-Jun-1969,0.06,4.803,24.2389,5.1444,7.9268
04-Jun-1969,0.51,4.83,23.0389,6.5889,8.1149
05-Jun-1969,0,4.857,22.3278,5.7167,7.8462
06-Jun-1969,0.1,4.883,21.4222,4.3778,8.0343
07-Jun-1969,0.32,4.908,20.4667,4.65,7.6043
08-Jun-1969,7.44,4.933,14.0444,6.4833,7.3894
09-Jun-1969,2.88,4.957,10.5111,2.0222,6.2071
10-Jun-1969,0.04,4.981,11.6722,2.9722,5.2666
11-Jun-1969,2.02,5.004,11.7333,3.7222,4.6217
12-Jun-1969,0.39,5.026,15.85,3.6611,4.2187
13-Jun-1969,1.15,5.048,18.0222,4.9111,4.4605
14-Jun-1969,2.23,5.069,18.7333,5.4111,4.4605
15-Jun-1969,14.04,5.089,17.8611,5.4944,4.8367
16-Jun-1969,13.4,5.109,14.7167,4.3778,6.0458
17-Jun-1969,4.05,5.128,13.2611,5.0944,5.186
18-Jun-1969,9.08,5.147,15.5444,5.5944,4.6486
19-Jun-1969,0.15,5.165,17.9944,4.6333,4.7561
20-Jun-1969,0,5.182,17.3667,4.5833,4.7023
21-Jun-1969,0,5.198,18.0833,3.8722,4.4874
22-Jun-1969,0,5.214,19.5056,4.9056,4.2455
23-Jun-1969,0.01,5.229,17.7944,5.6333,4.4605
24-Jun-1969,0,5.244,16.5722,5.1278,4.1918
25-Jun-1969,0.01,5.258,14.6667,4.6889,3.9768
26-Jun-1969,0.01,5.271,15.4111,0.3,3.52
27-Jun-1969,0,5.283,15.2556,2.5,3.2513
28-Jun-1969,0,5.295,15.7944,-1.3333,3.0095
29-Jun-1969,0.01,5.306,18.7167,0.4111,2.7945
30-Jun-1969,0.01,5.316,22.7611,2.4,2.7677
01-Jul-1969,0,5.325,23.2444,4.3,2.8483
02-Jul-1969,0,5.334,22.3389,7.2778,2.902
03-Jul-1969,0,5.342,21.5889,4.3833,2.9289
04-Jul-1969,0,5.35,21.7278,3.9611,2.7139
05-Jul-1969,0,5.356,20.7556,4.0611,2.6494
06-Jul-1969,0.47,5.362,19.2722,5.3778,2.6118
07-Jul-1969,2.04,5.367,19.75,4.4667,2.5366
08-Jul-1969,4.91,5.372,21.2389,5.5722,2.5742
09-Jul-1969,0.61,5.376,22.2278,5.6444,2.7139
10-Jul-1969,0,5.379,23.5667,6.8611,2.5742
11-Jul-1969,0,5.381,24.55,7.7278,2.5554
12-Jul-1969,0.02,5.382,24,8.8667,2.5366
13-Jul-1969,2.4,5.383,23.1556,9.3889,2.6682
14-Jul-1969,0,5.383,22.8444,8.4889,2.8214
15-Jul-1969,0,5.383,23.9,7.3611,2.593
16-Jul-1969,0,5.381,25.2222,6.0889,2.3297
17-Jul-1969,0,5.379,26.2278,8.1,2.1066
18-Jul-1969,0,5.376,26.5556,8.8667,2.0422
19-Jul-1969,0.19,5.373,27.4222,11.1944,2.026
20-Jul-1969,0,5.368,27.7556,11.2333,1.9615
21-Jul-1969,0,5.363,28.3333,10.4778,1.8809
22-Jul-1969,0.58,5.358,27.8,11.6167,1.9454
23-Jul-1969,6.84,5.351,25.8278,14.0278,1.8648
24-Jul-1969,0,5.344,25.0611,11.0278,1.7842
25-Jul-1969,0.01,5.336,25.3,9.8889,1.6391
26-Jul-1969,0,5.327,26.3278,9.2389,1.4779
27-Jul-1969,0,5.318,24.5389,10.0778,1.3973
28-Jul-1969,0.82,5.308,25.4222,9.2333,1.3032
29-Jul-1969,0,5.297,25.8056,10.5944,1.2763
30-Jul-1969,0,5.286,26.6278,8.1,1.2092
31-Jul-1969,0,5.273,26.6778,6.9778,1.0883
01-Aug-1969,0,5.26,27.5389,7.1278,1.0211
02-Aug-1969,0,5.247,28.5278,9.3889,0.9781
03-Aug-1969,0,5.232,28.2556,9.6389,0.9351
04-Aug-1969,0,5.217,26.05,9.35,0.8813
05-Aug-1969,0,5.202,25.9833,6.3222,0.8491
06-Aug-1969,0,5.185,26.2,4.8222,0.8169
07-Aug-1969,0,5.168,26.8333,5.6944,0.7846
08-Aug-1969,0,5.151,28.2944,5.6222,0.7416
09-Aug-1969,0,5.132,28.9,8.2778,0.7094
10-Aug-1969,0.08,5.113,27.0222,10.5333,0.6986
11-Aug-1969,0,5.094,25.9333,10.5167,0.6986
12-Aug-1969,0,5.073,25.1389,6.4,0.6879
13-Aug-1969,0,5.052,26.9222,6.85,0.6556
14-Aug-1969,0,5.031,27.0611,9.8,0.6556
15-Aug-1969,0,5.009,26.5722,9.8944,0.6664
16-Aug-1969,0.11,4.986,26.6722,9.1222,0.6556
17-Aug-1969,0.08,4.962,24.7944,10.2667,0.6556
18-Aug-1969,0,4.938,24.15,6.5944,0.7309
19-Aug-1969,0,4.913,25.2833,5.9722,0.6879
20-Aug-1969,0,4.888,26.7667,6.7389,0.6664
21-Aug-1969,0,4.862,27.4667,8.1833,0.6368
22-Aug-1969,0,4.836,28.2,8.9389,0.6207
23-Aug-1969,0,4.809,27.2722,8.7333,0.5965
24-Aug-1969,0,4.781,25.1,9.0611,0.5885
25-Aug-1969,0,4.753,25.2889,6.1611,0.5804
26-Aug-1969,0,4.724,24.5722,4.9556,0.5723
27-Aug-1969,0,4.695,24.6889,3.8167,0.5723
28-Aug-1969,0,4.665,22.4333,4.2389,0.6207
29-Aug-1969,0,4.635,21.25,2.6444,0.5965
30-Aug-1969,0,4.604,24.1889,3.9056,0.5965
31-Aug-1969,0,4.573,25.5778,5.2944,0.5965
01-Sep-1969,0,4.541,26.7833,7.2944,0.5804
02-Sep-1969,0,4.509,26.7889,8.4111,0.5804
03-Sep-1969,0,4.476,24.8889,9.6611,0.5643
04-Sep-1969,0,4.443,24.3278,5.85,0.5401
05-Sep-1969,0.02,4.409,24.6833,7.3778,0.524
06-Sep-1969,0.74,4.375,25.2,7.4,0.532
07-Sep-1969,5.93,4.341,22.9111,9.5556,0.5401
08-Sep-1969,0.46,4.306,23.3111,9.1278,0.6449
09-Sep-1969,0,4.27,23.9833,6.9,0.5482
10-Sep-1969,0,4.235,24.1389,6.6,0.5079
11-Sep-1969,0,4.198,23.4333,5.9,0.4595
12-Sep-1969,0,4.162,23.7444,6.5611,0.4595
13-Sep-1969,0,4.125,21.9,6.0556,0.4434
14-Sep-1969,0,4.088,21.1333,4.8222,0.4192
15-Sep-1969,0,4.05,20.9167,4.1556,0.4031
16-Sep-1969,0,4.012,19.7222,3.9444,0.395
17-Sep-1969,0,3.974,20.5889,2.7111,0.395
18-Sep-1969,0,3.935,19.3889,5.5,0.3654
19-Sep-1969,0,3.896,17.2056,6.7889,0.3359
20-Sep-1969,0,3.857,15.0389,6.1611,0.2821
21-Sep-1969,0,3.817,17.2111,0.4278,0.2956
22-Sep-1969,0,3.777,21.1611,1.5222,0.2821
23-Sep-1969,0,3.737,21.2444,4.2778,0.2633
24-Sep-1969,0,3.697,22.0778,3.8389,0.2526
25-Sep-1969,0,3.656,23.1056,4.0333,0.2526
26-Sep-1969,0,3.616,23.8833,5.3444,0.2526
27-Sep-1969,0,3.575,22.6889,5.2056,0.258
28-Sep-1969,0,3.534,22.7667,3.5111,0.258
29-Sep-1969,0.02,3.492,20.9444,6.2111,0.2687
30-Sep-1969,0,3.451,20.7556,5.95,0.2687
01-Oct-1969,0,3.409,20.8944,4.0167,0.2768
02-Oct-1969,0,3.367,17.3722,3.8444,0.2821
03-Oct-1969,0,3.325,10.5333,-0.3611,0.2821
04-Oct-1969,0,3.283,9.35,-4.0944,0.2902
05-Oct-1969,0,3.241,11.9056,-4.8389,0.2902
06-Oct-1969,0,3.198,15.1444,-3.3889,0.2902
07-Oct-1969,0,3.156,16.9889,-1.7833,0.2821
08-Oct-1969,0.08,3.113,14.2389,3.7722,0.2633
09-Oct-1969,0,3.071,12.7389,-0.2778,0.258
10-Oct-1969,0.01,3.028,11.4222,0.6222,0.258
11-Oct-1969,0,2.986,8.6389,-2.6,0.258
12-Oct-1969,0,2.943,8.9389,-5.7944,0.2526
13-Oct-1969,0,2.9,8.7111,-4.8944,0.2526
14-Oct-1969,2.32,2.857,5.4,-0.8889,0.2526
15-Oct-1969,38.96,2.815,4.2111,0.4778,0.2821
16-Oct-1969,21.95,2.772,6.4889,1.7167,1.0641
17-Oct-1969,5.35,2.729,4.1444,-1.3111,0.6879
18-Oct-1969,4.44,2.687,3.2778,-2.9667,0.5159
19-Oct-1969,0.53,2.644,6.1944,-4.7778,0.4514
20-Oct-1969,0,2.602,9.9889,-4.1222,0.4272
21-Oct-1969,0,2.56,13.3056,-1.5,0.4192
22-Oct-1969,0,2.517,14.7444,-0.3889,0.4272
23-Oct-1969,0,2.475,13.9,-0.0944,0.4272
24-Oct-1969,0,2.433,12.4944,0.5833,0.4111
25-Oct-1969,0,2.391,12.5778,-1.8333,0.395
26-Oct-1969,0,2.349,12.8222,-1.9111,0.3816
27-Oct-1969,0,2.308,11.7444,-0.7111,0.3735
28-Oct-1969,0,2.266,11.1833,-1.6056,0.3574
29-Oct-1969,0,2.225,12.2278,-3.7889,0.3493
30-Oct-1969,0,2.184,12.8722,-2.8833,0.3439
31-Oct-1969,0,2.143,13.1111,-2.3611,0.3278
01-Nov-1969,0,2.103,13.9722,-2.9778,0.3278
02-Nov-1969,0,2.062,15.0778,-2.5833,0.3278
03-Nov-1969,0,2.022,15.6833,-2.1444,0.3278
04-Nov-1969,0,1.982,14.6833,-0.8222,0.3224
05-Nov-1969,13.52,1.943,9.1389,1.8222,0.3144
06-Nov-1969,8.49,1.904,3.0222,-0.6222,0.3574
07-Nov-1969,0.88,1.865,3.0222,-4.1167,0.3574
08-Nov-1969,0,1.826,5.5056,-4.2333,0.3493
09-Nov-1969,0,1.787,7.3444,-6.1,0.3439
10-Nov-1969,0,1.749,8.8167,-5.6278,0.3359
11-Nov-1969,0,1.712,11.1944,-4.3833,0.3439
12-Nov-1969,0,1.674,11.9167,-3.65,0.3439
13-Nov-1969,0,1.637,11.9667,-3.8667,0.3439
14-Nov-1969,0,1.601,11.5278,-3.9389,0.3439
15-Nov-1969,1.54,1.564,8.5333,-2.6944,0.3439
16-Nov-1969,3.72,1.528,4.9611,-3.2667,0.3574
17-Nov-1969,0,1.493,3.4556,-11.1611,0.3009
18-Nov-1969,0,1.458,4.8667,-10.6333,0.2633
19-Nov-1969,0,1.423,8.1222,-7.7389,0.2633
20-Nov-1969,0,1.389,10.3833,-6.0056,0.2553
21-Nov-1969,0,1.355,9.9778,-5.0833,0.2526
22-Nov-1969,0,1.322,8.8778,-7.2944,0.2472
23-Nov-1969,0,1.289,9.8889,-7.4556,0.2418
24-Nov-1969,0,1.257,9.9833,-6.8889,0.2338
25-Nov-1969,0,1.225,8.8278,-6.2667,0.2338
26-Nov-1969,0,1.193,8,-6.9222,0.2284
27-Nov-1969,0,1.163,8.1667,-7.7,0.215
28-Nov-1969,0,1.132,8.0222,-8.7389,0.2042
29-Nov-1969,0,1.102,8.0556,-8.9611,0.1962
30-Nov-1969,0,1.073,7.5722,-9.1,0.1881
01-Dec-1969,0,1.044,7.7778,-8.7889,0.1854
02-Dec-1969,0,1.016,8.4333,-8.0778,0.1881
03-Dec-1969,0,0.988,7.9278,-8.8222,0.1962
04-Dec-1969,0,0.961,6.6556,-8.9889,0.1827
05-Dec-1969,0,0.935,6.3444,-9.0833,0.1773
06-Dec-1969,0,0.909,6.4778,-7.15,0.1827
07-Dec-1969,0,0.883,6.6667,-7.7944,0.1935
08-Dec-1969,3.07,0.858,3.4611,-6.8667,0.2042
09-Dec-1969,0.68,0.834,1.0722,-7.7389,0.2311
10-Dec-1969,2.05,0.811,2.8611,-6.8222,0.2526
11-Dec-1969,0.65,0.788,5.6,-2.3444,0.2768
12-Dec-1969,0.57,0.765,8.8889,-0.4389,0.2821
13-Dec-1969,0.02,0.743,11.3167,-3.3667,0.2902
14-Dec-1969,0,0.722,10.4944,-4.2056,0.2687
15-Dec-1969,0,0.702,9.9389,-5.6444,0.258
16-Dec-1969,0,0.682,10.5667,-6.6,0.2687
17-Dec-1969,0.01,0.663,10.1611,-6.4556,0.2633
18-Dec-1969,0.15,0.644,8.3444,-2.7611,0.2768
19-Dec-1969,28.49,0.627,6.9944,-0.9944,0.2956
20-Dec-1969,34.58,0.609,9.25,1.6278,0.9673
21-Dec-1969,60.36,0.593,7.7222,0.1389,1.9293
22-Dec-1969,0.14,0.577,4.2944,-5.7333,1.3973
23-Dec-1969,16.77,0.562,5.5944,-2.1,0.9028
24-Dec-1969,17.17,0.547,5.8333,-1.0611,0.8813
25-Dec-1969,37.77,0.534,3.5944,-2.6111,1.3301
26-Dec-1969,1.47,0.521,-0.8167,-8.8889,0.8491
27-Dec-1969,6.88,0.508,-3.05,-8.8167,0.6664
28-Dec-1969,0.1,0.497,-3.4556,-12.0278,0.5804
29-Dec-1969,0.09,0.486,-0.2667,-12.4778,0.4998
30-Dec-1969,0,0.475,1.8833,-12.0444,0.4595
31-Dec-1969,0,0.466,4.2444,-11.6833,0.4434
01-Jan-1970,0,0.44,1.7778,-9.9222,0.4756
02-Jan-1970,0,0.442,0.9722,-11.0778,0.4353
03-Jan-1970,0,0.435,3.3944,-13.3222,0.3278
04-Jan-1970,0,0.429,0.8667,-10.5389,0.4031
05-Jan-1970,0,0.424,-1.1444,-13.9944,0.3493
06-Jan-1970,0,0.419,1.0222,-13.3833,0.3224
07-Jan-1970,0.01,0.416,2.6889,-7.7278,0.3493
08-Jan-1970,3.13,0.413,3.5,-4.3,0.5374
09-Jan-1970,30.92,0.41,5.1111,-2.1222,0.6879
10-Jan-1970,3.47,0.409,5.1444,-0.7944,1.0103
11-Jan-1970,1.56,0.408,3.7611,-1.8333,0.5965
12-Jan-1970,4.99,0.408,4.5944,-3.2389,0.524
13-Jan-1970,6.54,0.409,4.7444,-1.0056,0.5079
14-Jan-1970,78.56,0.41,3.3778,-0.9056,1.6713
15-Jan-1970,16.14,0.412,3.7389,-4.3333,0.9673
16-Jan-1970,58.81,0.415,6.2111,-1.3278,5.1054
17-Jan-1970,17.96,0.419,5.1611,-0.3667,2.7408
18-Jan-1970,0.67,0.423,7.0444,-1.5722,1.7036
19-Jan-1970,7.66,0.428,7.1222,-2.1778,1.3167
20-Jan-1970,7.89,0.434,7.7667,-1.35,1.4376
21-Jan-1970,31.01,0.44,9.0833,2.2389,4.0574
22-Jan-1970,4.68,0.447,8.9333,5.0222,6.019
23-Jan-1970,20.52,0.455,8.6778,1.8722,3.4663
24-Jan-1970,16.06,0.464,5.1944,-1.9944,3.1976
25-Jan-1970,0.97,0.473,5.7056,-6.0889,2.1604
26-Jan-1970,4.58,0.483,7.2889,-4.1611,1.8326
27-Jan-1970,22.57,0.494,4.6722,-2.1444,2.1228
28-Jan-1970,0.02,0.506,1.0167,-10.5778,1.5101
29-Jan-1970,0,0.518,3.7111,-10.7333,1.3032
30-Jan-1970,0.46,0.531,2.8833,-6.0333,1.2495
31-Jan-1970,0.06,0.545,5.8667,-8.6389,1.1151
01-Feb-1970,0.03,0.559,5,-6.3222,1.0748
02-Feb-1970,0,0.574,7.1778,-8.3889,0.9781
03-Feb-1970,0,0.589,9.8056,-6.0444,0.9566
04-Feb-1970,0,0.606,8.7056,-3.6,0.9458
05-Feb-1970,0,0.623,8.6444,-3.55,0.9136
06-Feb-1970,0,0.641,10.1167,-4.1056,0.8813
07-Feb-1970,0,0.659,10.55,-4.4556,0.8706
08-Feb-1970,0,0.678,9.9111,-4.6056,0.8599
09-Feb-1970,0,0.698,8.6222,-2.6556,0.8491
10-Feb-1970,0.44,0.718,6.9389,-1.7111,0.8276
11-Feb-1970,0.8,0.739,8.7889,-0.5,0.8061
12-Feb-1970,10.03,0.761,5.8667,-2.7278,0.8491
13-Feb-1970,10.36,0.783,2.2722,-4.1333,0.8384
14-Feb-1970,0.05,0.806,5.7722,-8.75,0.7846
15-Feb-1970,0.6,0.829,9.3667,-7.2333,0.7739
16-Feb-1970,22.56,0.853,7.7222,-3.5667,0.7739
17-Feb-1970,8.16,0.878,4.2389,-6.3444,0.7954
18-Feb-1970,0,0.903,0.8111,-11.15,0.7309
19-Feb-1970,0.01,0.929,2.0778,-10.0389,0.7094
20-Feb-1970,0,0.955,3.6278,-9.4222,0.6771
21-Feb-1970,0.01,0.982,5.75,-8.0833,0.6879
22-Feb-1970,0,1.01,7.4056,-6.1111,0.6986
23-Feb-1970,0,1.038,8.5889,-7.5722,0.6771
24-Feb-1970,0,1.067,8.6556,-6.2389,0.6879
25-Feb-1970,0,1.096,9.8889,-6.5944,0.6771
26-Feb-1970,0,1.126,10.6056,-5.0611,0.6986
27-Feb-1970,0,1.156,9.6611,-4.0889,0.7201
28-Feb-1970,2.63,1.187,5.3778,-2.1667,0.7309
01-Mar-1970,19.04,1.218,3.1778,-2.8444,0.7524
02-Mar-1970,0.27,1.25,2.8778,-10.0167,0.7094
03-Mar-1970,0.08,1.282,3.5,-10.7667,0.6771
04-Mar-1970,11.9,1.315,1.2778,-8.4611,0.6771
05-Mar-1970,3.59,1.348,4.1222,-6.3778,0.6986
06-Mar-1970,0.02,1.382,9.9611,-8.25,0.6556
07-Mar-1970,0.02,1.416,10.25,-6.2722,0.7094
08-Mar-1970,1.12,1.451,6.4111,-2.4611,0.6986
09-Mar-1970,3.29,1.486,3.7833,-7.9833,0.6556
10-Mar-1970,1.6,1.521,3.0222,-7.1833,0.6664
11-Mar-1970,0.13,1.557,5.4944,-7.7,0.6449
12-Mar-1970,0,1.593,10.7167,-3.5667,0.6368
13-Mar-1970,0,1.629,13.0167,-2.3667,0.6771
14-Mar-1970,0.15,1.666,10.5722,-1.3167,0.7846
15-Mar-1970,0,1.704,9.6389,-5.7944,0.8384
16-Mar-1970,0,1.741,11.3611,-5.4333,0.8061
17-Mar-1970,0,1.779,7.9333,-3.2444,0.8599
18-Mar-1970,0.12,1.818,2.8944,-8.3278,0.7954
19-Mar-1970,0,1.856,5.2,-9.7611,0.7416
20-Mar-1970,0,1.895,10.5944,-8.7167,0.7631
21-Mar-1970,0,1.935,11.6222,-6.1778,0.7846
22-Mar-1970,0,1.974,12.7444,-5.2056,0.8169
23-Mar-1970,0,2.014,14.3167,-4.65,0.8813
24-Mar-1970,0,2.054,14.7722,-2.7333,0.9566
25-Mar-1970,0.04,2.094,12.6056,-2.95,1.0883
26-Mar-1970,0.15,2.135,9.4,-4.7222,1.0883
27-Mar-1970,0,2.176,8.5556,-5.0333,1.0641
28-Mar-1970,0,2.217,11.0278,-5.9722,1.0211
29-Mar-1970,0,2.258,8.95,-6.5889,1.0533
30-Mar-1970,5,2.299,4.5444,-5.4278,1.0318
31-Mar-1970,1.26,2.341,3.5667,-5.7667,0.9781
01-Apr-1970,0,2.382,11.0056,-8.3222,0.8813
02-Apr-1970,0,2.424,11.3833,-5.3222,0.9136
03-Apr-1970,0,2.466,10.8833,-6.0833,0.9351
04-Apr-1970,0,2.508,13.4,-5.9667,0.9351
05-Apr-1970,0,2.551,15.7556,-3.5722,1.0318
06-Apr-1970,0,2.593,14.1056,-2.55,1.2092
07-Apr-1970,0,2.635,11.5944,-2.1778,1.3032
08-Apr-1970,0,2.678,12.1333,-2.6278,1.3167
09-Apr-1970,0,2.72,15.0167,-2.9722,1.3032
10-Apr-1970,0.47,2.763,13.8056,0.9389,1.5746
11-Apr-1970,0,2.806,9.7556,-4.75,1.6713
12-Apr-1970,0,2.848,9.3611,-7.05,1.5746
13-Apr-1970,8.79,2.891,4.0278,-5.2778,1.4779
14-Apr-1970,1.5,2.934,1.1111,-5.7889,1.2898
15-Apr-1970,1.37,2.977,4.6056,-10.1333,1.2226
16-Apr-1970,10.87,3.019,3.7556,-4.5889,1.2092
17-Apr-1970,2.69,3.062,5.8611,-4.1722,1.1017
18-Apr-1970,0.68,3.104,8.3944,-5.7167,1.0318
19-Apr-1970,1.44,3.147,6.1611,-2.7222,1.0211
20-Apr-1970,0.09,3.189,5.3111,-7.7444,0.9566
21-Apr-1970,12.95,3.232,2.6944,-5.5667,0.9458
22-Apr-1970,1.81,3.274,4.1333,-7.9056,0.8921
23-Apr-1970,0,3.316,7.9778,-8.0611,0.8706
24-Apr-1970,0.19,3.358,11.8111,-5.7778,0.8599
25-Apr-1970,0.14,3.4,10.6056,-0.3722,0.8813
26-Apr-1970,11.7,3.442,5.0722,-3.0278,1.0211
27-Apr-1970,0.81,3.483,-1.0611,-10.3556,0.9351
28-Apr-1970,3.65,3.525,2.2111,-9.2,0.9136
29-Apr-1970,0.07,3.566,7.3611,-6.5167,0.8921
30-Apr-1970,0.04,3.607,10.8278,-3.1056,0.8921
01-May-1970,0,3.648,14.1611,-3.4444,0.9673
02-May-1970,0,3.689,17.0389,-2.5944,1.1151
03-May-1970,0,3.729,18.6778,-0.7778,1.4779
04-May-1970,0,3.769,17.7944,2.5444,1.9938
05-May-1970,0,3.809,15.3389,1.25,2.4989
06-May-1970,0,3.848,10.8111,1.9,2.8751
07-May-1970,0,3.888,9.8833,-2.3667,2.198
08-May-1970,0.52,3.927,9.1056,-1.8611,2.3109
09-May-1970,0.16,3.965,10.9889,0.2056,2.2356
10-May-1970,0.55,4.004,8.0722,0.2111,2.6682
11-May-1970,0.03,4.042,7.15,-4.6611,2.2168
12-May-1970,0.04,4.08,9.9778,-1.9889,2.0099
13-May-1970,0.08,4.117,13.35,0.8611,2.0905
14-May-1970,0,4.154,15.8944,0.15,2.6118
15-May-1970,0,4.191,20.4944,0.1556,3.0632
16-May-1970,0,4.227,22.9722,1.8278,3.6812
17-May-1970,0,4.263,21.6611,4.1444,4.6217
18-May-1970,0,4.298,18.8722,4.2778,5.0516
19-May-1970,0,4.333,16.1056,5.3167,4.6217
20-May-1970,0,4.368,14.1389,-0.6,4.138
21-May-1970,0,4.402,17.4333,0.3278,3.9231
22-May-1970,0,4.436,19.3833,2.1944,4.2187
23-May-1970,0,4.469,19.0611,2.1778,4.5948
24-May-1970,0,4.502,18.9222,2.4278,4.4067
25-May-1970,0,4.535,20.0667,3.6,4.353
26-May-1970,0,4.566,20.3833,4.1389,4.568
27-May-1970,0,4.598,17.2556,4.5167,4.6217
28-May-1970,0,4.629,17.4944,-0.7611,4.0306
29-May-1970,0,4.659,18.2722,1.0056,3.8962
30-May-1970,0,4.689,19.4333,2.4556,3.9231
31-May-1970,0,4.718,20.95,2.7667,3.9768
01-Jun-1970,0,4.747,23.7167,3.4778,3.8693
02-Jun-1970,0.77,4.775,24.7944,5.5333,3.8962
03-Jun-1970,0,4.803,24.5833,5.9111,4.1112
04-Jun-1970,1.11,4.83,23.9444,5.8556,4.2724
05-Jun-1970,0.51,4.857,22.7167,5.8611,3.9768
06-Jun-1970,0,4.883,22.15,4.7,3.8156
07-Jun-1970,0,4.908,20.1111,4.2722,3.6812
08-Jun-1970,14.21,4.933,14.6556,6.9111,3.7081
09-Jun-1970,2.31,4.957,9.8722,3.35,4.1112
10-Jun-1970,0.27,4.981,11.1889,2.6667,3.2513
11-Jun-1970,0.01,5.004,13.5,-1.4556,2.7408
12-Jun-1970,7.16,5.026,10.6944,0.5,2.6306
13-Jun-1970,4.6,5.048,10.1389,-0.2222,2.3297
14-Jun-1970,0.79,5.069,11.3222,0.7222,2.0583
15-Jun-1970,0.53,5.089,14.6833,0.0056,1.9293
16-Jun-1970,0.09,5.109,17.0556,3.0444,1.9938
17-Jun-1970,0.02,5.128,18.7389,2.4111,2.1066
18-Jun-1970,0,5.147,22.3556,4.8111,2.2732
19-Jun-1970,0.2,5.165,24.7778,6.4111,2.4801
20-Jun-1970,0.48,5.182,26.0944,6.9611,2.6682
21-Jun-1970,0.2,5.198,25.7778,8.5222,2.6682
22-Jun-1970,0.03,5.214,26.4167,8.9667,2.7677
23-Jun-1970,0.06,5.229,25.6167,8.3889,2.6494
24-Jun-1970,0,5.244,25.6389,8.2222,2.593
25-Jun-1970,0,5.258,23.2667,9,2.4425
26-Jun-1970,19.27,5.271,18.8944,8.8611,2.3109
27-Jun-1970,4.51,5.283,15.8278,5.7444,3.1438
28-Jun-1970,0.23,5.295,14.7778,3.9278,2.4049
29-Jun-1970,0.01,5.306,15.0111,1.3389,1.9938
30-Jun-1970,0,5.316,18.8056,1.0222,1.752
01-Jul-1970,0,5.325,23.1722,4.1056,1.623
02-Jul-1970,0.04,5.334,25.7778,6.3111,1.5585
03-Jul-1970,0,5.342,26.1722,9.4722,1.5424
04-Jul-1970,0.55,5.35,26.9278,12.7944,1.5585
05-Jul-1970,1.12,5.356,26.0722,12.1944,1.5585
06-Jul-1970,0.13,5.362,25.4611,8.4111,1.5424
07-Jul-1970,0.03,5.367,25.8333,8.0056,1.3973
08-Jul-1970,0.07,5.372,25.4333,9.1778,1.3435
09-Jul-1970,4.31,5.376,23.0333,10.55,1.2092
10-Jul-1970,1.11,5.379,20.95,10.25,1.1957
11-Jul-1970,0,5.381,24.1833,7.1278,1.1151
12-Jul-1970,0,5.382,24.9444,8.5833,1.0211
13-Jul-1970,0,5.383,25.3444,9.0833,0.9996
14-Jul-1970,0.63,5.383,27.1111,9.3778,0.9351
15-Jul-1970,0,5.383,27.3444,11.8111,0.9351
16-Jul-1970,0,5.381,25.4667,9.3444,0.8813
17-Jul-1970,0,5.379,26.9556,6.9111,0.7846
18-Jul-1970,0,5.376,27.5667,10.7389,0.7201
19-Jul-1970,0,5.373,28.2056,11.95,0.7094
20-Jul-1970,0,5.368,26.75,12.4444,0.6879
21-Jul-1970,0,5.363,24.9944,12.9944,0.6556
22-Jul-1970,0.4,5.358,24.3,8.2556,0.6207
23-Jul-1970,0.32,5.351,25.1278,7.8667,0.5723
24-Jul-1970,0,5.344,25.1722,8.4278,0.5401
25-Jul-1970,0.1,5.336,25.1833,8.25,0.5079
26-Jul-1970,0,5.327,24.5778,8.1611,0.532
27-Jul-1970,0,5.318,23.6556,8.3889,0.524
28-Jul-1970,0,5.308,22.5611,8.8722,0.5159
29-Jul-1970,0,5.297,22.4722,9.2167,0.4998
30-Jul-1970,0,5.286,22.7056,6.7278,0.4756
31-Jul-1970,0,5.273,23.6056,5.6889,0.4353
01-Aug-1970,0,5.26,24.8167,4.2889,0.4353
02-Aug-1970,0,5.247,25.8111,4.95,0.4434
03-Aug-1970,0,5.232,27.5056,7.4667,0.4353
04-Aug-1970,0,5.217,26.1111,9.1833,0.4272
05-Aug-1970,0,5.202,25.5222,7.2944,0.4111
06-Aug-1970,0,5.185,26.6889,6.7889,0.395
07-Aug-1970,0.74,5.168,26.4611,7.4278,0.3735
08-Aug-1970,0,5.151,26.8556,5.7889,0.3816
09-Aug-1970,0,5.132,28.3389,6.0556,0.3869
10-Aug-1970,0,5.113,29.5833,8.1111,0.3816
11-Aug-1970,0,5.094,29.4278,10.1333,0.3574
12-Aug-1970,0,5.073,29.2,10.6,0.3493
13-Aug-1970,0,5.052,28.4389,10.6056,0.3574
14-Aug-1970,0,5.031,27.8444,7.5778,0.3439
15-Aug-1970,0.51,5.009,28.3333,8.3667,0.3224
16-Aug-1970,0,4.986,27.2056,9.6722,0.3224
17-Aug-1970,0,4.962,25.7333,11.5111,0.3439
18-Aug-1970,0,4.938,24.8889,11.4,0.4111
19-Aug-1970,0,4.913,24.9,9.4944,0.4353
20-Aug-1970,0,4.888,24.6889,8.5278,0.4272
21-Aug-1970,0,4.862,25.2833,7.0722,0.4111
22-Aug-1970,0,4.836,25.3778,8.0778,0.3869
23-Aug-1970,0,4.809,25.1389,7.6,0.3574
24-Aug-1970,0,4.781,26.1833,6.2611,0.3493
25-Aug-1970,0,4.753,25.5778,7.9278,0.3493
26-Aug-1970,0,4.724,25.4833,6.7722,0.3359
27-Aug-1970,0,4.695,24.3778,10.8556,0.3654
28-Aug-1970,1.23,4.665,23.4556,9.2389,0.3735
29-Aug-1970,0.02,4.635,24.2167,8.0111,0.3816
30-Aug-1970,0,4.604,23.9944,7.75,0.3735
31-Aug-1970,0,4.573,22.7833,6.5,0.3574
01-Sep-1970,0,4.541,23.8778,4.6778,0.3493
02-Sep-1970,0,4.509,23.2611,4.6111,0.3439
03-Sep-1970,0.01,4.476,23.1222,3.9611,0.3439
04-Sep-1970,2.39,4.443,19.1667,5.7278,0.3278
05-Sep-1970,0.72,4.409,13.5278,1.1,0.3359
06-Sep-1970,0,4.375,20.3167,2.8,0.3735
07-Sep-1970,0,4.341,24.2611,5.1556,0.3493
08-Sep-1970,0,4.306,23.9111,7.4833,0.3278
09-Sep-1970,0,4.27,24.5889,5.3222,0.3278
10-Sep-1970,0,4.235,26.1333,6.4833,0.3224
11-Sep-1970,0,4.198,25.4111,5.6333,0.309
12-Sep-1970,0,4.162,22.0167,6.3556,0.3009
13-Sep-1970,0,4.125,16.5556,2.5278,0.2902
14-Sep-1970,0,4.088,15.1611,-3.1778,0.2902
15-Sep-1970,0,4.05,16.7722,-1.6,0.258
16-Sep-1970,0,4.012,20.9389,-0.6556,0.2526
17-Sep-1970,0,3.974,23.3722,1.9278,0.2418
18-Sep-1970,0,3.935,21.7167,4.3056,0.2177
19-Sep-1970,0,3.896,16.6111,6.9,0.2123
20-Sep-1970,0,3.857,14.4611,-1.7889,0.2177
21-Sep-1970,0,3.817,15.3111,-0.9556,0.2069
22-Sep-1970,0,3.777,18.0944,-0.65,0.1962
23-Sep-1970,0,3.737,20.1333,1.1333,0.1935
24-Sep-1970,0,3.697,18.7778,0.6222,0.1935
25-Sep-1970,0,3.656,17.1278,-1.9556,0.1881
26-Sep-1970,0,3.616,20.4278,-0.8722,0.1935
27-Sep-1970,0,3.575,22.7944,0.4722,0.1935
28-Sep-1970,0,3.534,23.0056,0.8,0.1881
29-Sep-1970,0,3.492,22.7778,2.0722,0.1827
30-Sep-1970,0,3.451,22.5278,3.0056,0.1773
01-Oct-1970,0,3.409,21.6278,3.5667,0.1773
02-Oct-1970,0,3.367,21.8389,2.7778,0.1773
03-Oct-1970,0,3.325,22.4444,3.6,0.1773
04-Oct-1970,0,3.283,21.1333,5.2222,0.1773
05-Oct-1970,0,3.241,18.2222,4.4611,0.1827
06-Oct-1970,0,3.198,14.0667,4.8611,0.1773
07-Oct-1970,0,3.156,11.5056,-3.8222,0.1773
08-Oct-1970,0,3.113,15.0278,-3.4278,0.1827
09-Oct-1970,0,3.071,17.2444,-0.1389,0.1881
10-Oct-1970,0,3.028,17.0611,1.0222,0.1881
11-Oct-1970,0,2.986,18.9222,0.8778,0.1881
12-Oct-1970,0,2.943,17.5333,3.15,0.1881
13-Oct-1970,0,2.9,15.4611,0.5778,0.1827
14-Oct-1970,0,2.857,13.8333,-1.0333,0.1827
15-Oct-1970,0,2.815,14.7833,-0.9889,0.1827
16-Oct-1970,0,2.772,14.9444,-2.2556,0.1827
17-Oct-1970,0,2.729,15.1056,-1.4722,0.1881
18-Oct-1970,0.13,2.687,11.7833,1.2056,0.1881
19-Oct-1970,0.14,2.644,12.4556,-2.9722,0.1881
20-Oct-1970,3.67,2.602,8.6389,-0.7611,0.1935
21-Oct-1970,1.78,2.56,6.8778,1.9667,0.2069
22-Oct-1970,1.32,2.517,7.6111,0.5722,0.2015
23-Oct-1970,6.82,2.475,6.8833,0.7722,0.2015
24-Oct-1970,0.42,2.433,4.8889,-2.2444,0.223
25-Oct-1970,1.68,2.391,5.5778,-3.8111,0.2123
26-Oct-1970,0.02,2.349,4.7278,-3.7944,0.2069
27-Oct-1970,0,2.308,6.3778,-9.3556,0.1881
28-Oct-1970,0,2.266,10.0944,-8.2056,0.1773
29-Oct-1970,0.02,2.225,12.7889,-6.3,0.2015
30-Oct-1970,0.61,2.184,13.1611,-3.2944,0.2069
31-Oct-1970,0,2.143,13.1667,-2.3444,0.2069
01-Nov-1970,0,2.103,13.4278,-3.0611,0.2015
02-Nov-1970,0,2.062,12.8778,-2.1778,0.2015
03-Nov-1970,0,2.022,10.9056,-3.3222,0.2015
04-Nov-1970,13.34,1.982,7.9556,-0.5167,0.2069
05-Nov-1970,23.89,1.943,6.4556,1.45,0.3574
06-Nov-1970,11,1.904,5.7333,1.1722,0.4434
07-Nov-1970,2.34,1.865,5.0611,-3,0.3359
08-Nov-1970,1.59,1.826,9.4833,-3.5556,0.2821
09-Nov-1970,2.46,1.787,9.1,-0.2111,0.2768
10-Nov-1970,0.51,1.749,9.6056,-3.3167,0.3493
11-Nov-1970,6.86,1.712,9.45,-1.2222,0.3009
12-Nov-1970,2.5,1.674,5.8389,-2.1333,0.3278
13-Nov-1970,0.02,1.637,6,-8.0611,0.2821
14-Nov-1970,0,1.601,9.1,-5.1889,0.2633
15-Nov-1970,0,1.564,10.6333,-4.1444,0.2768
16-Nov-1970,0,1.528,10.0167,-4.2167,0.258
17-Nov-1970,0,1.493,11.15,-5.5278,0.2472
18-Nov-1970,0,1.458,8.6333,-5.0111,0.2526
19-Nov-1970,0,1.423,7.95,-7.2611,0.2365
20-Nov-1970,0,1.389,10.8222,-6.95,0.2284
21-Nov-1970,0,1.355,9.8,-3.3167,0.2418
22-Nov-1970,0.02,1.322,10.15,0.3444,0.2418
23-Nov-1970,2.02,1.289,14.1333,0.6667,0.2365
24-Nov-1970,16.85,1.257,12.7111,0.25,0.2365
25-Nov-1970,54.61,1.225,7.3056,1.2333,0.9028
26-Nov-1970,12.55,1.193,3.1,-2.3278,1.0211
27-Nov-1970,0.83,1.163,1.3833,-5.1667,0.532
28-Nov-1970,37.2,1.132,-0.0278,-3.25,0.4837
29-Nov-1970,52.02,1.102,0.3167,-3.4889,0.4514
30-Nov-1970,11.94,1.073,-0.4833,-5.75,0.395
01-Dec-1970,10.42,1.044,1.0944,-3.1778,0.3439
02-Dec-1970,23.81,1.016,-0.1611,-5.3222,0.3735
03-Dec-1970,2.68,0.988,1.4722,-9.2167,0.2365
04-Dec-1970,10.69,0.961,4.2556,-2.7722,0.309
05-Dec-1970,0.11,0.935,6.1444,-4.8889,0.3869
06-Dec-1970,0.37,0.909,7.4278,-5.5889,0.4111
07-Dec-1970,2.2,0.883,7.5111,-2.9944,0.4514
08-Dec-1970,15.56,0.858,5.6944,-0.4222,0.524
09-Dec-1970,0.72,0.834,3.2722,-4.7722,0.6046
10-Dec-1970,0.14,0.811,3.0889,-10.0222,0.4514
11-Dec-1970,0,0.788,4.8389,-7.9944,0.4434
12-Dec-1970,0,0.765,2.8389,-7.1944,0.4434
13-Dec-1970,0,0.743,2.8611,-9.8222,0.4031
14-Dec-1970,0,0.722,1.9556,-9.5278,0.4031
15-Dec-1970,10.01,0.702,4.8167,-6.15,0.395
16-Dec-1970,23.31,0.682,1.1389,-4.2667,0.4111
17-Dec-1970,13.37,0.663,-2.5167,-8.3778,0.3735
18-Dec-1970,0.82,0.644,-4.1278,-12.4556,0.3224
19-Dec-1970,5.9,0.627,-3.2611,-10.6667,0.3359
20-Dec-1970,5.47,0.609,-1.7778,-12.4833,0.3359
21-Dec-1970,8.72,0.593,-1.7778,-8.5056,0.3359
22-Dec-1970,0.01,0.577,-2.2667,-13.85,0.309
23-Dec-1970,0,0.562,-3.9889,-14.1,0.215
24-Dec-1970,0,0.547,-3.6556,-13.5944,0.2687
25-Dec-1970,0,0.534,-3.8833,-14.2333,0.2418
26-Dec-1970,2.88,0.521,-3.2833,-13.5667,0.2687
27-Dec-1970,3.63,0.508,-1.0056,-10.5611,0.2687
28-Dec-1970,1.48,0.497,1.7944,-8.8722,0.309
29-Dec-1970,3.51,0.486,2.2556,-4.1111,0.4031
30-Dec-1970,0.02,0.475,4.8889,-7.8611,0.3493
31-Dec-1970,0.05,0.466,6.6722,-6.2056,0.3628
01-Jan-1971,5.88,0.44,3.3278,-7.4889,0.3493
02-Jan-1971,0.89,0.442,-3.0944,-10.8056,0.3224
03-Jan-1971,0,0.435,-6.2722,-13.4778,0.215
04-Jan-1971,0,0.429,-5.5556,-13.6833,0.1881
05-Jan-1971,0,0.424,-4.6278,-13.6167,0.215
06-Jan-1971,0,0.419,-3.0667,-14.3389,0.2418
07-Jan-1971,0,0.416,2.7222,-11.3056,0.2956
08-Jan-1971,0,0.413,6.3556,-5.5833,0.3762
09-Jan-1971,0.01,0.41,8.3667,-3.1833,0.4299
10-Jan-1971,0.17,0.409,5.9833,-1.75,0.5105
11-Jan-1971,12.52,0.408,2.1,-2.0778,0.4917
12-Jan-1971,25.83,0.408,-2.1222,-7.0111,0.4434
13-Jan-1971,29.18,0.409,-3.8778,-8.1111,0.4192
14-Jan-1971,2.63,0.41,2.3,-6.5889,0.3869
15-Jan-1971,0.14,0.412,6.0111,-5.3056,0.395
16-Jan-1971,2.4,0.415,7.3667,-0.6944,0.4272
17-Jan-1971,0.33,0.419,10.8333,1.7222,0.8921
18-Jan-1971,0.03,0.423,11.8333,-0.2833,1.3032
19-Jan-1971,0,0.428,10.0111,-2.2333,1.1957
20-Jan-1971,0,0.434,10.3611,-0.9444,1.2226
21-Jan-1971,0,0.44,6.8778,-6.9278,1.0318
22-Jan-1971,0.02,0.447,4.5278,-8.5778,0.8599
23-Jan-1971,0,0.455,6.1778,-8.2111,0.7524
24-Jan-1971,0,0.464,7.5944,-7.3167,0.6879
25-Jan-1971,0,0.473,8.7444,-6.3333,0.6449
26-Jan-1971,0,0.483,9.6556,-5.8333,0.6288
27-Jan-1971,0,0.494,9.8833,-6.0889,0.6288
28-Jan-1971,0,0.506,10.3167,-6.7611,0.6207
29-Jan-1971,0,0.518,11.1889,-6.1444,0.6288
30-Jan-1971,0,0.531,10.4944,-5.8611,0.6207
31-Jan-1971,0,0.545,9.6889,-5.5889,0.6368
01-Feb-1971,0,0.559,7.4,-6.3222,0.6288
02-Feb-1971,0,0.574,5.6222,-4.8389,0.6126
03-Feb-1971,0,0.589,4.1444,-11.3111,0.5804
04-Feb-1971,0,0.606,5.4167,-8.7167,0.5643
05-Feb-1971,0.48,0.623,5.2778,-2.9944,0.5723
06-Feb-1971,0,0.641,5.9,-5.2667,0.5643
07-Feb-1971,0.03,0.659,7.5,-8.4222,0.5401
08-Feb-1971,0,0.678,8.15,-8.4889,0.532
09-Feb-1971,0,0.698,10.3556,-8.15,0.532
10-Feb-1971,0,0.718,13.2167,-4.8222,0.5401
11-Feb-1971,0,0.739,12.6556,-2.7556,0.6046
12-Feb-1971,0,0.761,13.75,-4.0056,0.6449
13-Feb-1971,0.03,0.783,14.1778,-2.1944,0.7416
14-Feb-1971,0.04,0.806,13.3222,-2.8444,0.7846
15-Feb-1971,1.6,0.829,8.3111,-1.1,0.8599
16-Feb-1971,0.4,0.853,4.4944,-7.9778,0.7954
17-Feb-1971,1.15,0.878,2.6444,-5.3111,0.7094
18-Feb-1971,2.69,0.903,5.2833,-8.7611,0.6368
19-Feb-1971,4.21,0.929,1.2944,-8.0056,0.6046
20-Feb-1971,0.68,0.955,0.5611,-9.6889,0.5804
21-Feb-1971,0.04,0.982,3.2056,-10.6,0.5482
22-Feb-1971,3.32,1.01,2.75,-7.7944,0.5804
23-Feb-1971,0.89,1.038,2.2222,-6.0556,0.5562
24-Feb-1971,0.16,1.067,7.3778,-9.5278,0.4998
25-Feb-1971,0.05,1.096,2.3444,-8.6778,0.5482
26-Feb-1971,0,1.126,-3.0111,-14.6722,0.4246
27-Feb-1971,4.36,1.156,-4.2611,-14.3667,0.4165
28-Feb-1971,3.83,1.187,-3.9,-10.0556,0.4299
01-Mar-1971,0.19,1.218,-3.5944,-15.5944,0.4434
02-Mar-1971,0,1.25,4.05,-15.4778,0.4165
03-Mar-1971,0.74,1.282,5.2056,-6.8222,0.4998
04-Mar-1971,0.88,1.315,1.6333,-4.8611,0.4756
05-Mar-1971,0.23,1.348,1.1556,-11.9,0.4514
06-Mar-1971,0,1.382,5.7222,-12.1167,0.4192
07-Mar-1971,0,1.416,7.3556,-7.3111,0.4595
08-Mar-1971,0.01,1.451,7.7389,-7.2722,0.4514
09-Mar-1971,0,1.486,7.8,-7.3667,0.4595
10-Mar-1971,0.04,1.521,6.6056,-5.4,0.4595
11-Mar-1971,2.45,1.557,6.3833,-1.8111,0.4756
12-Mar-1971,40.32,1.593,3.9333,-0.7778,0.5562
13-Mar-1971,2.75,1.629,0.7778,-9.3444,0.4837
14-Mar-1971,1.61,1.666,1.9444,-9.1722,0.4917
15-Mar-1971,0.06,1.704,5.6722,-4.3778,0.4998
16-Mar-1971,0.21,1.741,6.9722,-7.1944,0.4998
17-Mar-1971,0.05,1.779,5.85,-5.5167,0.5159
18-Mar-1971,0,1.818,6.15,-9.6889,0.4595
19-Mar-1971,0,1.856,10.0944,-7.8667,0.4675
20-Mar-1971,0,1.895,11.7,-5.7111,0.524
21-Mar-1971,0,1.935,12.1333,-4.75,0.5804
22-Mar-1971,0.41,1.974,12.6944,-0.5111,0.6368
23-Mar-1971,6.22,2.014,8.9056,1.1833,0.7416
24-Mar-1971,1.35,2.054,8.6333,-2.8778,0.7201
25-Mar-1971,18.12,2.094,6.8833,0.4833,0.8384
26-Mar-1971,42.71,2.135,4.5333,0.5,2.292
27-Mar-1971,0.05,2.176,8.9444,-2.4944,1.4779
28-Mar-1971,0,2.217,12.4167,-4.8722,1.1823
29-Mar-1971,0,2.258,15.9111,-3.4778,1.142
30-Mar-1971,0,2.299,11.5056,0.4,1.3301
31-Mar-1971,0,2.341,7.1333,-8.8,1.2763
01-Apr-1971,0,2.382,10.4111,-7.7778,1.1017
02-Apr-1971,0,2.424,12.2222,-4.8722,1.0883
03-Apr-1971,0,2.466,12.65,-3.9833,1.1017
04-Apr-1971,0,2.508,14.5222,-4.5778,1.1554
05-Apr-1971,0.01,2.551,15.6278,-2.9667,1.2629
06-Apr-1971,0.59,2.593,12.8667,1.9333,1.3973
07-Apr-1971,0.49,2.635,7.4889,-0.65,1.3435
08-Apr-1971,0.02,2.678,10.5222,-5.8611,1.2092
09-Apr-1971,0.01,2.72,10.6333,-3.7444,1.236
10-Apr-1971,0.86,2.763,9.3167,0.8722,1.3167
11-Apr-1971,0,2.806,11.5556,-3.5056,1.3301
12-Apr-1971,0,2.848,13.5444,-3.3722,1.4376
13-Apr-1971,0.02,2.891,12.3,-0.8556,1.7036
14-Apr-1971,0.02,2.934,11.1056,-0.0389,1.6391
15-Apr-1971,0,2.977,13.9944,-1.8278,1.5424
16-Apr-1971,0.31,3.019,11.65,-1.1167,1.8648
17-Apr-1971,7.44,3.062,5.9167,-4.7,1.8809
18-Apr-1971,1.01,3.104,4.3611,-5.3833,1.5262
19-Apr-1971,0.01,3.147,10.2444,-5.6889,1.357
20-Apr-1971,2.82,3.189,6.0944,-1.6167,1.3435
21-Apr-1971,0.22,3.232,2.4778,-8.6111,1.2226
22-Apr-1971,0.05,3.274,5.9333,-8.0556,1.1017
23-Apr-1971,0.94,3.316,7.1889,-2.5944,1.0533
24-Apr-1971,8.07,3.358,2.8889,-5.4722,1.0533
25-Apr-1971,9.96,3.4,3.05,-6.2667,1.0318
26-Apr-1971,1.86,3.442,7.1778,-4.0111,1.0103
27-Apr-1971,0.34,3.483,10.7667,-3.2278,0.9888
28-Apr-1971,0.11,3.525,12.1611,-1.8889,1.0533
29-Apr-1971,0,3.566,14.1722,-2.8778,1.2898
30-Apr-1971,0,3.607,15.65,-1.8111,1.5585
01-May-1971,0,3.648,13.9056,-0.0333,1.9454
02-May-1971,5.49,3.689,10.4222,0.9389,2.0744
03-May-1971,13.64,3.729,6.6167,-0.1944,1.8809
04-May-1971,3.08,3.769,7.3611,0.1667,1.6391
05-May-1971,0.14,3.809,8.3889,0.1056,1.5907
06-May-1971,5.04,3.848,7.3056,0.0389,1.7842
07-May-1971,21.76,3.888,6.8056,1.0778,1.8326
08-May-1971,1.66,3.927,7.75,0.4333,1.8809
09-May-1971,0.5,3.965,11.7444,1.7,1.8326
10-May-1971,0.06,4.004,14.7333,0.7833,2.2356
11-May-1971,7.44,4.042,14.3889,0.9667,2.9289
12-May-1971,0.32,4.08,14.7722,1.6222,2.9826
13-May-1971,0.02,4.117,14.3,3.3833,3.3051
14-May-1971,0,4.154,16.6667,0.55,3.4125
15-May-1971,0.02,4.191,16.2944,0.3,3.7081
16-May-1971,0,4.227,11.4778,-0.7278,3.7887
17-May-1971,0,4.263,8.8444,-4.6278,3.0364
18-May-1971,0,4.298,12.7111,-5.2056,2.687
19-May-1971,0,4.333,14.4,-2.3333,2.7408
20-May-1971,4.45,4.368,12.9,1.6333,2.9826
21-May-1971,13.48,4.402,8.9778,-3.6444,3.1976
22-May-1971,0,4.436,11.9278,-2.05,2.4989
23-May-1971,0.59,4.469,15.6056,0.1389,2.4237
24-May-1971,6.78,4.502,16.6333,2.7278,2.9557
25-May-1971,0.35,4.535,16.0778,2.6833,3.52
26-May-1971,17.91,4.566,11.8278,4.2111,3.7081
27-May-1971,26.36,4.598,6.2722,-0.4889,3.6006
28-May-1971,5.36,4.629,7.7778,-1.95,3.117
29-May-1971,2.22,4.659,10.2667,-1.8778,2.8214
30-May-1971,4.57,4.689,6.8778,-1.8111,2.8214
31-May-1971,4.58,4.718,4.9222,-3.2333,2.4613
01-Jun-1971,0.03,4.747,5.6111,-2.1222,2.198
02-Jun-1971,0.03,4.775,10.5556,-3.0611,2.026
03-Jun-1971,0.01,4.803,12.3722,-0.2944,2.1416
04-Jun-1971,0.91,4.83,13.4944,1.3389,2.4237
05-Jun-1971,0,4.857,15.9167,-0.3833,2.7139
06-Jun-1971,0,4.883,18.7778,1.5389,3.2782
07-Jun-1971,0.07,4.908,19.4833,2.6722,3.8962
08-Jun-1971,0,4.933,18.4944,3.1444,4.3261
09-Jun-1971,0,4.957,16.4056,3.2333,4.2993
10-Jun-1971,0,4.981,16.0111,3.2222,3.8156
11-Jun-1971,0,5.004,18.0611,1.3556,3.8962
12-Jun-1971,0,5.026,19.4222,2.9111,4.1112
13-Jun-1971,0,5.048,18.3611,4.8889,4.4605
14-Jun-1971,0,5.069,21.7611,1.8278,4.3261
15-Jun-1971,0,5.089,23.4556,4.1111,4.2455
16-Jun-1971,0,5.109,23.3278,4.3667,4.3261
17-Jun-1971,0,5.128,21.5389,3.3333,4.2724
18-Jun-1971,0,5.147,19.6167,5.5333,4.0574
19-Jun-1971,0,5.165,20.7056,6.0667,3.8962
20-Jun-1971,0,5.182,23.1389,4.1833,4.0843
21-Jun-1971,0,5.198,23.0833,6.4667,4.0574
22-Jun-1971,0,5.214,23.4667,4.8278,3.9499
23-Jun-1971,0,5.229,22.0056,6.4278,3.7887
24-Jun-1971,0.01,5.244,21.1389,5.5056,3.5469
25-Jun-1971,0.03,5.258,20.1444,6.8333,3.4663
26-Jun-1971,15.68,5.271,16.8556,8.2667,3.735
27-Jun-1971,0.22,5.283,15.1056,2.9056,5.0516
28-Jun-1971,0,5.295,16.5222,2.2667,3.52
29-Jun-1971,0,5.306,18.7278,1.3889,2.9826
30-Jun-1971,0,5.316,21.6389,3.1944,2.7139
01-Jul-1971,0,5.325,22.7611,5.5389,2.593
02-Jul-1971,0,5.334,21.9889,5.55,2.593
03-Jul-1971,0,5.342,21.2889,4.8667,2.4613
04-Jul-1971,0,5.35,21.5722,6.85,2.3297
05-Jul-1971,0,5.356,22.0444,5.2667,2.1792
06-Jul-1971,0,5.362,22.4833,5.1667,2.0744
07-Jul-1971,0,5.367,21.6944,5.3167,1.9615
08-Jul-1971,0,5.372,21.4167,5.1,1.8487
09-Jul-1971,0,5.376,20.7611,3.3333,1.7197
10-Jul-1971,0,5.379,20.1389,4.2444,1.623
11-Jul-1971,0,5.381,22.5056,2.8111,1.5101
12-Jul-1971,0,5.382,24.9167,4.5389,1.4376
13-Jul-1971,0,5.383,25.7333,6.5056,1.3838
14-Jul-1971,0,5.383,27.4722,8.6778,1.3704
15-Jul-1971,0,5.383,28.0722,10.0222,1.3301
16-Jul-1971,1.12,5.381,27.8889,12.85,1.2898
17-Jul-1971,10.9,5.379,24.6,10.7833,1.451
18-Jul-1971,4.39,5.376,24.15,12.35,1.623
19-Jul-1971,2.02,5.373,24.8556,9.6833,1.3838
20-Jul-1971,13.13,5.368,24.7611,10.5722,1.357
21-Jul-1971,0,5.363,25.4389,8.9722,1.2092
22-Jul-1971,0,5.358,25.5333,9.3444,1.0238
23-Jul-1971,0,5.351,26.3222,8.4556,0.9485
24-Jul-1971,0,5.344,26.0333,9.1056,0.876
25-Jul-1971,0.6,5.336,26.6556,9.6611,0.833
26-Jul-1971,0,5.327,27.3556,10.0222,0.7819
27-Jul-1971,0.8,5.318,28.4278,9.8667,0.7416
28-Jul-1971,0,5.308,28.6889,11.0167,0.7389
29-Jul-1971,0,5.297,28.2944,11.8,0.6691
30-Jul-1971,0.87,5.286,27.3444,12.0778,0.6315
31-Jul-1971,2.37,5.273,27.2556,11.2611,0.7497
01-Aug-1971,3.52,5.26,27.7111,11.1222,0.7148
02-Aug-1971,0.02,5.247,27.5389,10.6611,0.6019
03-Aug-1971,0.02,5.232,26.1889,11.3944,0.5508
04-Aug-1971,0.01,5.217,25.8556,10.9944,0.5293
05-Aug-1971,0.61,5.202,24.8056,10.5667,0.5132
06-Aug-1971,0.04,5.185,25.55,9.4167,0.4944
07-Aug-1971,0,5.168,25.6056,9.6167,0.4595
08-Aug-1971,1.32,5.151,26.9389,9.6778,0.4407
09-Aug-1971,0.02,5.132,28.8889,10.4389,0.4649
10-Aug-1971,0.19,5.113,29.8889,11.3167,0.446
11-Aug-1971,0.04,5.094,29.1556,11.8667,0.4246
12-Aug-1971,8.62,5.073,28.0278,11.9,0.4649
13-Aug-1971,0,5.052,26.9389,10.1889,0.524
14-Aug-1971,0,5.031,26.3167,9.3056,0.4219
15-Aug-1971,0,5.009,25.9778,9.9278,0.4004
16-Aug-1971,0,4.986,25.2611,9.1222,0.3896
17-Aug-1971,0,4.962,25.3611,7.8722,0.3896
18-Aug-1971,0,4.938,26.0056,7.6611,0.3762
19-Aug-1971,0,4.913,26.1389,8.4778,0.3789
20-Aug-1971,0,4.888,24.6389,6.5278,0.3896
21-Aug-1971,0,4.862,23.9389,5.5278,0.3842
22-Aug-1971,0,4.836,22.6278,4.5611,0.3816
23-Aug-1971,0,4.809,23.5222,5.7667,0.3708
24-Aug-1971,0.33,4.781,24.4056,7.1333,0.3735
25-Aug-1971,2.08,4.753,24.8556,9.6278,0.3708
26-Aug-1971,4.85,4.724,24.8667,9.0611,0.4111
27-Aug-1971,0.02,4.695,24.4,6.7667,0.4246
28-Aug-1971,0.38,4.665,23.6889,7.7389,0.4004
29-Aug-1971,0,4.635,22.9667,6.3722,0.3896
30-Aug-1971,0.04,4.604,20.2444,4.6778,0.3628
31-Aug-1971,0,4.573,19.2889,6.8222,0.352
01-Sep-1971,0,4.541,21.8111,3.1778,0.352
02-Sep-1971,0,4.509,19.3056,5.2833,0.3305
03-Sep-1971,0,4.476,19.15,1.2,0.3466
04-Sep-1971,0,4.443,22.3333,2.2111,0.3681
05-Sep-1971,0,4.409,22.6833,5.2667,0.3413
06-Sep-1971,2.66,4.375,19.2389,8.4889,0.3359
07-Sep-1971,0.01,4.341,20.7111,1.7722,0.3681
08-Sep-1971,0,4.306,24.5611,2.85,0.3466
09-Sep-1971,0,4.27,25.1333,7.8,0.3332
10-Sep-1971,0,4.235,26.2111,7.2778,0.3251
11-Sep-1971,0,4.198,26.4222,8.3722,0.2929
12-Sep-1971,0,4.162,28.2722,8.1056,0.2795
13-Sep-1971,0,4.125,28.4333,9.4944,0.2768
14-Sep-1971,0,4.088,27.0167,9.1333,0.2606
15-Sep-1971,0,4.05,25.2222,6.1278,0.258
16-Sep-1971,0,4.012,25.4111,6.25,0.2499
17-Sep-1971,0,3.974,21.3111,3.3611,0.2391
18-Sep-1971,0,3.935,17.4333,-0.8056,0.2472
19-Sep-1971,0,3.896,20.2278,0.2833,0.2526
20-Sep-1971,0,3.857,19.3278,1.4944,0.2445
21-Sep-1971,0,3.817,17.4056,0.5333,0.2553
22-Sep-1971,0,3.777,19.1222,-0.0944,0.2633
23-Sep-1971,0,3.737,21.3611,1.2222,0.2633
24-Sep-1971,0,3.697,19.2667,1.8556,0.2526
25-Sep-1971,0,3.656,13.9222,2.9,0.2553
26-Sep-1971,0.29,3.616,8.6778,-0.4444,0.258
27-Sep-1971,0.02,3.575,10.1278,-3.2444,0.2606
28-Sep-1971,0.1,3.534,10.9556,-2.9444,0.266
29-Sep-1971,6.77,3.492,10.2833,0.5222,0.2606
30-Sep-1971,2.37,3.451,6.1389,-2.6167,0.2875
01-Oct-1971,0.01,3.409,9.1,-7.1056,0.2929
02-Oct-1971,0,3.367,13.0944,-4.3111,0.2848
03-Oct-1971,0,3.325,14.8278,-2.3167,0.2848
04-Oct-1971,0,3.283,18.2,-0.5944,0.2795
05-Oct-1971,0,3.241,20.6778,1.8111,0.2795
06-Oct-1971,0,3.198,21.9056,2.9278,0.266
07-Oct-1971,0,3.156,21.8,3.7222,0.266
08-Oct-1971,0,3.113,21.8389,4.3667,0.266
09-Oct-1971,0,3.071,22.4056,3.4778,0.2553
10-Oct-1971,0,3.028,23.0667,3.1,0.2472
11-Oct-1971,0,2.986,22.0222,3.5944,0.2418
12-Oct-1971,0,2.943,21.9056,2.7833,0.2365
13-Oct-1971,0,2.9,23.3111,2.8833,0.2284
14-Oct-1971,0.01,2.857,19.2722,6.5667,0.223
15-Oct-1971,3.34,2.815,9.6111,0.4389,0.2177
16-Oct-1971,19.91,2.772,0.0833,-5.8167,0.2418
17-Oct-1971,0.75,2.729,1.2833,-7.7444,0.2472
18-Oct-1971,0.17,2.687,5.9444,-7.3944,0.2472
19-Oct-1971,0.03,2.644,10.3333,-4.5556,0.2553
20-Oct-1971,0.27,2.602,10.55,-0.1111,0.2553
21-Oct-1971,0.05,2.56,11.7389,-2.4444,0.2472
22-Oct-1971,0,2.517,13.4278,-2.3944,0.2418
23-Oct-1971,0.16,2.475,9.0889,0.7944,0.2365
24-Oct-1971,0.36,2.433,4.5944,-1.7667,0.2365
25-Oct-1971,0.19,2.391,7.7778,-4.1056,0.2418
26-Oct-1971,0,2.349,11.4444,-4.2722,0.2418
27-Oct-1971,3.85,2.308,7.4,-1.9444,0.2365
28-Oct-1971,1.22,2.266,-0.2056,-9.8778,0.2365
29-Oct-1971,0.08,2.225,-0.5111,-13.0278,0.1693
30-Oct-1971,0.07,2.184,3.0444,-9.8667,0.2177
31-Oct-1971,0.34,2.143,3.7556,-6.6556,0.2795
01-Nov-1971,0,2.103,9.9611,-8.4778,0.2365
02-Nov-1971,0,2.062,10.5444,-6.5611,0.2472
03-Nov-1971,0,2.022,13.6722,-5.7333,0.2418
04-Nov-1971,0,1.982,15.3944,-4.6722,0.2472
05-Nov-1971,0,1.943,11.7944,-6.0333,0.2418
06-Nov-1971,0,1.904,10.9667,-6.7056,0.2284
07-Nov-1971,0,1.865,11.9111,-5.4389,0.2284
08-Nov-1971,0,1.826,11.5444,-6.5056,0.2284
09-Nov-1971,0,1.787,12.7222,-1.9167,0.223
10-Nov-1971,0.04,1.749,13.7056,-1.9611,0.223
11-Nov-1971,56.63,1.712,8.8833,1.2722,0.524
12-Nov-1971,9.92,1.674,3.8222,-1.6444,0.9136
13-Nov-1971,13.64,1.637,0.6056,-4.65,0.4568
14-Nov-1971,0.25,1.601,0.3222,-11.2778,0.2983
15-Nov-1971,0.04,1.564,-1.1556,-7.8778,0.2821
16-Nov-1971,0,1.528,1.8556,-5.8444,0.2687
17-Nov-1971,0.01,1.493,3.5611,-9.7611,0.266
18-Nov-1971,0.25,1.458,0.8389,-8.0333,0.2983
19-Nov-1971,0,1.423,3.7278,-9.5722,0.2714
20-Nov-1971,0,1.389,6.75,-8.2333,0.2848
21-Nov-1971,0.11,1.355,7.7833,-5.9722,0.2929
22-Nov-1971,0,1.322,8.6889,-4.5944,0.2983
23-Nov-1971,0,1.289,9.6444,-6.1,0.2929
24-Nov-1971,0,1.257,8.9556,-3.0611,0.2983
25-Nov-1971,0.04,1.225,7.3167,-4.6389,0.2929
26-Nov-1971,6.48,1.193,7.4556,-3.2278,0.2848
27-Nov-1971,0.67,1.163,5.0944,-2.0944,0.4031
28-Nov-1971,22.28,1.132,3.3444,-1.0333,0.4165
29-Nov-1971,2.58,1.102,1.8056,-3.45,0.3816
30-Nov-1971,0.87,1.073,0.6667,-4.8444,0.3654
01-Dec-1971,0.74,1.044,2.4611,-7.2444,0.3332
02-Dec-1971,6.99,1.016,1.2278,-6.2944,0.3117
03-Dec-1971,4.46,0.988,-0.8611,-9.1611,0.2929
04-Dec-1971,0.32,0.961,1.7444,-9.0889,0.3466
05-Dec-1971,0.3,0.935,8.8389,-6.8222,0.3198
06-Dec-1971,3.55,0.909,3.6278,-4.6333,0.3386
07-Dec-1971,0.2,0.883,-2.9778,-10.6778,0.2929
08-Dec-1971,0.22,0.858,-0.3333,-14.9333,0.2203
09-Dec-1971,2.74,0.834,2.9778,-10.65,0.2553
10-Dec-1971,3.96,0.811,0.0389,-9.8667,0.2687
11-Dec-1971,2.02,0.788,-1.0056,-10.1556,0.2553
12-Dec-1971,10.9,0.765,-2.2667,-10.0778,0.2821
13-Dec-1971,0.09,0.743,-0.6556,-13.9167,0.2553
14-Dec-1971,4.48,0.722,1.2722,-12.7389,0.2687
15-Dec-1971,0.03,0.702,-0.45,-13.4389,0.2821
16-Dec-1971,0.01,0.682,0.8667,-14.1722,0.2929
17-Dec-1971,0,0.663,3.2222,-12.5722,0.3654
18-Dec-1971,0,0.644,5.15,-11.4556,0.4165
19-Dec-1971,0,0.627,6.4611,-10.8833,0.4246
20-Dec-1971,0.85,0.609,5.4056,-9.9667,0.4111
21-Dec-1971,20.52,0.593,4.0444,-7.85,0.395
22-Dec-1971,64.54,0.577,2.5111,-4.9389,0.9512
23-Dec-1971,6.51,0.562,1.5167,-4.2833,0.6691
24-Dec-1971,32.89,0.547,1.7833,-3.7444,0.4487
25-Dec-1971,60.92,0.534,0.3056,-4.0167,0.4407
26-Dec-1971,6.43,0.521,-2.4444,-12.5611,0.3466
27-Dec-1971,15.7,0.508,-4.4444,-11.8056,0.309
28-Dec-1971,0.07,0.497,-2.9167,-12.3667,0.2956
29-Dec-1971,6.79,0.486,-2.1,-13.0111,0.2821
30-Dec-1971,0.11,0.475,-2.7889,-14.2889,0.2687
31-Dec-1971,0,0.466,-2.9833,-13.3722,0.2553
01-Jan-1972,0,0.44,0.2889,-12.6389,0.2687
02-Jan-1972,0,0.442,1.7556,-12.4333,0.2821
03-Jan-1972,0,0.435,-2.5444,-12.5333,0.2418
04-Jan-1972,0,0.429,-3.8222,-13,0.215
05-Jan-1972,0,0.424,1.0167,-12.9778,0.2418
06-Jan-1972,0,0.419,2.1111,-11.3056,0.2553
07-Jan-1972,0,0.416,3.3111,-10.9222,0.2821
08-Jan-1972,0,0.413,1.8944,-11.2722,0.2687
09-Jan-1972,0,0.41,3.0222,-12.3056,0.2687
10-Jan-1972,0,0.409,3.7889,-10.5056,0.2553
11-Jan-1972,0,0.408,4.2111,-9.4444,0.2687
12-Jan-1972,0,0.408,4.6833,-7.0167,0.2821
13-Jan-1972,0,0.409,5.9722,-6.6333,0.2687
14-Jan-1972,0,0.41,4.3778,-8.3,0.2553
15-Jan-1972,0,0.412,4.5167,-9.6111,0.2418
16-Jan-1972,0,0.415,5.2111,-9.8778,0.2553
17-Jan-1972,0,0.419,7.7,-8.2556,0.2687
18-Jan-1972,0,0.423,7.9222,-3.5333,0.2956
19-Jan-1972,0.17,0.428,6.5889,-1.2722,0.3493
20-Jan-1972,0.14,0.434,6.4389,-1.5056,0.3601
21-Jan-1972,0.38,0.44,5.9556,-0.2778,0.395
22-Jan-1972,1.08,0.447,7.0111,0.0278,0.4326
23-Jan-1972,5.1,0.455,2.9222,-4.1,0.3896
24-Jan-1972,0.43,0.464,2.2333,-12.1222,0.2795
25-Jan-1972,6.46,0.473,0.3167,-7.5222,0.2687
26-Jan-1972,3.32,0.483,-3.9167,-9.6278,0.2553
27-Jan-1972,25.81,0.494,-4.9778,-11.9056,0.2418
28-Jan-1972,0.55,0.506,-3.1111,-8.5667,0.2553
29-Jan-1972,0.1,0.518,-2.1722,-12.6833,0.2418
30-Jan-1972,0,0.531,1.1778,-13.8278,0.2284
31-Jan-1972,0.08,0.545,4.4944,-12.6722,0.2553
01-Feb-1972,0.12,0.559,0.5222,-10.4111,0.2418
02-Feb-1972,0,0.574,-1.1111,-15.0167,0.2284
03-Feb-1972,0.17,0.589,1.8333,-12.8222,0.2418
04-Feb-1972,1.22,0.606,2.8556,-8.8667,0.2687
05-Feb-1972,8.06,0.623,0.2611,-6.9389,0.2956
06-Feb-1972,0.32,0.641,2.9222,-5.8944,0.3198
07-Feb-1972,0.38,0.659,4.0056,-8.9222,0.2929
08-Feb-1972,0,0.678,3.4556,-7.7056,0.2848
09-Feb-1972,0,0.698,4.5333,-8.6389,0.2848
10-Feb-1972,0,0.718,5.1944,-9.4278,0.2795
11-Feb-1972,0,0.739,7.0667,-8.3667,0.2848
12-Feb-1972,0,0.761,7.6722,-7.0611,0.3063
13-Feb-1972,0,0.783,8.0222,-7.1889,0.3117
14-Feb-1972,0.02,0.806,7.0056,-6.6333,0.3332
15-Feb-1972,0,0.829,7.75,-6.1167,0.3332
16-Feb-1972,0,0.853,10.5333,-8.05,0.3332
17-Feb-1972,0,0.878,10.9222,-8.1611,0.3466
18-Feb-1972,0,0.903,11.6167,-5.1111,0.3654
19-Feb-1972,0,0.929,10.5778,-2.3611,0.395
20-Feb-1972,0,0.955,8.8833,-1.1222,0.4407
21-Feb-1972,4.35,0.982,6.9278,-2.6056,0.4729
22-Feb-1972,6.02,1.01,4.2722,-2.55,0.5508
23-Feb-1972,0.41,1.038,3.5389,-1.6,0.4649
24-Feb-1972,5.6,1.067,3.1222,-2.0389,0.4031
25-Feb-1972,1.35,1.096,5.9611,-1.95,0.4165
26-Feb-1972,0.2,1.126,9.6778,-1.85,0.4729
27-Feb-1972,0.07,1.156,12.7833,-4.5444,0.5052
28-Feb-1972,2.52,1.187,10.1389,-0.3778,0.6261
29-Feb-1972,4.02,1.218,6.5333,-1.15,0.8061
01-Mar-1972,0.03,1.25,7.2556,-7.85,0.5885
02-Mar-1972,1.45,1.282,9.4722,0.3222,0.6879
03-Mar-1972,1.63,1.315,10.7889,3.9778,1.1554
04-Mar-1972,0.14,1.348,15.35,1.2444,1.3167
05-Mar-1972,0,1.382,17.1222,-2.3278,1.2092
06-Mar-1972,0,1.416,16.3667,0.4167,1.1689
07-Mar-1972,0,1.451,15.4444,-1.9389,1.1447
08-Mar-1972,0,1.486,17.0222,-1.8722,1.2092
09-Mar-1972,0.12,1.521,16.4,1.5722,1.3167
10-Mar-1972,0.18,1.557,12.9278,2.3167,1.3301
11-Mar-1972,0.01,1.593,12.8833,-0.4778,1.2898
12-Mar-1972,0,1.629,12.1667,-0.5778,1.2629
13-Mar-1972,0,1.666,12.5,-1.0889,1.1823
14-Mar-1972,0,1.704,12.6444,-3.5611,1.236
15-Mar-1972,0,1.741,14.2222,-2.5611,1.1823
16-Mar-1972,0,1.779,16.0778,-2.1167,1.1823
17-Mar-1972,0,1.818,16.8222,-0.8667,1.3435
18-Mar-1972,0,1.856,14.5389,0.9611,1.4564
19-Mar-1972,0,1.895,14.3889,-3.5222,1.357
20-Mar-1972,0,1.935,15.3389,-2.6222,1.3704
21-Mar-1972,0.46,1.974,14.0389,1.5056,1.5209
22-Mar-1972,4.71,2.014,8.6611,-1.5056,1.5047
23-Mar-1972,0.22,2.054,7.4333,-8.8556,1.2226
24-Mar-1972,0.96,2.094,9.7833,-5.6833,1.0963
25-Mar-1972,1.37,2.135,6.1278,-1.3167,1.0587
26-Mar-1972,0,2.176,2.8722,-10.4611,0.9754
27-Mar-1972,0,2.217,2.8167,-9.5167,0.9028
28-Mar-1972,0,2.258,5.1,-9.5667,0.8276
29-Mar-1972,0.36,2.299,6.45,-6.5889,0.7954
30-Mar-1972,0,2.341,11.0333,-7.7778,0.7416
31-Mar-1972,0,2.382,10.8389,-5.7278,0.7524
01-Apr-1972,0.14,2.424,10.65,0.0056,0.7201
02-Apr-1972,0.02,2.466,13.4833,-2.0944,0.7416
03-Apr-1972,0,2.508,14.7222,-1.5333,0.8384
04-Apr-1972,4.96,2.551,11.9389,2.2333,0.962
05-Apr-1972,25.9,2.593,8.0222,2.1056,1.1689
06-Apr-1972,1.02,2.635,7.2222,-0.1833,1.1205
07-Apr-1972,0.02,2.678,10.3778,-3.8444,0.962
08-Apr-1972,0,2.72,10.3444,-2.0278,0.8921
09-Apr-1972,0,2.763,10.4167,-2.5556,0.8599
10-Apr-1972,0,2.806,9.45,0.6611,0.8276
11-Apr-1972,25.38,2.848,5.1222,-1.2389,0.8921
12-Apr-1972,16.24,2.891,1.5611,-2.8778,0.8276
13-Apr-1972,1.06,2.934,1.65,-9.5889,0.8276
14-Apr-1972,0,2.977,8.8889,-8.8778,0.8061
15-Apr-1972,0,3.019,12.2111,-4.5611,0.8706
16-Apr-1972,0,3.062,11.4333,-2.05,0.962
17-Apr-1972,2.61,3.104,8.65,-4.7889,0.9378
18-Apr-1972,3.98,3.147,5.0222,-6.0278,0.9378
19-Apr-1972,0.19,3.189,6.2222,-6.35,0.8061
20-Apr-1972,0,3.232,12.0056,-6.25,0.7954
21-Apr-1972,0,3.274,13.4833,-1.8667,0.8276
22-Apr-1972,0,3.316,15.1722,-4.0889,0.9136
23-Apr-1972,0,3.358,14.5333,-0.7333,1.0345
24-Apr-1972,2.48,3.4,9.7,-0.3611,1.1554
25-Apr-1972,0,3.442,10.7722,-6.8111,1.0103
26-Apr-1972,0,3.483,13.95,-3.8833,0.9754
27-Apr-1972,0,3.525,17.3333,-2.4056,1.0963
28-Apr-1972,0,3.566,15.35,2.9167,1.4241
29-Apr-1972,0,3.607,11.8278,-3.6833,1.6015
30-Apr-1972,0,3.648,13.95,-5.2,1.537
01-May-1972,0,3.689,16.4778,-3.0222,1.6821
02-May-1972,0,3.729,18.7722,-1.1389,1.9642
03-May-1972,0,3.769,18.9444,0.1556,2.2087
04-May-1972,0.01,3.809,17.6278,0.9833,2.3216
05-May-1972,0.88,3.848,16.2278,1.2278,2.5473
06-May-1972,0,3.888,13.8944,-0.2833,2.5473
07-May-1972,0.03,3.927,10.9611,-0.6278,2.4345
08-May-1972,0,3.965,11.3778,0.0611,2.1335
09-May-1972,2.56,4.004,12.3722,-1.3611,2.0959
10-May-1972,0.01,4.042,14.7278,-1.6,1.983
11-May-1972,0,4.08,17.0722,-1.2333,2.0959
12-May-1972,0,4.117,19.0167,0.1333,2.2464
13-May-1972,0,4.154,20.8611,1.6556,2.4721
14-May-1972,0,4.191,20.6778,3.6,2.7945
15-May-1972,0,4.227,20.05,3.7944,3.0364
16-May-1972,0,4.263,16.7611,3.7278,3.0364
17-May-1972,0,4.298,13.0444,2.5111,2.8751
18-May-1972,0.24,4.333,12.1278,-1.7222,2.5473
19-May-1972,32.41,4.368,7.9778,-0.1167,2.5097
20-May-1972,2.55,4.402,4.6222,-1.0833,2.0771
21-May-1972,0.49,4.436,8.6333,-0.6833,1.7143
22-May-1972,0,4.469,13.3111,-1.4611,1.5854
23-May-1972,0,4.502,15.5556,-0.0278,1.6982
24-May-1972,0.01,4.535,16.4889,0.0944,1.9642
25-May-1972,0,4.566,18.9611,1.3389,2.2087
26-May-1972,0,4.598,21.3889,2.9111,2.5473
27-May-1972,0,4.629,23.0778,4.5278,2.902
28-May-1972,0,4.659,23.4722,5.9111,3.1707
29-May-1972,0,4.689,23.1722,6.5611,3.3588
30-May-1972,0,4.718,23.4722,6.9722,3.4663
31-May-1972,0,4.747,22.5833,6.9833,3.5738
01-Jun-1972,0.6,4.775,21.9667,6.7667,3.5738
02-Jun-1972,0.27,4.803,20.8556,7.3778,3.3051
03-Jun-1972,0.22,4.83,20.8667,5.5,3.1438
04-Jun-1972,7.07,4.857,20.6222,5.2611,3.0632
05-Jun-1972,6.03,4.883,20.8167,4.6222,2.9289
06-Jun-1972,3.63,4.908,19.1,8.1667,2.7677
07-Jun-1972,3.26,4.933,15.5833,7.5444,2.8214
08-Jun-1972,4.98,4.957,15.0889,6.1556,2.7945
09-Jun-1972,3.74,4.981,12.5111,5.8389,2.9289
10-Jun-1972,1.08,5.004,10.5944,2.4722,2.4909
11-Jun-1972,0.13,5.026,16.2056,-2.6167,2.0207
12-Jun-1972,0,5.048,20.0333,0.8444,1.9266
13-Jun-1972,0,5.069,21.7111,3.5278,1.9078
14-Jun-1972,0,5.089,21.8222,5.6889,1.9454
15-Jun-1972,0,5.109,22.3833,5.1167,1.9454
16-Jun-1972,0,5.128,22.1556,4.6111,1.8917
17-Jun-1972,0.21,5.147,23,4.6611,1.7949
18-Jun-1972,0,5.165,24.1111,6.0167,1.7627
19-Jun-1972,0,5.182,23.7167,5.8111,1.6821
20-Jun-1972,0,5.198,23.0222,6.2889,1.6015
21-Jun-1972,0,5.214,23.0889,4.5667,1.5209
22-Jun-1972,0,5.229,20.4667,6.3944,1.3973
23-Jun-1972,0,5.244,16.9333,5.4944,1.2898
24-Jun-1972,0,5.258,17.3278,1.1222,1.1823
25-Jun-1972,0.03,5.271,19.2389,0.9944,1.0829
26-Jun-1972,0,5.283,21.6111,2.8444,1.0238
27-Jun-1972,0,5.295,24.2778,6.4222,0.9861
28-Jun-1972,0,5.306,26.7944,7.6722,0.962
29-Jun-1972,0,5.316,29.0111,8.7722,0.927
30-Jun-1972,0,5.325,29.5889,8.85,0.8599
01-Jul-1972,0,5.334,28.55,8.6611,0.8061
02-Jul-1972,0,5.342,27.1333,8.1333,0.7524
03-Jul-1972,0,5.35,26.9389,7.7444,0.6986
04-Jul-1972,0,5.356,27.1111,8.8778,0.6583
05-Jul-1972,0,5.362,25.5889,10.2389,0.6073
06-Jul-1972,0,5.367,24.5389,8.9,0.5589
07-Jul-1972,0,5.372,23.2556,6.5111,0.5132
08-Jul-1972,0,5.376,23.3167,7.9222,0.5132
09-Jul-1972,0,5.379,22.7333,8.4833,0.489
10-Jul-1972,0,5.381,24.0722,6.2889,0.489
11-Jul-1972,0,5.382,25.8111,7.1778,0.4649
12-Jul-1972,0,5.383,28.9278,8.7667,0.4729
13-Jul-1972,0,5.383,30.4778,10.0944,0.4649
14-Jul-1972,0,5.383,31.0667,10.6111,0.4326
15-Jul-1972,0,5.381,31.1444,11.75,0.4111
16-Jul-1972,0,5.379,30.1222,13.0167,0.4971
17-Jul-1972,0,5.376,28.7611,11.0222,0.481
18-Jul-1972,0,5.373,26.9333,10.8278,0.4326
19-Jul-1972,0,5.368,22.9833,9.45,0.4031
20-Jul-1972,0.06,5.363,18.8167,6.0056,0.4031
21-Jul-1972,0,5.358,19.3333,2.25,0.4031
22-Jul-1972,0,5.351,22.2778,4.2167,0.4031
23-Jul-1972,0,5.344,23.5611,6.2444,0.3735
24-Jul-1972,0,5.336,23.3778,5.7333,0.3601
25-Jul-1972,0,5.327,23.5,5.0833,0.3654
26-Jul-1972,0,5.318,23.5722,5.7333,0.352
27-Jul-1972,0,5.308,25.8778,5.0944,0.3466
28-Jul-1972,0,5.297,28.8222,7.3333,0.3386
29-Jul-1972,1.33,5.286,27.7667,11.0167,0.3332
30-Jul-1972,0.3,5.273,24.6,13.6333,0.3332
31-Jul-1972,0.01,5.26,26.1278,10.6389,0.3332
01-Aug-1972,0,5.247,26.7,7.9889,0.2983
02-Aug-1972,0,5.232,25.6,5.3389,0.2553
03-Aug-1972,0,5.217,26.1,6.1222,0.2418
04-Aug-1972,0,5.202,27.0667,8.2278,0.2418
05-Aug-1972,0,5.185,28.5389,9.8444,0.2365
06-Aug-1972,0,5.168,30.2111,10.4056,0.2365
07-Aug-1972,0,5.151,30.7111,10.2889,0.2929
08-Aug-1972,0,5.132,30.4722,10.5,0.2848
09-Aug-1972,0,5.113,29.9667,11.6,0.2929
10-Aug-1972,0.02,5.094,29.1778,11.4944,0.2848
11-Aug-1972,0,5.073,27.3,10.7,0.223
12-Aug-1972,0,5.052,25.1056,10.1667,0.2123
13-Aug-1972,0,5.031,22.8611,6.9,0.2418
14-Aug-1972,0,5.009,20.6944,5.7167,0.2472
15-Aug-1972,0,4.986,17.8889,4.7167,0.2472
16-Aug-1972,0.15,4.962,19.2333,2.25,0.2472
17-Aug-1972,0.51,4.938,20.6056,4.0222,0.2606
18-Aug-1972,0.2,4.913,21.2111,5.7333,0.2795
19-Aug-1972,0.37,4.888,20.2278,4.6,0.2795
20-Aug-1972,0,4.862,20.9111,4.2222,0.2418
21-Aug-1972,0,4.836,22.9111,4.6722,0.2123
22-Aug-1972,0,4.809,24.6833,5.6222,0.2123
23-Aug-1972,0,4.781,24.1167,4.9833,0.2069
24-Aug-1972,0,4.753,23.5333,4.8944,0.2015
25-Aug-1972,0,4.724,23.8833,5.6167,0.1908
26-Aug-1972,0,4.695,24.4667,6.0111,0.1639
27-Aug-1972,0.58,4.665,24.6778,6.9056,0.1612
28-Aug-1972,1.37,4.635,23.3611,8.95,0.1612
29-Aug-1972,1.37,4.604,23.2222,7.2111,0.1854
30-Aug-1972,0.35,4.573,23.4611,7.8722,0.1854
31-Aug-1972,2.32,4.541,23.35,8.1944,0.2472
01-Sep-1972,1.25,4.509,23.0333,9.5889,0.3601
02-Sep-1972,0.06,4.476,22.6611,6.9056,0.2553
03-Sep-1972,3.26,4.443,22.8,6.3778,0.2177
04-Sep-1972,4.29,4.409,17.6056,9.5889,0.2015
05-Sep-1972,4.01,4.375,18.3444,8.2833,0.2177
06-Sep-1972,0.15,4.341,20.1944,5.3667,0.2123
07-Sep-1972,0,4.306,21.7167,6.2778,0.1908
08-Sep-1972,0,4.27,21.7889,7.9556,0.18
09-Sep-1972,0.02,4.235,20.9556,7.7722,0.1693
10-Sep-1972,0,4.198,16.8278,6.7056,0.1558
11-Sep-1972,0.07,4.162,15.0278,0.0667,0.1558
12-Sep-1972,0,4.125,15.6611,-2.1222,0.2015
13-Sep-1972,0,4.088,18.5444,-0.2889,0.1962
14-Sep-1972,0,4.05,21.5111,1.9167,0.1908
15-Sep-1972,0,4.012,22.5167,3.5222,0.1854
16-Sep-1972,0,3.974,22.5167,3.9333,0.1854
17-Sep-1972,0,3.935,21.6611,3.95,0.1854
18-Sep-1972,0,3.896,19.2056,3.8278,0.18
19-Sep-1972,0,3.857,15.9778,4.6944,0.18
20-Sep-1972,0,3.817,18.8389,0.1444,0.18
21-Sep-1972,0,3.777,20.1444,1.8389,0.18
22-Sep-1972,0,3.737,18.65,2.0778,0.1478
23-Sep-1972,0,3.697,17.4167,0.2722,0.137
24-Sep-1972,0,3.656,16.6389,-0.45,0.1505
25-Sep-1972,0.24,3.616,14.2944,-2.8056,0.1505
26-Sep-1972,8.34,3.575,12.9,2.1778,0.1639
27-Sep-1972,3.63,3.534,13.0833,4.8,0.1639
28-Sep-1972,0,3.492,16.6611,0.4944,0.1693
29-Sep-1972,0,3.451,17.8333,1.0167,0.1612
30-Sep-1972,0.44,3.409,17.7,2.6389,0.1612
01-Oct-1972,30.53,3.367,15.8167,5.3889,0.1747
02-Oct-1972,6.5,3.325,14.5833,4.95,0.4246
03-Oct-1972,0,3.283,17.5444,4.85,0.3332
04-Oct-1972,1.97,3.241,15.6056,6.4222,0.2418
05-Oct-1972,1.1,3.198,14.9722,3.6,0.2177
06-Oct-1972,0.03,3.156,14.15,2.3389,0.2123
07-Oct-1972,2.3,3.113,14.1056,3.6222,0.2069
08-Oct-1972,1.74,3.071,13.5611,2.8333,0.2365
09-Oct-1972,1.02,3.028,12.3056,2.9056,0.223
10-Oct-1972,0.83,2.986,9.8222,1.8833,0.2123
11-Oct-1972,0.61,2.943,12.1,1.9222,0.2177
12-Oct-1972,0.89,2.9,12.1611,0.2222,0.2123
13-Oct-1972,0.02,2.857,11.8667,0.4444,0.2069
14-Oct-1972,0.87,2.815,10.6667,-0.6,0.2015
15-Oct-1972,1.27,2.772,9.1111,-0.1667,0.2015
16-Oct-1972,3.33,2.729,8.8722,-0.3611,0.2123
17-Oct-1972,19.9,2.687,8.95,-0.6778,0.223
18-Oct-1972,2.04,2.644,8.5,0.5833,0.3198
19-Oct-1972,13.32,2.602,7.3056,-0.5833,0.2929
20-Oct-1972,4.39,2.56,9.4389,1.4444,0.3386
21-Oct-1972,0,2.517,12.3889,0.1778,0.3117
22-Oct-1972,0,2.475,13.4833,-0.2778,0.2848
23-Oct-1972,0,2.433,13.7444,0.1056,0.266
24-Oct-1972,0.57,2.391,10.95,-0.95,0.2526
25-Oct-1972,0,2.349,11.2167,-3.4056,0.2365
26-Oct-1972,0,2.308,11.3222,-0.95,0.2257
27-Oct-1972,0.02,2.266,9.1222,-1.4778,0.2177
28-Oct-1972,0,2.225,7.4556,-2.3944,0.2123
29-Oct-1972,0,2.184,3.2889,-7.5167,0.1988
30-Oct-1972,0,2.143,2.1333,-9.25,0.1693
31-Oct-1972,0.01,2.103,7.75,-8.3,0.1585
01-Nov-1972,0.07,2.062,9.1722,-2.6611,0.2042
02-Nov-1972,0,2.022,11.5167,-3.4056,0.2096
03-Nov-1972,6.57,1.982,10.8333,-3.1222,0.1988
04-Nov-1972,27.04,1.943,7.1222,-0.3556,0.3305
05-Nov-1972,0.18,1.904,7.4167,-3.6722,0.2956
06-Nov-1972,0,1.865,7.4056,-7.0111,0.2311
07-Nov-1972,8.02,1.826,5.15,-2.1722,0.2365
08-Nov-1972,0.27,1.787,4.6222,-5.6889,0.2311
09-Nov-1972,0.18,1.749,5.9278,-7.65,0.2123
10-Nov-1972,1.4,1.712,2.2222,-3.8222,0.223
11-Nov-1972,6.24,1.674,0.5889,-4.0444,0.2418
12-Nov-1972,0.1,1.637,3.6278,-8.2333,0.2257
13-Nov-1972,9.28,1.601,2.7167,-5.7111,0.215
14-Nov-1972,19.92,1.564,0.6944,-2.4833,0.2526
15-Nov-1972,13.72,1.528,1.95,-6.6778,0.2284
16-Nov-1972,11.31,1.493,2.1944,-5.5278,0.258
17-Nov-1972,2.51,1.458,3.2389,-3.8278,0.2553
18-Nov-1972,0.11,1.423,2.9722,-7.35,0.2311
19-Nov-1972,1.23,1.389,2.0056,-4.6556,0.2445
20-Nov-1972,0.02,1.355,2.5111,-8.15,0.215
21-Nov-1972,4.34,1.322,2.2278,-8.5667,0.1935
22-Nov-1972,0,1.289,1.0556,-6.2778,0.2633
23-Nov-1972,0.01,1.257,3.7389,-10.9,0.1935
24-Nov-1972,0,1.225,5.7833,-9.6333,0.1881
25-Nov-1972,0,1.193,8.9222,-7.4056,0.2418
26-Nov-1972,0,1.163,8.6222,-5.6167,0.2499
27-Nov-1972,0,1.132,7.8389,-5.9222,0.2499
28-Nov-1972,0,1.102,7.6556,-5.5833,0.2445
29-Nov-1972,0,1.073,7.0278,-6.4778,0.2526
30-Nov-1972,0,1.044,8.0222,-8.2222,0.215
01-Dec-1972,0.03,1.016,10.1611,-7.2444,0.2123
02-Dec-1972,0,0.988,10.1889,-6.5722,0.2418
03-Dec-1972,10.93,0.961,5.9889,-3.1722,0.2526
04-Dec-1972,11.6,0.935,0.9222,-8.8611,0.2553
05-Dec-1972,0.87,0.909,-3.0944,-14.3944,0.1908
06-Dec-1972,16.84,0.883,-4.3556,-11.4833,0.1962
07-Dec-1972,8.82,0.858,-6.2667,-10.2278,0.1881
08-Dec-1972,1.36,0.834,-8.7944,-14.1333,0.1773
09-Dec-1972,0.08,0.811,-11.2722,-13.4444,0.172
10-Dec-1972,0.02,0.788,-10.5167,-16.3667,0.1881
11-Dec-1972,0.03,0.765,-7,-13.2056,0.1747
12-Dec-1972,0.02,0.743,-4.3611,-15.6333,0.215
13-Dec-1972,0.75,0.722,-3.65,-14.3833,0.2418
14-Dec-1972,0,0.702,-2.6389,-14.8778,0.2284
15-Dec-1972,0,0.682,0.7333,-12.9556,0.2553
16-Dec-1972,2.54,0.663,4.3444,-8.4222,0.2956
17-Dec-1972,20.57,0.644,6.8167,-3.2556,0.5374
18-Dec-1972,8.92,0.627,8.1944,-3.1,0.8061
19-Dec-1972,5.85,0.609,7.3667,-0.7722,1.3704
20-Dec-1972,0.03,0.593,9.4333,-1.0278,1.0775
21-Dec-1972,1.63,0.577,9.3056,-1.5056,0.8142
22-Dec-1972,10.09,0.562,6.5278,-0.0389,0.9243
23-Dec-1972,0.08,0.547,5.6167,-6.35,0.6959
24-Dec-1972,0.29,0.534,5.7722,-3.8667,0.6019
25-Dec-1972,0,0.521,7.15,-6.7111,0.489
26-Dec-1972,0.35,0.508,8.9,-6.3722,0.4729
27-Dec-1972,1.19,0.497,7.9833,-5.4722,0.4756
28-Dec-1972,3.08,0.486,1.8889,-7.7056,0.4326
29-Dec-1972,0.01,0.475,0.0389,-12.2944,0.3654
30-Dec-1972,0,0.466,1.9833,-12,0.3708
31-Dec-1972,0,0.457,0.4833,-10.25,0.3628
01-Jan-1973,0.02,0.44,3.0667,-9.5556,0.3439
02-Jan-1973,1.44,0.442,4.4556,-10.7222,0.352
03-Jan-1973,3.69,0.435,-0.1444,-9.6556,0.3359
04-Jan-1973,0.06,0.429,-4.5389,-13.9278,0.2956
05-Jan-1973,0.04,0.424,-1.3333,-14.5167,0.2741
06-Jan-1973,0,0.419,-1.7444,-12.9944,0.2821
07-Jan-1973,0.01,0.416,0.1556,-14.05,0.2687
08-Jan-1973,17.26,0.413,-0.8556,-10.5722,0.2526
09-Jan-1973,7.06,0.41,-0.3944,-6.3667,0.2956
10-Jan-1973,2.3,0.409,1.5222,-7.9944,0.3896
11-Jan-1973,36.46,0.408,4.8667,-3.2556,0.4675
12-Jan-1973,17.6,0.408,7.2444,0.0667,0.8142
13-Jan-1973,0.06,0.409,9.0778,-1.3944,0.7174
14-Jan-1973,0,0.41,8.9389,-4.1944,0.5374
15-Jan-1973,2.21,0.412,8.6556,-4.0722,0.489
16-Jan-1973,71.53,0.415,4.9389,-0.8611,1.271
17-Jan-1973,4.53,0.419,2.35,-4.1278,0.8518
18-Jan-1973,32.9,0.423,1.1389,-4.3056,0.7228
19-Jan-1973,1.73,0.428,-2.3833,-8.8333,0.5589
20-Jan-1973,1.08,0.434,-0.5278,-13.1611,0.4541
21-Jan-1973,3.44,0.44,-0.45,-9.6167,0.3762
22-Jan-1973,0.02,0.447,-0.5722,-12.3444,0.3493
23-Jan-1973,0.01,0.455,1.7778,-12.3444,0.3224
24-Jan-1973,0.02,0.464,3.6333,-10.2111,0.3493
25-Jan-1973,2.26,0.473,1.3722,-7.5111,0.3493
26-Jan-1973,0.62,0.483,-0.45,-10.8611,0.3493
27-Jan-1973,0.02,0.494,2.15,-12.2611,0.3224
28-Jan-1973,0.08,0.506,5.6,-9.8833,0.3359
29-Jan-1973,8.76,0.518,3.2389,-8.25,0.3493
30-Jan-1973,3.93,0.531,1.9667,-6.8,0.3816
31-Jan-1973,0.28,0.545,3.4444,-5.5556,0.3681
01-Feb-1973,0,0.559,1.4556,-10.8389,0.3413
02-Feb-1973,0,0.574,1.5278,-8.4611,0.3601
03-Feb-1973,4.8,0.589,1.6278,-7.2833,0.3547
04-Feb-1973,2.72,0.606,2.5611,-5.2,0.3547
05-Feb-1973,0.31,0.623,2.5167,-7.2167,0.3413
06-Feb-1973,9.63,0.641,2,-5.9,0.3547
07-Feb-1973,6.58,0.659,2.6667,-3.9111,0.3628
08-Feb-1973,0.71,0.678,3.2056,-4.5667,0.3547
09-Feb-1973,3.1,0.698,3.6,-6.9944,0.3413
10-Feb-1973,44.38,0.718,0.9722,-4.7667,0.3923
11-Feb-1973,33.31,0.739,-0.0611,-4.55,0.3789
12-Feb-1973,7.88,0.761,1.7944,-4.8556,0.3601
13-Feb-1973,1.19,0.783,2.7833,-6.2389,0.3708
14-Feb-1973,3.44,0.806,1.7333,-6.8833,0.3681
15-Feb-1973,1.09,0.829,2.5778,-5.7,0.3735
16-Feb-1973,0.01,0.853,4.1,-6.5556,0.3654
17-Feb-1973,0,0.878,5.3111,-8.25,0.3574
18-Feb-1973,0,0.903,4.8056,-8.8167,0.3977
19-Feb-1973,0,0.929,4.8222,-10.1611,0.3708
20-Feb-1973,0,0.955,5.9833,-8.9889,0.3816
21-Feb-1973,0,0.982,5.1444,-8.0056,0.3977
22-Feb-1973,0,1.01,6.2944,-7.8722,0.3923
23-Feb-1973,0.16,1.038,6.2611,-7.4056,0.3977
24-Feb-1973,6.83,1.067,4.7833,-4.7722,0.4246
25-Feb-1973,0.12,1.096,6.1556,-5.1667,0.4084
26-Feb-1973,14.68,1.126,5.2611,-7.0111,0.4272
27-Feb-1973,13.87,1.156,4.1056,-4.3667,0.4864
28-Feb-1973,3.53,1.187,5.8222,-4.4111,0.5213
01-Mar-1973,0.24,1.218,5.6667,-2.4167,0.5374
02-Mar-1973,0.18,1.25,5.6056,-5.5167,0.5159
03-Mar-1973,7.2,1.282,3.9944,-8.25,0.4783
04-Mar-1973,2.3,1.315,1.7389,-7.6333,0.4756
05-Mar-1973,0.04,1.348,3.2556,-10.0111,0.4407
06-Mar-1973,7.88,1.382,2.3611,-5.9167,0.4487
07-Mar-1973,1.6,1.416,4.1667,-7.3389,0.4353
08-Mar-1973,0.71,1.451,3.4111,-5.75,0.4246
09-Mar-1973,0.04,1.486,7.0667,-7.4389,0.4057
10-Mar-1973,18.05,1.521,6.2444,-4.9167,0.4595
11-Mar-1973,3.43,1.557,2.7056,-8.6889,0.575
12-Mar-1973,0.42,1.593,1.9722,-7.8222,0.489
13-Mar-1973,2.09,1.629,-0.2,-7.0278,0.4675
14-Mar-1973,0.04,1.666,1.8667,-7.3611,0.4407
15-Mar-1973,0.02,1.704,6.8333,-9.3667,0.4004
16-Mar-1973,0,1.741,7.7778,-7.05,0.446
17-Mar-1973,0.41,1.779,5.4056,-5.5333,0.4568
18-Mar-1973,0.02,1.818,5.2667,-8.8222,0.438
19-Mar-1973,3.14,1.856,5.5278,-7.5611,0.4568
20-Mar-1973,3.65,1.895,0.9556,-5.3944,0.4649
21-Mar-1973,4.87,1.935,0.3889,-7.1167,0.4272
22-Mar-1973,0.58,1.974,3.3,-9.8167,0.4057
23-Mar-1973,0.03,2.014,5.7611,-7.5833,0.4246
24-Mar-1973,0,2.054,8.2389,-8.0222,0.4246
25-Mar-1973,0.2,2.094,8.6167,-3.9167,0.4998
26-Mar-1973,0.28,2.135,6.5444,-2.1111,0.5885
27-Mar-1973,13.51,2.176,4.9111,-2.7111,0.6556
28-Mar-1973,8.8,2.217,2.3,-6.3667,0.6449
29-Mar-1973,0.72,2.258,2.9889,-9.1722,0.5482
30-Mar-1973,1.53,2.299,4.8889,-5.1167,0.524
31-Mar-1973,1.86,2.341,4.2889,-3.6778,0.5589
01-Apr-1973,4.32,2.382,3.0333,-8.0667,0.5938
02-Apr-1973,0,2.424,4.8389,-7.1833,0.532
03-Apr-1973,0,2.466,7.1833,-4.6111,0.5159
04-Apr-1973,0.02,2.508,11.3389,-5.6278,0.567
05-Apr-1973,0,2.551,14.2278,-4.1333,0.7174
06-Apr-1973,0,2.593,14.0611,-1.35,1.0479
07-Apr-1973,0,2.635,11.7556,-3.6,1.2522
08-Apr-1973,0,2.678,13.1556,-6.1111,1.1286
09-Apr-1973,0,2.72,14.1667,-1.4611,1.3435
10-Apr-1973,0.14,2.763,13.4,0.7278,1.4752
11-Apr-1973,0,2.806,14.4722,-1.1,1.6606
12-Apr-1973,0.27,2.848,12.1111,-1.4889,1.8514
13-Apr-1973,7.16,2.891,7.5778,-1.6611,1.7009
14-Apr-1973,3.54,2.934,7.0278,-3.4889,1.3596
15-Apr-1973,0.69,2.977,8.0944,-2.5167,1.2145
16-Apr-1973,0.15,3.019,9.9556,-4.3611,1.1715
17-Apr-1973,3.15,3.062,8.1222,0.5722,1.2978
18-Apr-1973,0.03,3.104,5.6222,-8.1,1.3301
19-Apr-1973,0,3.147,4.6389,-4.6278,1.2602
20-Apr-1973,0,3.189,5.3944,-4.7944,1.1366
21-Apr-1973,0,3.232,9.9944,-3.7833,1.0936
22-Apr-1973,0.04,3.274,14.6,-3.7611,1.2468
23-Apr-1973,0,3.316,15.2056,0.4056,1.7224
24-Apr-1973,0,3.358,15.65,-0.7611,2.1496
25-Apr-1973,0,3.4,17.9944,-1.5889,2.4103
26-Apr-1973,0.23,3.442,19.6444,0.0167,2.8214
27-Apr-1973,0,3.483,17.8333,2.0333,3.3857
28-Apr-1973,0,3.525,16.2167,1.2333,3.8156
29-Apr-1973,2.53,3.566,11.4333,-0.5444,3.4663
30-Apr-1973,0.2,3.607,10.7167,-3.5,2.7945
01-May-1973,0,3.648,12.95,-2.7778,2.3995
02-May-1973,0.03,3.689,14.4167,-1.7889,2.6172
03-May-1973,0,3.729,12.5833,0.2333,3.0364
04-May-1973,5.21,3.769,7.8833,-1.0556,2.902
05-May-1973,1.63,3.809,6.2611,-4.4056,2.2517
06-May-1973,0.59,3.848,11.5833,-3.5389,1.9374
07-May-1973,0.1,3.888,14.9611,-0.9944,2.3458
08-May-1973,0,3.927,16.6889,0.6,2.9557
09-May-1973,0.06,3.965,18.6278,0.3056,3.3588
10-May-1973,0,4.004,19.9611,1.9389,3.8962
11-May-1973,0,4.042,20.8333,3.1,4.6755
12-May-1973,1.79,4.08,21.35,3.6389,5.1054
13-May-1973,1.76,4.117,21.3389,4.75,5.1054
14-May-1973,0.44,4.154,20.3611,5.1111,5.3741
15-May-1973,0.27,4.191,20.9278,4.9278,5.6428
16-May-1973,0.08,4.227,22.1111,5.0278,5.804
17-May-1973,0.14,4.263,22.8611,5.6056,5.8577
18-May-1973,7.75,4.298,21.9333,6.5611,5.9921
19-May-1973,0.15,4.333,19.5389,4.8167,6.9594
20-May-1973,0.08,4.368,18.1444,4.1556,5.8846
21-May-1973,0.13,4.402,17.9722,2.0944,5.1054
22-May-1973,0.01,4.436,18.5611,3.0444,4.8904
23-May-1973,0,4.469,17.7333,3.1833,4.8635
24-May-1973,1.14,4.502,13.7556,3.4556,4.971
25-May-1973,0.09,4.535,11.9611,3.7722,4.4605
26-May-1973,0.07,4.566,14.5778,-2.25,3.8962
27-May-1973,0.06,4.598,19.4722,0.6722,3.7619
28-May-1973,0,4.629,22.6333,2.8556,4.138
29-May-1973,1.04,4.659,23.3444,5.9056,4.7292
30-May-1973,11.33,4.689,19.4389,7.7056,4.971
31-May-1973,8.91,4.718,14.0611,6.1833,4.6486
01-Jun-1973,1.9,4.747,14.1889,4.7444,4.4336
02-Jun-1973,0.02,4.775,16.3278,1.5111,3.9499
03-Jun-1973,0,4.803,17.45,1.9222,3.735
04-Jun-1973,0,4.83,19.5889,1.5056,3.6275
05-Jun-1973,0,4.857,21.8111,3.8056,3.6275
06-Jun-1973,0,4.883,24.2389,4.2833,3.735
07-Jun-1973,0,4.908,24.8333,4.6556,3.7619
08-Jun-1973,0,4.933,25.7667,6.8556,3.7619
09-Jun-1973,0,4.957,23.9167,6.4056,3.9499
10-Jun-1973,0,4.981,22.2444,7.1056,3.6544
11-Jun-1973,0,5.004,21.3222,7.3833,3.4663
12-Jun-1973,0.12,5.026,20.0778,5.4556,3.1438
13-Jun-1973,0.01,5.048,16.4111,6.0222,3.0095
14-Jun-1973,0.01,5.069,12.9278,0.6667,2.6306
15-Jun-1973,0,5.089,13.8722,-0.6611,2.1899
16-Jun-1973,0.15,5.109,14.0889,1.1778,1.9696
17-Jun-1973,0.04,5.128,15.0444,1.4222,1.8111
18-Jun-1973,0,5.147,18.5111,-0.7056,1.7063
19-Jun-1973,0,5.165,22.5056,2.1167,1.6687
20-Jun-1973,0,5.182,24.9,4.4167,1.631
21-Jun-1973,0,5.198,25.6278,6.2444,1.6579
22-Jun-1973,0,5.214,22.1389,8.6722,1.6821
23-Jun-1973,0,5.229,21.1056,8.1722,1.6472
24-Jun-1973,0,5.244,23.3833,7.3111,1.4725
25-Jun-1973,0,5.258,26.05,5.7389,1.4564
26-Jun-1973,0.03,5.271,27.8389,8.85,1.4564
27-Jun-1973,1.31,5.283,26.6167,11.2056,1.7116
28-Jun-1973,0,5.295,26.1778,9.0333,1.5101
29-Jun-1973,0.09,5.306,24.4889,10.4722,1.3865
30-Jun-1973,0.02,5.316,21.8778,5.85,1.2548
01-Jul-1973,0,5.325,22.3778,2.5167,1.099
02-Jul-1973,0,5.334,24.4722,5,0.9969
03-Jul-1973,0,5.342,26.2222,5.7833,0.9109
04-Jul-1973,0,5.35,27.1333,6.4667,0.8599
05-Jul-1973,0,5.356,26.7944,7.8833,0.8276
06-Jul-1973,0,5.362,24.5833,7.7611,0.7954
07-Jul-1973,0,5.367,24.7167,5.7167,0.7497
08-Jul-1973,0,5.372,25.8778,6.4333,0.7336
09-Jul-1973,0,5.376,28.15,8.1,0.6986
10-Jul-1973,0,5.379,27.6889,9.9,0.661
11-Jul-1973,0,5.381,26.1444,10.2778,0.6207
12-Jul-1973,0.06,5.382,24.8833,7.5056,0.5589
13-Jul-1973,0.99,5.383,23.1222,9.3889,0.5401
14-Jul-1973,1.43,5.383,23.5333,6.9,0.6046
15-Jul-1973,0.05,5.383,24.45,8.1,0.618
16-Jul-1973,0.25,5.381,24.7278,8.7167,0.5858
17-Jul-1973,0.27,5.379,23.7278,7.8,0.5965
18-Jul-1973,1.11,5.376,23.7444,7.9778,0.61
19-Jul-1973,0,5.373,22.5889,6.7556,0.5562
20-Jul-1973,0,5.368,20.3611,5.8222,0.4971
21-Jul-1973,0.13,5.363,20.3722,3.45,0.4568
22-Jul-1973,0,5.358,20.7556,3.3111,0.4353
23-Jul-1973,0,5.351,22.0278,3.5222,0.4299
24-Jul-1973,0,5.344,25.1611,3.3056,0.395
25-Jul-1973,0,5.336,27.7389,7.0389,0.3869
26-Jul-1973,0,5.327,27.9556,8.5833,0.3842
27-Jul-1973,0.01,5.318,27.5444,8.35,0.3977
28-Jul-1973,0.04,5.308,27.4333,9.1167,0.395
29-Jul-1973,0.41,5.297,27.4111,9.7889,0.4138
30-Jul-1973,0.19,5.286,26.5889,8.9944,0.4057
31-Jul-1973,0.81,5.273,26.8222,9.4389,0.4004
01-Aug-1973,0.64,5.26,27.1278,9.65,0.4165
02-Aug-1973,1.29,5.247,25.3667,9.9944,0.4057
03-Aug-1973,0.61,5.232,23.8611,10.5722,0.395
04-Aug-1973,2.39,5.217,22.6778,9.2611,0.4031
05-Aug-1973,2.47,5.202,23.15,7.7889,0.4783
06-Aug-1973,0.01,5.185,23.3667,8.5667,0.395
07-Aug-1973,0.01,5.168,24.5222,7.3,0.3601
08-Aug-1973,0,5.151,24.9333,8.0278,0.3466
09-Aug-1973,0,5.132,24.0611,8.8667,0.3063
10-Aug-1973,0,5.113,24.8722,5.4222,0.2929
11-Aug-1973,0,5.094,26.8056,6.4556,0.3036
12-Aug-1973,0,5.073,26.8778,8.0611,0.3171
13-Aug-1973,0,5.052,27.5722,9.0389,0.3009
14-Aug-1973,0,5.031,27.5611,10.1222,0.2795
15-Aug-1973,0,5.009,26.7,10.1444,0.3762
16-Aug-1973,0,4.986,26.2833,10.3333,0.395
17-Aug-1973,0,4.962,25.8444,8.2222,0.3869
18-Aug-1973,0,4.938,25.65,9.4,0.3708
19-Aug-1973,0,4.913,24.7889,9.8944,0.3762
20-Aug-1973,0,4.888,24.6056,8.3444,0.3816
21-Aug-1973,0,4.862,23.0389,9.15,0.3601
22-Aug-1973,0,4.836,21.3167,6.3944,0.3628
23-Aug-1973,0,4.809,19.1778,3.2667,0.3547
24-Aug-1973,0,4.781,18.4056,-0.95,0.395
25-Aug-1973,0.48,4.753,16.1167,2.5944,0.4031
26-Aug-1973,8.77,4.724,14.8389,4.2722,0.4138
27-Aug-1973,0.22,4.695,18.2167,1.7167,0.4998
28-Aug-1973,0,4.665,22.1278,3.2222,0.4246
29-Aug-1973,0,4.635,23.7722,4.95,0.4138
30-Aug-1973,0,4.604,23,6.1778,0.3278
31-Aug-1973,0,4.573,20.1944,8.1389,0.2714
01-Sep-1973,0,4.541,19.1333,2.6667,0.2606
02-Sep-1973,0,4.509,20.8278,0.7167,0.2741
03-Sep-1973,0,4.476,23.3722,3.5389,0.2795
04-Sep-1973,0,4.443,25,4.6833,0.3036
05-Sep-1973,0,4.409,24.2833,4.9278,0.3144
06-Sep-1973,0,4.375,24.3833,4.6444,0.3117
07-Sep-1973,0,4.341,22.3222,3.8611,0.3359
08-Sep-1973,0,4.306,20.3833,1.8833,0.3386
09-Sep-1973,0,4.27,21.0278,3.3056,0.3144
10-Sep-1973,0,4.235,21.3167,4.1611,0.2956
11-Sep-1973,0,4.198,23.4444,4.2944,0.2848
12-Sep-1973,0,4.162,24.7389,5.4667,0.2875
13-Sep-1973,0,4.125,23.4556,6.3444,0.2821
14-Sep-1973,0,4.088,21.8222,7.7833,0.2741
15-Sep-1973,0,4.05,21.4,2.25,0.2714
16-Sep-1973,0,4.012,21.3389,1.9556,0.2687
17-Sep-1973,0,3.974,21.1444,2.1278,0.2526
18-Sep-1973,0,3.935,20.45,2.2444,0.2445
19-Sep-1973,0.02,3.896,18.9778,4.3556,0.2391
20-Sep-1973,0.88,3.857,16.0778,7.4667,0.1827
21-Sep-1973,0,3.817,17.8778,-0.7056,0.1827
22-Sep-1973,2.2,3.777,15.8889,0.8167,0.1827
23-Sep-1973,0.41,3.737,13.9722,1.0556,0.2042
24-Sep-1973,0.17,3.697,12.5222,2.7278,0.2069
25-Sep-1973,0,3.656,14.8556,-1.6333,0.1988
26-Sep-1973,0,3.616,18.6667,-0.6444,0.1962
27-Sep-1973,0,3.575,21.4556,0.6167,0.1881
28-Sep-1973,0,3.534,22.0444,2.1611,0.1827
29-Sep-1973,0,3.492,22.7889,2.2778,0.1773
30-Sep-1973,0,3.451,21.5667,2.1,0.172
01-Oct-1973,0,3.409,17.0667,5.3,0.172
02-Oct-1973,0,3.367,13.35,1.25,0.1693
03-Oct-1973,0,3.325,14.55,-2.9389,0.1693
04-Oct-1973,0,3.283,17.45,-2.7778,0.1747
05-Oct-1973,0,3.241,17.5944,-0.6222,0.1747
06-Oct-1973,0.27,3.198,13.6556,1.5444,0.172
07-Oct-1973,11.74,3.156,8.6056,2.5167,0.18
08-Oct-1973,2.88,3.113,4.9722,0.9278,0.2365
09-Oct-1973,0.01,3.071,7.2389,-3.8111,0.2177
10-Oct-1973,0.02,3.028,10.3444,-5.75,0.2069
11-Oct-1973,0,2.986,13.3889,-4.5278,0.2015
12-Oct-1973,0,2.943,17.7889,-1.4944,0.2042
13-Oct-1973,0,2.9,20.8222,0.6167,0.2123
14-Oct-1973,0,2.857,20.7833,2.3389,0.2123
15-Oct-1973,0,2.815,20.0667,3.0722,0.2123
16-Oct-1973,0,2.772,20.3611,1.2944,0.2123
17-Oct-1973,0,2.729,19.9389,1.4222,0.2069
18-Oct-1973,0,2.687,18.6222,1.1778,0.2015
19-Oct-1973,1.75,2.644,16.9889,1.3111,0.1962
20-Oct-1973,1.4,2.602,14.8167,2.7944,0.2096
21-Oct-1973,0,2.56,13.3222,1.2667,0.223
22-Oct-1973,27.05,2.517,11.3222,1.8667,0.2123
23-Oct-1973,21.61,2.475,6.0722,-1.0722,0.395
24-Oct-1973,0.03,2.433,8.6,-5.3833,0.2983
25-Oct-1973,0,2.391,9.2056,-3.8167,0.3036
26-Oct-1973,0,2.349,11.7167,-3.7056,0.2875
27-Oct-1973,0,2.308,14.4278,-2.3833,0.2714
28-Oct-1973,0,2.266,14.35,-2.3278,0.2714
29-Oct-1973,0,2.225,11.5056,-4.2944,0.2633
30-Oct-1973,0,2.184,14.6556,-3.1889,0.2472
31-Oct-1973,0,2.143,15.2056,-1.0333,0.2445
01-Nov-1973,0,2.103,11.5722,1.1444,0.2418
02-Nov-1973,0,2.062,5.6833,-5.1167,0.2365
03-Nov-1973,0.02,2.022,3.3833,-6.7722,0.2177
04-Nov-1973,0.02,1.982,4.1222,-11.2611,0.1773
05-Nov-1973,13.75,1.943,6.4556,-5.0556,0.1962
06-Nov-1973,3.26,1.904,9.4389,0.2333,0.2956
07-Nov-1973,5.53,1.865,9.5222,3.7333,0.3816
08-Nov-1973,0.01,1.826,12.8389,-1.6556,0.5938
09-Nov-1973,10.11,1.787,11.2944,-0.4556,0.3789
10-Nov-1973,10.21,1.749,10.15,3.5667,1.0426
11-Nov-1973,43.09,1.712,7.8167,3.8056,4.7023
12-Nov-1973,36.15,1.674,4.6333,-1.7389,5.7771
13-Nov-1973,16.8,1.637,2.0389,-3.1778,1.9239
14-Nov-1973,17.15,1.601,3.5944,-4.45,1.2522
15-Nov-1973,0.19,1.564,5.5611,-4.6167,1.0748
16-Nov-1973,12.95,1.528,3.6167,-2.7611,0.9351
17-Nov-1973,32.49,1.493,3.4222,-2.0833,1.0184
18-Nov-1973,4.47,1.458,-0.0556,-4.7722,1.099
19-Nov-1973,0.13,1.423,0.9,-9.15,0.8545
20-Nov-1973,3.64,1.389,2.1833,-8.2667,0.7766
21-Nov-1973,0.28,1.355,-0.75,-7.0833,0.7336
22-Nov-1973,0.2,1.322,-0.8,-8.4722,0.6449
23-Nov-1973,0.6,1.289,0.0889,-11.2056,0.6073
24-Nov-1973,1.92,1.257,0.2833,-7.4556,0.6395
25-Nov-1973,3.8,1.225,0.5778,-10.1944,0.5777
26-Nov-1973,0.54,1.193,1.1167,-10.4056,0.567
27-Nov-1973,0.02,1.163,7.0889,-7.1556,0.5535
28-Nov-1973,0.03,1.132,9.3278,-5.2778,0.5562
29-Nov-1973,0.01,1.102,8.5,-1.0556,0.567
30-Nov-1973,15.86,1.073,6.35,-1.7,0.5562
01-Dec-1973,27.27,1.044,2.1167,-5.05,0.5911
02-Dec-1973,0.5,1.016,-1.2389,-13.5333,0.4487
03-Dec-1973,0,0.988,1.4833,-11.3889,0.4299
04-Dec-1973,0,0.961,0.5278,-10.5444,0.4568
05-Dec-1973,0.01,0.935,4.0556,-8.2111,0.4299
06-Dec-1973,0,0.909,6.8611,-6.4278,0.4299
07-Dec-1973,0,0.883,8.7278,-3.5556,0.4568
08-Dec-1973,0,0.858,6.8111,-6.6056,0.4299
09-Dec-1973,0,0.834,6.6,-6.7667,0.4299
10-Dec-1973,0.08,0.811,7.9833,-7.4722,0.4353
11-Dec-1973,7.95,0.788,6.9833,-5.5111,0.4702
12-Dec-1973,0.38,0.765,5.6611,-5.5778,0.5105
13-Dec-1973,16.56,0.743,3.55,-3.1889,0.5804
14-Dec-1973,0.03,0.722,2.7889,-8.7778,0.532
15-Dec-1973,0,0.702,7.0389,-7.7167,0.5079
16-Dec-1973,0.07,0.682,10.4889,-5.0333,0.532
17-Dec-1973,5.45,0.663,6.4556,-2,0.6019
18-Dec-1973,0.01,0.644,4.6333,-8.6444,0.4837
19-Dec-1973,0,0.627,5.2778,-9.0111,0.4434
20-Dec-1973,0.23,0.609,7.05,-6.75,0.4837
21-Dec-1973,15.01,0.593,5.5111,-3.6667,0.5374
22-Dec-1973,1.91,0.577,2.0222,-6.3278,0.5186
23-Dec-1973,0.41,0.562,1.2833,-7.35,0.4998
24-Dec-1973,0.02,0.547,4.0056,-7.95,0.481
25-Dec-1973,5.72,0.534,5.7778,-5.4167,0.481
26-Dec-1973,12.46,0.521,4.9889,-5.8056,0.4729
27-Dec-1973,13.07,0.508,4.7056,-2.0889,0.5616
28-Dec-1973,3.68,0.497,5.8056,-0.3611,0.6341
29-Dec-1973,18.46,0.486,5.7722,-0.2944,2.1711
30-Dec-1973,0.01,0.475,2.9111,-6.9944,1.5262
31-Dec-1973,4.29,0.466,-1.2778,-7.2389,0.9808
01-Jan-1974,2.11,0.44,-4.9333,-11.55,0.7524
02-Jan-1974,0,0.442,-6.8389,-13.6778,0.618
03-Jan-1974,0.71,0.435,-6.4056,-13.7444,0.5374
04-Jan-1974,1.78,0.429,-5.0778,-12.8611,0.5105
05-Jan-1974,6.51,0.424,-3.5278,-13.9111,0.4971
06-Jan-1974,18.07,0.419,-4.1444,-9.2111,0.4837
07-Jan-1974,2.26,0.416,-1.2167,-8.4056,0.5105
08-Jan-1974,0,0.413,-1.6056,-8.1444,0.4971
09-Jan-1974,0,0.41,-0.6667,-11.5889,0.4837
10-Jan-1974,0.05,0.409,-0.5,-13.1833,0.4837
11-Jan-1974,2.44,0.408,2.7389,-12.7278,0.5105
12-Jan-1974,1.87,0.408,5.8778,-5.3833,0.5374
13-Jan-1974,0.24,0.409,7.5056,-2.6222,0.5374
14-Jan-1974,7.35,0.41,8.2111,-4,0.5697
15-Jan-1974,0.96,0.412,11.6944,1.9111,1.8299
16-Jan-1974,13.97,0.415,9.5833,2.5833,2.1228
17-Jan-1974,10.08,0.419,8.7111,0.8222,3.0632
18-Jan-1974,15.33,0.423,8.9722,-1.5444,2.5016
19-Jan-1974,1.86,0.428,6.6556,1.2833,3.0632
20-Jan-1974,15.26,0.434,3.5278,-1.5111,2.0368
21-Jan-1974,1.11,0.44,0.1278,-8.0833,1.6095
22-Jan-1974,0,0.447,2.7222,-10.9722,1.2495
23-Jan-1974,0,0.455,4.0833,-7.7778,1.236
24-Jan-1974,0,0.464,7.5556,-6.7833,1.1366
25-Jan-1974,0.02,0.473,7.6833,-6.1167,1.0829
26-Jan-1974,0,0.483,4.4722,-5.5444,0.9942
27-Jan-1974,0,0.494,7.0722,-8.7111,0.8894
28-Jan-1974,0,0.506,7.9833,-6.7333,0.9109
29-Jan-1974,0,0.518,8.2556,-6.65,0.8518
30-Jan-1974,0,0.531,8.2444,-5.9167,0.8303
31-Jan-1974,0.7,0.545,7.3556,-3.1444,0.8034
01-Feb-1974,0.69,0.559,4.0278,-2.4167,0.7739
02-Feb-1974,0,0.574,5.8611,-9.6667,0.6933
03-Feb-1974,0,0.589,8.2444,-8.6444,0.704
04-Feb-1974,0,0.606,8.2111,-7.0222,0.7067
05-Feb-1974,0.02,0.623,4.4333,-8.7556,0.6825
06-Feb-1974,0,0.641,1.3889,-10.4444,0.618
07-Feb-1974,0,0.659,4.5833,-9.8722,0.6073
08-Feb-1974,0,0.678,5.5722,-9.1889,0.6126
09-Feb-1974,0,0.698,6.3389,-9.4611,0.5965
10-Feb-1974,0,0.718,6.9778,-9.2389,0.5992
11-Feb-1974,0,0.739,7.7444,-9.0167,0.5858
12-Feb-1974,2.47,0.761,5.2667,-6.8611,0.5616
13-Feb-1974,0.11,0.783,2.3333,-12.9167,0.5374
14-Feb-1974,0,0.806,3.4667,-8.9222,0.5777
15-Feb-1974,0.03,0.829,8.0444,-7.6778,0.5428
16-Feb-1974,1.91,0.853,5.3833,-5.9222,0.5428
17-Feb-1974,0.01,0.878,2.8278,-12.3333,0.489
18-Feb-1974,4.98,0.903,3.45,-9.8056,0.5347
19-Feb-1974,8.95,0.929,2.3778,-5.0444,0.5428
20-Feb-1974,0,0.955,3.0278,-13.0833,0.4595
21-Feb-1974,1.87,0.982,3.9833,-10.1278,0.5159
22-Feb-1974,1.11,1.01,2.6056,-6.6278,0.4998
23-Feb-1974,0,1.038,4.7278,-12.1333,0.4649
24-Feb-1974,0,1.067,8.8778,-10.75,0.4729
25-Feb-1974,0,1.096,9.4278,-7.4778,0.4998
26-Feb-1974,3.13,1.126,5.9,-3.7333,0.489
27-Feb-1974,0.12,1.156,6.3,-2.7167,0.4702
28-Feb-1974,15.26,1.187,5.2833,-1.7056,0.4783
01-Mar-1974,51.26,1.218,4.1389,-2.5667,0.8652
02-Mar-1974,40.33,1.25,0.5556,-6.5667,1.193
03-Mar-1974,11.29,1.282,-2,-9.3444,0.6986
04-Mar-1974,0.02,1.315,1.7111,-14.4833,0.6798
05-Mar-1974,0,1.348,6.6222,-9.9611,0.7524
06-Mar-1974,0.09,1.382,6.15,-3.4389,0.9028
07-Mar-1974,4.25,1.416,3.25,-2.9444,0.884
08-Mar-1974,1.94,1.451,1.8667,-5.65,0.7846
09-Mar-1974,0.35,1.486,4.5667,-6.0111,0.6986
10-Mar-1974,0,1.521,6.1389,-6.9389,0.7309
11-Mar-1974,3.44,1.557,7.5111,-5.0111,0.7282
12-Mar-1974,1.52,1.593,6.8722,-1.7722,0.8276
13-Mar-1974,0.89,1.629,10.3833,-3.0667,0.8303
14-Mar-1974,0,1.666,12.7111,-1.8667,0.919
15-Mar-1974,0,1.704,13.6833,-1.8611,1.0506
16-Mar-1974,0.01,1.741,12.8333,0.3278,1.0506
17-Mar-1974,0,1.779,10.1833,-1.0667,1.0184
18-Mar-1974,4.5,1.818,8.5667,-2.3944,0.9915
19-Mar-1974,0.02,1.856,10.0556,-6.6167,0.9136
20-Mar-1974,0,1.895,10.3778,-5.4444,0.9055
21-Mar-1974,0,1.935,10.4444,-6.6222,0.927
22-Mar-1974,0,1.974,10.25,-5.8667,0.9566
23-Mar-1974,0,2.014,10.25,-5.7667,0.9861
24-Mar-1974,0,2.054,11.55,-6.0167,1.0372
25-Mar-1974,1.04,2.094,9.0833,-2.3444,1.1259
26-Mar-1974,0.56,2.135,8.1944,-1.25,1.0372
27-Mar-1974,21.78,2.176,6.7389,-0.4778,1.0614
28-Mar-1974,7.28,2.217,6.6667,-0.5889,1.1447
29-Mar-1974,5.16,2.258,8.6111,1.3389,1.1742
30-Mar-1974,11.07,2.299,5.5889,-0.9167,1.3408
31-Mar-1974,0.75,2.341,4.2167,-7.5556,1.1769
01-Apr-1974,24.24,2.382,4.0833,-3.7778,1.3838
02-Apr-1974,0.4,2.424,3.4778,-6.7833,1.314
03-Apr-1974,0.18,2.466,6.2278,-7.7778,1.1044
04-Apr-1974,0,2.508,11.1556,-7.9833,1.0318
05-Apr-1974,0,2.551,10.8611,-3.4167,1.1071
06-Apr-1974,0,2.593,10.8333,-2.65,1.0829
07-Apr-1974,0,2.635,11.9556,-6.0833,1.0775
08-Apr-1974,5.12,2.678,12.8611,-2.5833,1.1312
09-Apr-1974,2.64,2.72,7.15,-5.6611,1.2119
10-Apr-1974,0.04,2.763,7.5333,-7.5722,1.0883
11-Apr-1974,0,2.806,11,-5.4889,1.0614
12-Apr-1974,0,2.848,11.0167,-3.7333,1.142
13-Apr-1974,0,2.891,11.2722,-6.9722,1.2307
14-Apr-1974,0.03,2.934,12.7556,-6.3278,1.2871
15-Apr-1974,0,2.977,13.4944,-3.8111,1.4671
16-Apr-1974,0,3.019,14.8333,-3.8889,1.7278
17-Apr-1974,0.01,3.062,15.3944,-2.8667,1.9239
18-Apr-1974,2,3.104,9.7111,-2.6556,2.2383
19-Apr-1974,0.1,3.147,7.5667,-3.0333,1.7761
20-Apr-1974,0,3.189,10.1556,-1.9111,1.6982
21-Apr-1974,0,3.232,14.7222,-4.3556,1.7063
22-Apr-1974,0,3.274,14.3778,-1.5778,2.1711
23-Apr-1974,6.84,3.316,9.5,-0.6167,2.413
24-Apr-1974,12.01,3.358,2.45,-4.6833,2.018
25-Apr-1974,0.03,3.4,4.2944,-8.7778,1.7331
26-Apr-1974,0.07,3.442,6.2333,-6.3444,1.5827
27-Apr-1974,0.02,3.483,9.3611,-7.3944,1.4591
28-Apr-1974,0,3.525,10.6611,-3.0611,1.4456
29-Apr-1974,0,3.566,15.0389,-2.9722,1.4349
30-Apr-1974,0,3.607,17.9667,-2.1611,1.7305
01-May-1974,0,3.648,15.8056,0.8444,2.5151
02-May-1974,0,3.689,15.3333,1.2,3.0632
03-May-1974,0.22,3.729,14.3222,0.7778,3.5738
04-May-1974,0.2,3.769,15.0889,0.25,3.5469
05-May-1974,1.15,3.809,17.7222,-1.25,3.5738
06-May-1974,0,3.848,20.1278,0.2722,3.9499
07-May-1974,0,3.888,21.4667,2.0389,4.4874
08-May-1974,0,3.927,20.8889,2.4611,5.1322
09-May-1974,0,3.965,18.2278,3.1944,5.401
10-May-1974,0,4.004,18.2833,1.4389,5.401
11-May-1974,0,4.042,19.0389,0.5944,5.0785
12-May-1974,0,4.08,16.5167,3.2556,5.0248
13-May-1974,0,4.117,14.0056,-0.9333,4.6755
14-May-1974,0,4.154,14.5056,-0.55,4.3261
15-May-1974,0,4.191,13.1778,2.2278,4.3799
16-May-1974,0.01,4.227,8.7944,-2.4667,3.8962
17-May-1974,2.04,4.263,5.1167,-5.0667,3.3857
18-May-1974,1.72,4.298,2.7222,-9.7333,2.902
19-May-1974,0.21,4.333,5.2,-5.7667,2.5258
20-May-1974,0.03,4.368,11.7944,-6.3333,2.2061
21-May-1974,0.03,4.402,14.35,-3.5111,2.1093
22-May-1974,0,4.436,16.9778,-0.8944,2.3538
23-May-1974,0,4.469,18.0778,0.2167,2.9557
24-May-1974,0,4.502,20.4889,1.3,3.4663
25-May-1974,0,4.535,23.1,1.7944,4.1112
26-May-1974,0,4.566,24.6056,3.9556,4.7829
27-May-1974,0,4.598,22.5278,5.2556,5.7503
28-May-1974,0,4.629,19.7278,6.8444,6.2339
29-May-1974,0,4.659,17.7944,3.4667,5.6159
30-May-1974,0,4.689,18.4667,-0.2833,4.7561
31-May-1974,0,4.718,20.2556,1.0833,4.6217
01-Jun-1974,0,4.747,21.5278,1.8944,4.6755
02-Jun-1974,0.08,4.775,21.6278,3.2667,4.4874
03-Jun-1974,0,4.803,21.5111,3.2889,4.3261
04-Jun-1974,0,4.83,20.5889,3.1,4.6755
05-Jun-1974,0,4.857,19.9278,4.4167,4.568
06-Jun-1974,0,4.883,20.5833,3.7889,4.9173
07-Jun-1974,0,4.908,19.8167,2.7167,4.9173
08-Jun-1974,0,4.933,20.0667,0.2889,4.2455
09-Jun-1974,0,4.957,23.05,1.4778,3.9768
10-Jun-1974,0,4.981,25.6611,3.7778,4.1649
11-Jun-1974,0,5.004,27.2278,6.2722,4.353
12-Jun-1974,0,5.026,27.3833,5.6889,4.5411
13-Jun-1974,0,5.048,26.6444,6.2167,4.3261
14-Jun-1974,0,5.069,25.1611,6.5278,4.1918
15-Jun-1974,0,5.089,24.1389,6.0667,4.0574
16-Jun-1974,0,5.109,21.0778,4.6111,3.7619
17-Jun-1974,0,5.128,21.1167,2.8778,3.4125
18-Jun-1974,0,5.147,19.2389,3.1722,3.0901
19-Jun-1974,0.76,5.165,17.1278,3.5056,2.8483
20-Jun-1974,0,5.182,19.5778,-0.25,2.5446
21-Jun-1974,0,5.198,23.1111,4.0167,2.4989
22-Jun-1974,0.19,5.214,24.0556,5.7,2.6037
23-Jun-1974,0,5.229,23.8833,5.1611,2.6629
24-Jun-1974,0,5.244,23.4611,3.6167,2.4371
25-Jun-1974,0,5.258,21,5.3333,2.1899
26-Jun-1974,0,5.271,22.1778,-0.0611,2.0502
27-Jun-1974,0,5.283,24.6,2.3056,1.8917
28-Jun-1974,0,5.295,26.9167,5.2556,1.8541
29-Jun-1974,0,5.306,27.7778,7.2444,1.889
30-Jun-1974,0.15,5.316,27.0889,7.8667,1.8971
01-Jul-1974,0.07,5.325,25.2889,9.4278,1.9132
02-Jul-1974,0,5.334,24.0222,5.9111,1.8191
03-Jul-1974,0,5.342,25.2778,4.8111,1.5988
04-Jul-1974,0,5.35,25.9444,7.75,1.4859
05-Jul-1974,0,5.356,24.1,5.75,1.4268
06-Jul-1974,0,5.362,21.3167,5.8389,1.3301
07-Jul-1974,0.08,5.367,19.1944,4.2111,1.2495
08-Jul-1974,8.78,5.372,15.3611,7.4278,1.1904
09-Jul-1974,36.31,5.376,11.0222,6.45,1.7654
10-Jul-1974,4.78,5.379,12.25,4.1167,2.5742
11-Jul-1974,0.01,5.381,17.8556,-0.6778,1.5719
12-Jul-1974,0,5.382,22,2.4278,1.271
13-Jul-1974,0,5.383,24.4889,4.9278,1.1286
14-Jul-1974,0,5.383,24.4611,6.2556,1.056
15-Jul-1974,0,5.383,22.6944,8.9444,0.9888
16-Jul-1974,0,5.381,22.6,4.8,0.927
17-Jul-1974,0,5.379,23.7556,4.3667,0.876
18-Jul-1974,0,5.376,25.2056,6.1111,0.8249
19-Jul-1974,0.04,5.373,24.9389,6.7278,0.79
20-Jul-1974,0.01,5.368,25.3389,7.6111,0.747
21-Jul-1974,0,5.363,26.4333,7.9167,0.7416
22-Jul-1974,0,5.358,27.1944,8.8,0.7067
23-Jul-1974,0.51,5.351,26.6444,8.8722,0.6583
24-Jul-1974,0.4,5.344,27.0278,8.9833,0.6422
25-Jul-1974,1.53,5.336,25.8889,11.2,0.6583
26-Jul-1974,0.15,5.327,26.0833,10.8,0.7282
27-Jul-1974,0,5.318,26.5722,9.1444,0.6449
28-Jul-1974,7.23,5.308,26.9444,9.2222,0.6207
29-Jul-1974,0.07,5.297,26.9167,10.85,0.6395
30-Jul-1974,1.21,5.286,26.1222,9.9389,0.6046
31-Jul-1974,1.38,5.273,24.5611,9.8389,0.6933
01-Aug-1974,6.02,5.26,25.6944,9.3833,0.6234
02-Aug-1974,0.45,5.247,25.7167,9.2278,0.5428
03-Aug-1974,1.17,5.232,25.5056,9.2444,0.6691
04-Aug-1974,3.32,5.217,24.5833,10.1222,0.6825
05-Aug-1974,2.9,5.202,23.4667,9.45,0.6664
06-Aug-1974,0.01,5.185,23.5167,7.8611,0.8007
07-Aug-1974,0,5.168,22.9444,6.95,0.5589
08-Aug-1974,0,5.151,23.6611,6.7,0.4971
09-Aug-1974,0,5.132,23.8889,6.4278,0.4541
10-Aug-1974,0.01,5.113,24.4333,5.5611,0.4272
11-Aug-1974,0,5.094,24.85,6.2111,0.3816
12-Aug-1974,0,5.073,24.0889,5.8444,0.3601
13-Aug-1974,0,5.052,21.8444,4.5889,0.3466
14-Aug-1974,0,5.031,21.4833,0.8444,0.4084
15-Aug-1974,0,5.009,23.4111,3.2056,0.4487
16-Aug-1974,0,4.986,23.8778,4.6889,0.4541
17-Aug-1974,0,4.962,24.2111,4.0389,0.446
18-Aug-1974,0,4.938,23.0722,4.1889,0.4326
19-Aug-1974,0,4.913,20.1278,3.5667,0.4192
20-Aug-1974,0,4.888,20.6389,1.0833,0.4084
21-Aug-1974,0,4.862,23.4389,1.7056,0.4111
22-Aug-1974,0,4.836,25.5444,4.4222,0.4057
23-Aug-1974,0,4.809,25.7944,5.0333,0.395
24-Aug-1974,0,4.781,25.75,5.9,0.3923
25-Aug-1974,0,4.753,25.3278,6.8667,0.3789
26-Aug-1974,0,4.724,25.0389,5.8944,0.3708
27-Aug-1974,0,4.695,25.2667,6.3278,0.3654
28-Aug-1974,1.33,4.665,25.4833,6.1778,0.3977
29-Aug-1974,0,4.635,25.4167,6.4722,0.4057
30-Aug-1974,0,4.604,25.1722,6.3,0.395
31-Aug-1974,0,4.573,24.5278,6.3389,0.3869
01-Sep-1974,0,4.541,25.4222,5.8667,0.3842
02-Sep-1974,0,4.509,25.45,6.65,0.3816
03-Sep-1974,0,4.476,26.4056,7.4278,0.3493
04-Sep-1974,0,4.443,26.1056,6.1778,0.3816
05-Sep-1974,0,4.409,25.8444,5.9833,0.3708
06-Sep-1974,0,4.375,26.0222,6.9278,0.3574
07-Sep-1974,0,4.341,25.3222,8.2222,0.352
08-Sep-1974,0,4.306,24.8444,7.9278,0.3305
09-Sep-1974,0,4.27,25.6389,6.4,0.3305
10-Sep-1974,0,4.235,25.0722,5.8722,0.3278
11-Sep-1974,0,4.198,22.7667,5.9833,0.3198
12-Sep-1974,0,4.162,19.6278,1.1944,0.3144
13-Sep-1974,0,4.125,18.8111,1.7444,0.3117
14-Sep-1974,0,4.088,19.9556,-0.1722,0.3063
15-Sep-1974,0,4.05,21.6444,0.3,0.3009
16-Sep-1974,0,4.012,23.2222,1.7556,0.2875
17-Sep-1974,0,3.974,24.2333,2.8444,0.2418
18-Sep-1974,0,3.935,25.1833,3.6667,0.2257
19-Sep-1974,0,3.896,25.3833,3.2222,0.223
20-Sep-1974,0,3.857,25.5111,3.4667,0.2203
21-Sep-1974,0,3.817,25.7222,4.0667,0.2096
22-Sep-1974,0,3.777,25.7,4.6944,0.2069
23-Sep-1974,0,3.737,24.8389,4.8333,0.2015
24-Sep-1974,0,3.697,24.95,5.4778,0.1988
25-Sep-1974,0,3.656,24.3278,3.8667,0.1935
26-Sep-1974,0,3.616,22.5444,4.3056,0.1962
27-Sep-1974,0,3.575,20.0778,2.1111,0.1962
28-Sep-1974,0,3.534,20.6722,0.1556,0.1908
29-Sep-1974,0,3.492,20.7167,1.1222,0.1881
30-Sep-1974,0,3.451,21.1,0.9833,0.1962
01-Oct-1974,0,3.409,21.4667,2.5056,0.1935
02-Oct-1974,2.13,3.367,18.9278,4.9667,0.1962
03-Oct-1974,0.03,3.325,16.9944,3.3722,0.2257
04-Oct-1974,2.68,3.283,13.25,2.3556,0.2177
05-Oct-1974,0,3.241,12.1667,-2.7,0.223
06-Oct-1974,3.58,3.198,13.95,-2.7278,0.215
07-Oct-1974,0.09,3.156,15.1611,-1,0.2096
08-Oct-1974,3.07,3.113,13.1944,2.5222,0.215
09-Oct-1974,0.03,3.071,12.7,1.8222,0.2338
10-Oct-1974,0,3.028,14.7778,1.1944,0.2203
11-Oct-1974,0,2.986,14.1611,-0.7111,0.2123
12-Oct-1974,0.01,2.943,15.8167,-0.9667,0.2069
13-Oct-1974,0.01,2.9,18.0889,-1.6667,0.2042
14-Oct-1974,0,2.857,18.9833,-0.7444,0.1988
15-Oct-1974,0,2.815,20.4389,-0.1556,0.1988
16-Oct-1974,0,2.772,20.6556,0.2167,0.1962
17-Oct-1974,0,2.729,20.5333,0.8889,0.1935
18-Oct-1974,0,2.687,21.0389,1.0222,0.1908
19-Oct-1974,0,2.644,20.0778,1.4389,0.1935
20-Oct-1974,0,2.602,18.2556,1.75,0.1935
21-Oct-1974,0,2.56,15.9667,-2.4444,0.1908
22-Oct-1974,0,2.517,11.8389,-5.4,0.1908
23-Oct-1974,0,2.475,12.5278,-3.4778,0.1935
24-Oct-1974,0,2.433,12.2056,-3.8056,0.1935
25-Oct-1974,0,2.391,13.5556,-1.5833,0.1962
26-Oct-1974,0,2.349,12.9889,-2.5056,0.1988
27-Oct-1974,4.2,2.308,11.0722,-0.3889,0.1988
28-Oct-1974,39.29,2.266,5.8444,-0.9444,0.2606
29-Oct-1974,9.31,2.225,2.1778,-2.6944,0.266
30-Oct-1974,0.22,2.184,7.2056,-0.7722,0.258
31-Oct-1974,14.01,2.143,3.9333,0.9778,0.2714
01-Nov-1974,25.69,2.103,1.7389,-2.8722,0.2875
02-Nov-1974,0.05,2.062,1.4556,-3.5889,0.2741
03-Nov-1974,0,2.022,4.2,-4.7389,0.2553
04-Nov-1974,0,1.982,5.8889,-6.4611,0.2499
05-Nov-1974,0,1.943,7.4722,-6.3278,0.2391
06-Nov-1974,0.08,1.904,10.05,-6.0278,0.2284
07-Nov-1974,4.74,1.865,8.6333,-3.2389,0.2472
08-Nov-1974,0.05,1.826,5.4222,-4.1556,0.2499
09-Nov-1974,0,1.787,7.45,-6.6333,0.2445
10-Nov-1974,0,1.749,10.6111,-5.3056,0.2257
11-Nov-1974,0,1.712,12.7167,-5.0222,0.2418
12-Nov-1974,0,1.674,13.8722,-4.2333,0.2391
13-Nov-1974,0,1.637,15.2,-2.3056,0.2418
14-Nov-1974,0,1.601,14.6778,-1.2111,0.2391
15-Nov-1974,0,1.564,12.6444,-1.2444,0.2391
16-Nov-1974,0,1.528,10.05,-3.7278,0.2365
17-Nov-1974,0.03,1.493,11.3,-5.4389,0.2338
18-Nov-1974,1.01,1.458,8.45,-1.4333,0.223
19-Nov-1974,0,1.423,7.8444,-7.1111,0.215
20-Nov-1974,0,1.389,10.6167,-6.0056,0.215
21-Nov-1974,21.71,1.355,7.05,-1.75,0.258
22-Nov-1974,0.17,1.322,3.35,-7.4389,0.2741
23-Nov-1974,0,1.289,7.6278,-9.7,0.2015
24-Nov-1974,0.25,1.257,10.7222,-7.8222,0.2365
25-Nov-1974,0.68,1.225,7.7278,-3.8,0.266
26-Nov-1974,0,1.193,7.7222,-8.0944,0.2338
27-Nov-1974,0,1.163,7.9944,-6.4056,0.2418
28-Nov-1974,0,1.132,5.1278,-9.0222,0.2257
29-Nov-1974,0,1.102,5.5556,-9.7611,0.215
30-Nov-1974,0,1.073,5.9944,-8.7889,0.2177
01-Dec-1974,0,1.044,7.1778,-8.6944,0.2284
02-Dec-1974,0.37,1.016,5.6556,-6.0556,0.2365
03-Dec-1974,66.78,0.988,4.3111,-2.4556,0.2606
04-Dec-1974,6.54,0.961,2.9111,-2.7444,0.5052
05-Dec-1974,0.06,0.935,4.1556,-9.3444,0.2821
06-Dec-1974,0,0.909,6.4778,-8.2,0.2633
07-Dec-1974,0,0.883,4.8889,-6.6778,0.2741
08-Dec-1974,0,0.858,4.1833,-9.1389,0.2526
09-Dec-1974,0,0.834,5.1444,-8.9167,0.2257
10-Dec-1974,0.09,0.811,5.9444,-9.0611,0.2472
11-Dec-1974,1.22,0.788,5.5833,-4.9222,0.2795
12-Dec-1974,2.44,0.765,6.2389,-3.5722,0.2687
13-Dec-1974,0.15,0.743,4.1278,-8.1444,0.2553
14-Dec-1974,1.03,0.722,4.0611,-6.8056,0.2445
15-Dec-1974,0,0.702,8.0556,-4.0667,0.2553
16-Dec-1974,0.04,0.682,9.7056,-5.2222,0.2445
17-Dec-1974,0,0.663,7.45,-5.6,0.2445
18-Dec-1974,0,0.644,5,-8.8167,0.2123
19-Dec-1974,0,0.627,7.5778,-8.6611,0.2365
20-Dec-1974,0.02,0.609,8.1167,-5.5611,0.2445
21-Dec-1974,0.73,0.593,5.0167,-4.8944,0.2391
22-Dec-1974,0.33,0.577,-0.9278,-10.4,0.215
23-Dec-1974,0.07,0.562,-3.8833,-12.9444,0.1612
24-Dec-1974,0,0.547,-0.4556,-14.7889,0.1747
25-Dec-1974,0,0.534,0.9389,-12.15,0.1881
26-Dec-1974,0.05,0.521,3.8278,-12.0889,0.2015
27-Dec-1974,13.5,0.508,2.3778,-7.1667,0.2284
28-Dec-1974,4.21,0.497,-2.6056,-7.95,0.2418
29-Dec-1974,0.1,0.486,-3.3278,-14.9778,0.215
30-Dec-1974,4.74,0.475,-2.8333,-14.3111,0.2015
31-Dec-1974,0.03,0.466,-4.9667,-13.7722,0.2015
01-Jan-1975,0,0.44,-0.8444,-12.9944,0.1881
02-Jan-1975,0,0.442,0.3611,-13.5556,0.1747
03-Jan-1975,0.3,0.435,2.95,-14.0833,0.2015
04-Jan-1975,2.53,0.429,4.3667,-8.7389,0.2418
05-Jan-1975,2.1,0.424,4.6444,-7.5111,0.2956
06-Jan-1975,13.9,0.419,5.0944,-1.5889,0.3493
07-Jan-1975,5.6,0.416,5.0167,-0.8722,0.3762
08-Jan-1975,26.39,0.413,2.8944,-3.2278,0.3224
09-Jan-1975,1.38,0.41,-0.2833,-11.2278,0.2553
10-Jan-1975,1.22,0.409,2.7944,-7.2,0.2633
11-Jan-1975,0.02,0.408,3.8667,-8.1778,0.2499
12-Jan-1975,0,0.408,7.4833,-8.5833,0.2418
13-Jan-1975,0.01,0.409,9.6111,-7.2667,0.2472
14-Jan-1975,0.01,0.41,10.0056,-6.2333,0.2365
15-Jan-1975,0,0.412,9.3556,-5.6778,0.2338
16-Jan-1975,0,0.415,10.7333,-4.2556,0.2418
17-Jan-1975,0,0.419,10.6,-4.7778,0.2311
18-Jan-1975,0,0.423,11.2611,-5.4389,0.2391
19-Jan-1975,0,0.428,11.7889,-5.4722,0.2391
20-Jan-1975,0,0.434,12.3,-5,0.2445
21-Jan-1975,0,0.44,10.1611,-5.15,0.2445
22-Jan-1975,0,0.447,10.15,-5.9278,0.2418
23-Jan-1975,0,0.455,11.4167,-5.9278,0.2526
24-Jan-1975,0,0.464,13.8278,-4.1667,0.2606
25-Jan-1975,0,0.473,13.6833,-4.1222,0.2714
26-Jan-1975,0.38,0.483,8.0611,-4.0944,0.2848
27-Jan-1975,0.16,0.494,-2.1111,-10.0056,0.2633
28-Jan-1975,0.31,0.506,-0.5444,-14.7,0.2042
29-Jan-1975,0.16,0.518,-2.4,-13.3889,0.1962
30-Jan-1975,0,0.531,-2,-14.2778,0.1935
31-Jan-1975,7.95,0.545,0.1444,-11.9278,0.1962
01-Feb-1975,33.3,0.559,-1.3944,-7.0167,0.2015
02-Feb-1975,16.46,0.574,-0.7556,-4.9389,0.2418
03-Feb-1975,5.64,0.589,0.3667,-7.0667,0.2606
04-Feb-1975,43.51,0.606,-2.3889,-6.7444,0.2499
05-Feb-1975,1.65,0.623,-0.85,-8.6111,0.2365
06-Feb-1975,0.27,0.641,2.2167,-6.9778,0.258
07-Feb-1975,3.01,0.659,3.3889,-3.6222,0.2714
08-Feb-1975,7.79,0.678,5.8278,-3.4722,0.2875
09-Feb-1975,47.82,0.698,3.0833,-2.45,0.4004
10-Feb-1975,7.5,0.718,2.2611,-5.4722,0.3466
11-Feb-1975,0,0.739,4.4222,-10.1278,0.2929
12-Feb-1975,1.99,0.761,4.85,-6.35,0.3144
13-Feb-1975,13.73,0.783,3.8556,-2.3222,0.3816
14-Feb-1975,1.53,0.806,0.3,-9.9389,0.395
15-Feb-1975,0.02,0.829,0.0444,-13.8556,0.3251
16-Feb-1975,0.61,0.853,-1.1778,-10.7056,0.3063
17-Feb-1975,0,0.878,0.0667,-13.1111,0.3117
18-Feb-1975,0.02,0.903,3.0222,-13.3056,0.2821
19-Feb-1975,7.36,0.929,3.7222,-6.4944,0.3144
20-Feb-1975,0.3,0.955,1.5778,-6.5389,0.3144
21-Feb-1975,0.01,0.982,-1.5278,-13.7167,0.2714
22-Feb-1975,0,1.01,3.3389,-13.8278,0.2499
23-Feb-1975,0,1.038,7.2667,-10.6222,0.2902
24-Feb-1975,0,1.067,8.3389,-9.2778,0.3009
25-Feb-1975,0,1.096,9.55,-6.8944,0.3198
26-Feb-1975,0,1.126,10.5556,-7.1278,0.3466
27-Feb-1975,0,1.156,12.0167,-2.6833,0.4084
28-Feb-1975,0,1.187,12.6111,-3.5333,0.5052
01-Mar-1975,0.16,1.218,10.9611,-2.1056,0.6315
02-Mar-1975,0.02,1.25,9.3778,-1.25,0.6449
03-Mar-1975,0,1.282,10.7611,-7.5111,0.5455
04-Mar-1975,0.02,1.315,11.0111,-4.1833,0.532
05-Mar-1975,12.92,1.348,5.7611,-0.9056,0.5562
06-Mar-1975,2.43,1.382,4.1722,-3.2667,0.5132
07-Mar-1975,39.46,1.416,2.8167,-3.7944,0.5159
08-Mar-1975,4.02,1.451,3.9944,-3.5778,0.4917
09-Mar-1975,0.36,1.486,1.8111,-4.0833,0.4944
10-Mar-1975,3.3,1.521,0.9889,-5.6167,0.4407
11-Mar-1975,6.65,1.557,2.7556,-4.7611,0.4219
12-Mar-1975,0.02,1.593,4.9667,-9.6222,0.3923
13-Mar-1975,39.42,1.629,2.8556,-5.25,0.3977
14-Mar-1975,18.91,1.666,3.1833,-7.1833,0.4004
15-Mar-1975,3.07,1.704,3.3222,-9.3889,0.3923
16-Mar-1975,13.54,1.741,1.4556,-7.8111,0.4192
17-Mar-1975,0.29,1.779,3.4944,-8.75,0.3762
18-Mar-1975,0.92,1.818,7.2833,-2.0667,0.4272
19-Mar-1975,20.32,1.856,7.4944,-0.5944,0.5213
20-Mar-1975,0.83,1.895,4.3444,-2.5167,0.5777
21-Mar-1975,19.24,1.935,1.2611,-5.2611,0.5132
22-Mar-1975,19.95,1.974,-0.2278,-8.0222,0.4138
23-Mar-1975,1.34,2.014,3.7278,-8.7444,0.4084
24-Mar-1975,23.88,2.054,5.9833,-2.4944,0.6933
25-Mar-1975,30.3,2.094,2.4611,-3.7556,2.3512
26-Mar-1975,0.17,2.135,-2.1944,-11.6389,0.9942
27-Mar-1975,0.05,2.176,-3.3778,-11.0444,0.7309
28-Mar-1975,0.02,2.217,-2.4167,-13.6889,0.5965
29-Mar-1975,0,2.258,5.5778,-10.6222,0.5293
30-Mar-1975,0,2.299,10.0889,-7.1444,0.567
31-Mar-1975,6.2,2.341,5.7722,-5.4833,0.7416
01-Apr-1975,9.78,2.382,3.5,-10.7167,0.6153
02-Apr-1975,0.94,2.424,5.1722,-9.8611,0.5804
03-Apr-1975,0.98,2.466,4.1222,-4.5222,0.575
04-Apr-1975,6.08,2.508,1.3278,-5.35,0.5401
05-Apr-1975,35.14,2.551,-1.7667,-6.5556,0.5508
06-Apr-1975,6.18,2.593,-0.9278,-11.4944,0.5132
07-Apr-1975,4.96,2.635,-0.8278,-13.4556,0.4971
08-Apr-1975,0.74,2.678,1.5722,-10.1111,0.4864
09-Apr-1975,0.2,2.72,5.65,-10.8556,0.489
10-Apr-1975,0.34,2.763,5.2,-8.5389,0.5374
11-Apr-1975,6.59,2.806,4.9944,-4.6722,0.6046
12-Apr-1975,1.07,2.848,7.1333,-5.8444,0.5482
13-Apr-1975,0.14,2.891,9.6278,-5.2778,0.6503
14-Apr-1975,6.44,2.934,5.0722,-3.1944,0.79
15-Apr-1975,1.44,2.977,1.4167,-7.9778,0.7013
16-Apr-1975,7.18,3.019,1.3111,-9.65,0.6234
17-Apr-1975,0.27,3.062,4.1056,-9.8167,0.5616
18-Apr-1975,0.02,3.104,6.65,-7.3222,0.5589
19-Apr-1975,0.09,3.147,6.7278,-3.4389,0.6315
20-Apr-1975,0,3.189,9.8611,-2.4611,0.6556
21-Apr-1975,0,3.232,11.2056,-3.0444,0.841
22-Apr-1975,0.01,3.274,9.2667,-2.1556,1.0479
23-Apr-1975,0.41,3.316,8.0889,-1.1222,1.0372
24-Apr-1975,22.26,3.358,6.4556,-0.75,1.1474
25-Apr-1975,3.22,3.4,1.3889,-6.3167,1.3167
26-Apr-1975,0.46,3.442,2.7778,-8.9111,0.9432
27-Apr-1975,0.05,3.483,8.7611,-5.7,0.8384
28-Apr-1975,0,3.525,9.0722,-5.8222,1.0372
29-Apr-1975,0.07,3.566,9.9,-6.4889,1.1205
30-Apr-1975,1.58,3.607,10.2944,-4.0056,1.2145
01-May-1975,1,3.648,11.2056,-2.7333,1.1823
02-May-1975,0,3.689,11.5778,-2.8944,1.4564
03-May-1975,10.07,3.729,7.8,-1.2833,1.8299
04-May-1975,2,3.769,1.5444,-7.7278,1.4886
05-May-1975,0.07,3.809,4.0111,-7.4667,1.193
06-May-1975,0.01,3.848,8.2833,-5.8167,1.1635
07-May-1975,0,3.888,12.1167,-4.6667,1.3516
08-May-1975,0,3.927,14.0722,-2.9444,1.8003
09-May-1975,0,3.965,15.3278,-1.9944,2.3485
10-May-1975,0,4.004,15.7667,-0.3778,2.7408
11-May-1975,0,4.042,16.1611,1.5833,3.4394
12-May-1975,0,4.08,17.5222,-1.0278,3.7081
13-May-1975,0,4.117,20.2556,-0.5278,4.0574
14-May-1975,0,4.154,19.5833,2.2722,4.9442
15-May-1975,0,4.191,15.9,0.5056,5.2666
16-May-1975,0,4.227,17.0556,-1.0167,4.5948
17-May-1975,0,4.263,19.2778,1.2,4.9979
18-May-1975,0.13,4.298,19.9944,1.9667,5.589
19-May-1975,1.53,4.333,16.1444,4.75,6.2071
20-May-1975,8.91,4.368,8.5611,-5.8333,5.804
21-May-1975,1.96,4.402,9.0333,-4.2333,3.7619
22-May-1975,0,4.436,13.7333,-0.2667,3.0901
23-May-1975,0.04,4.469,16.3389,0.5444,3.4394
24-May-1975,0,4.502,17.7056,1.3833,4.6217
25-May-1975,0,4.535,17.5889,0.2389,5.2935
26-May-1975,0,4.566,17.6944,0.3444,5.2666
27-May-1975,0,4.598,17.6056,1.0833,5.5622
28-May-1975,0,4.629,17.4056,1.5778,5.589
29-May-1975,0,4.659,19.2,2.3222,5.5353
30-May-1975,0,4.689,22.4556,2.3611,5.6159
31-May-1975,0,4.718,22.9944,4.5556,6.2877
01-Jun-1975,0.37,4.747,21.6444,6.45,7.1475
02-Jun-1975,0,4.775,19.45,3.1667,7.04
03-Jun-1975,0,4.803,18.6944,2.8056,6.7176
04-Jun-1975,0,4.83,21.0722,2.2778,6.3952
05-Jun-1975,0,4.857,22.9722,3.9167,6.2877
06-Jun-1975,0,4.883,22.4389,4.8833,7.0938
07-Jun-1975,0,4.908,21.0111,3.8611,6.9863
08-Jun-1975,0,4.933,20,2.5278,6.2071
09-Jun-1975,0,4.957,19.6833,1.6167,5.5084
10-Jun-1975,0,4.981,20.8111,2.1722,5.2129
11-Jun-1975,0,5.004,22,4.15,5.3741
12-Jun-1975,0.6,5.026,23.1556,4.9944,5.6697
13-Jun-1975,0.03,5.048,25.1889,5,5.2397
14-Jun-1975,0,5.069,25.4333,5.4722,5.5622
15-Jun-1975,0,5.089,24.7333,5.9722,5.5353
16-Jun-1975,0,5.109,21.7944,6.1556,5.3472
17-Jun-1975,0.66,5.128,18.2611,5.2778,4.8367
18-Jun-1975,0.56,5.147,11.3333,-1.7389,3.9231
19-Jun-1975,1.45,5.165,12.3833,1.4556,3.2782
20-Jun-1975,0.48,5.182,14.8333,3.5722,2.9557
21-Jun-1975,0.02,5.198,18.1111,2.3222,2.8751
22-Jun-1975,0.05,5.214,20.1611,3.3111,3.117
23-Jun-1975,0.13,5.229,16.7667,5.2556,3.2782
24-Jun-1975,9.22,5.244,11.4333,-0.0222,3.1976
25-Jun-1975,0.06,5.258,14.3,-4.4167,2.5446
26-Jun-1975,0,5.271,17.9389,-0.8,2.3377
27-Jun-1975,0,5.283,18.0389,0.6778,2.3297
28-Jun-1975,0,5.295,18.9667,0.5167,2.3673
29-Jun-1975,0,5.306,19.0111,2.0333,2.4909
30-Jun-1975,0,5.316,17.8444,2.3722,2.4748
01-Jul-1975,0,5.325,18.0889,2.0389,2.4049
02-Jul-1975,0,5.334,18.5167,1.3667,2.3001
03-Jul-1975,0,5.342,20.5111,1.7389,2.2034
04-Jul-1975,0.24,5.35,23.1333,4.2944,2.1711
05-Jul-1975,0,5.356,24.5,6.6278,2.2437
06-Jul-1975,0,5.362,25.1389,7.6167,2.3538
07-Jul-1975,0,5.367,25.5667,7.7556,2.3404
08-Jul-1975,0,5.372,26.25,6.9,2.2168
09-Jul-1975,0.12,5.376,26.1333,9.8167,2.1738
10-Jul-1975,0.18,5.379,25.9278,11.6778,2.1281
11-Jul-1975,0.04,5.381,26.4222,9.4056,2.0207
12-Jul-1975,0,5.382,26.4722,9.2444,1.9427
13-Jul-1975,0,5.383,25.6833,6.1278,1.7761
14-Jul-1975,0,5.383,23.5444,7.5056,1.5827
15-Jul-1975,0.96,5.383,20.8611,8.2056,1.4806
16-Jul-1975,0.01,5.381,18.9944,8.35,1.3623
17-Jul-1975,0.01,5.379,22.1056,7.2556,1.2978
18-Jul-1975,0,5.376,23.1444,7.0222,1.2629
19-Jul-1975,0,5.373,24.1,7.1944,1.193
20-Jul-1975,0.53,5.368,24.5333,8.1389,1.1232
21-Jul-1975,0,5.363,25.1389,6.8667,1.0587
22-Jul-1975,0,5.358,26.3444,7.8556,0.9754
23-Jul-1975,0,5.351,27.3,7.9222,0.9109
24-Jul-1975,0,5.344,29.0889,8.5111,0.8437
25-Jul-1975,0,5.336,29.5667,9.8389,0.8088
26-Jul-1975,0.11,5.327,30.2389,10.4333,0.7712
27-Jul-1975,0.06,5.318,29.0056,10.6111,0.7524
28-Jul-1975,0,5.308,25.9111,10.8278,0.6664
29-Jul-1975,0,5.297,21.75,9.8056,0.6503
30-Jul-1975,0,5.286,18.3611,4.8167,0.6503
31-Jul-1975,0,5.273,20.6944,1.2333,0.61
01-Aug-1975,0,5.26,24.3889,2.6556,0.5643
02-Aug-1975,0,5.247,25.9944,4.6944,0.5347
03-Aug-1975,0,5.232,27.4278,6.9222,0.5186
04-Aug-1975,0,5.217,27.4889,7.9111,0.4971
05-Aug-1975,0,5.202,26.6667,8.3833,0.4595
06-Aug-1975,0,5.185,24.5444,11.3,0.4407
07-Aug-1975,0,5.168,24.1611,3.8944,0.4246
08-Aug-1975,0,5.151,26.1944,4.4389,0.395
09-Aug-1975,0,5.132,26.7389,5.4556,0.3923
10-Aug-1975,0,5.113,25.5556,6.4,0.3923
11-Aug-1975,1.4,5.094,25.6056,7.7444,0.4004
12-Aug-1975,0.01,5.073,24.9556,7.8556,0.446
13-Aug-1975,0,5.052,24.5778,6.8333,0.4326
14-Aug-1975,0.53,5.031,23.8778,6.8,0.4246
15-Aug-1975,0.17,5.009,22.6667,6.5944,0.446
16-Aug-1975,0.17,4.986,22.7778,5.5556,0.4514
17-Aug-1975,0,4.962,21.4111,5.6167,0.4057
18-Aug-1975,16.33,4.938,15.3389,7.2889,0.3977
19-Aug-1975,4.37,4.913,12.1056,5.0778,0.5428
20-Aug-1975,6.25,4.888,14.5667,2.65,0.5159
21-Aug-1975,0.92,4.862,16.0389,4.1333,0.5911
22-Aug-1975,0.16,4.836,19.4056,3,0.5482
23-Aug-1975,0,4.809,20.9389,4.4111,0.4864
24-Aug-1975,0,4.781,22.1056,4.2889,0.4138
25-Aug-1975,0,4.753,23.4056,5.6722,0.395
26-Aug-1975,0.81,4.724,22.2389,6.75,0.3708
27-Aug-1975,0,4.695,19.9389,5.9167,0.3305
28-Aug-1975,0,4.665,19.3056,5.2944,0.3278
29-Aug-1975,0,4.635,20.75,1.5111,0.3332
30-Aug-1975,0,4.604,21.7389,2.5778,0.3251
31-Aug-1975,0,4.573,21.3111,2.5778,0.4434
01-Sep-1975,0,4.541,20.6278,4.8056,0.4487
02-Sep-1975,0,4.509,21.45,2.3278,0.4434
03-Sep-1975,0,4.476,23,3.3778,0.4299
04-Sep-1975,0,4.443,24.7889,5.0222,0.4138
05-Sep-1975,0,4.409,25.7944,6.0611,0.4031
06-Sep-1975,0,4.375,26.6722,6.7611,0.3842
07-Sep-1975,0,4.341,26.6333,7.8278,0.3977
08-Sep-1975,0.69,4.306,24.8222,7.35,0.3977
09-Sep-1975,5.83,4.27,21.9611,8.6722,0.3896
10-Sep-1975,9.22,4.235,18.1667,8.8,0.4568
11-Sep-1975,7.16,4.198,18.7167,5.5833,0.5025
12-Sep-1975,0.02,4.162,20.2111,5.0667,0.3977
13-Sep-1975,1.13,4.125,20.8833,5.8833,0.3842
14-Sep-1975,0.01,4.088,21.5778,5.9056,0.3789
15-Sep-1975,0.47,4.05,21.6389,6.75,0.3547
16-Sep-1975,0,4.012,22.4833,5.8556,0.3332
17-Sep-1975,0,3.974,21.8722,8.1667,0.3171
18-Sep-1975,0,3.935,22.0056,9.1611,0.3009
19-Sep-1975,0.03,3.896,21.8389,7.3389,0.2848
20-Sep-1975,0,3.857,21.9778,6.8444,0.2795
21-Sep-1975,0,3.817,21.3667,5.2556,0.266
22-Sep-1975,0,3.777,23.1944,4.8167,0.2472
23-Sep-1975,0,3.737,23.4722,4.7778,0.2338
24-Sep-1975,0,3.697,23.7167,5.0611,0.2257
25-Sep-1975,0,3.656,23.8611,5.15,0.2203
26-Sep-1975,0,3.616,23.4944,4.8611,0.2123
27-Sep-1975,0,3.575,23.3333,4.2333,0.2096
28-Sep-1975,0,3.534,22.05,3.7389,0.223
29-Sep-1975,0,3.492,21.5,2.9667,0.223
30-Sep-1975,0,3.451,21.8444,3.3111,0.215
01-Oct-1975,0,3.409,22.3667,3.9778,0.2123
02-Oct-1975,0,3.367,21.9389,3.8556,0.2284
03-Oct-1975,0,3.325,20.9333,5.6111,0.2472
04-Oct-1975,0,3.283,21.1556,7.1611,0.2499
05-Oct-1975,0,3.241,20.5611,4.8833,0.2472
06-Oct-1975,19.87,3.198,15.2667,5.3889,0.2472
07-Oct-1975,0.12,3.156,8.8444,-2.45,0.4165
08-Oct-1975,0.01,3.113,11.6667,-4.2944,0.3278
09-Oct-1975,6.82,3.071,12.7278,-1.2278,0.2929
10-Oct-1975,24.12,3.028,9.5556,0.65,0.3708
11-Oct-1975,11.41,2.986,7.6611,-1,0.5858
12-Oct-1975,2.11,2.943,6.7,-1.8222,0.4246
13-Oct-1975,0.01,2.9,8.2167,-2.5167,0.3547
14-Oct-1975,0.01,2.857,12.4778,-3.5389,0.3359
15-Oct-1975,0,2.815,15.4111,-2.4833,0.3359
16-Oct-1975,0,2.772,16.85,-1.6722,0.3305
17-Oct-1975,0,2.729,16.7056,-0.9278,0.3305
18-Oct-1975,0,2.687,15.4,0.1944,0.3224
19-Oct-1975,0,2.644,15.8611,-0.7778,0.3036
20-Oct-1975,0,2.602,17.2778,-0.8944,0.2929
21-Oct-1975,0.03,2.56,16.7667,0.0778,0.2875
22-Oct-1975,4.24,2.517,10.3667,-1.2056,0.2983
23-Oct-1975,0.44,2.475,3.2722,-7.0778,0.309
24-Oct-1975,0.01,2.433,6.2278,-8.8389,0.2741
25-Oct-1975,2.23,2.391,7.7444,-6.2889,0.2768
26-Oct-1975,32.74,2.349,6.9944,1.2667,0.8599
27-Oct-1975,0.64,2.308,5.6167,-3.5056,1.0748
28-Oct-1975,0.01,2.266,9.2944,-7.5056,0.5589
29-Oct-1975,0.35,2.225,13.4944,-4.8556,0.481
30-Oct-1975,17.53,2.184,7.5389,-1.2222,0.4595
31-Oct-1975,0.46,2.143,8.5889,-3.3056,0.4622
01-Nov-1975,0,2.103,12.2,-4.7,0.438
02-Nov-1975,0,2.062,14.1722,-4.0944,0.4541
03-Nov-1975,0,2.022,14.5944,-2.9556,0.4514
04-Nov-1975,0,1.982,16.9722,-3.4556,0.4514
05-Nov-1975,0,1.943,15.2389,-1.8889,0.4434
06-Nov-1975,0,1.904,11.8056,-2.1278,0.4192
07-Nov-1975,0.87,1.865,11.2111,0.6722,0.4031
08-Nov-1975,0,1.826,7.6667,-4.7111,0.6073
09-Nov-1975,1.26,1.787,7.0278,-9.5833,0.4407
10-Nov-1975,11.32,1.749,2.6444,-5.5278,0.4299
11-Nov-1975,0,1.712,3.75,-11.0444,0.3305
12-Nov-1975,0,1.674,7.6889,-9.3667,0.4192
13-Nov-1975,0.01,1.637,12.15,-6.8,0.4487
14-Nov-1975,0,1.601,12.3222,-3.6167,0.4487
15-Nov-1975,1.26,1.564,12.4389,-0.2833,0.4138
16-Nov-1975,6.4,1.528,7.8833,0.3333,0.4434
17-Nov-1975,0.07,1.493,1.3889,-7.2444,0.4219
18-Nov-1975,0,1.458,-3.5944,-12.35,0.3144
19-Nov-1975,0.04,1.423,0.8222,-14.4333,0.2956
20-Nov-1975,0.13,1.389,3.9944,-9.3556,0.3224
21-Nov-1975,0.01,1.355,3.45,-9.8889,0.309
22-Nov-1975,0,1.322,7.8889,-9.4944,0.3332
23-Nov-1975,0,1.289,8.9444,-8.0444,0.3439
24-Nov-1975,0,1.257,10.4111,-6.9,0.3332
25-Nov-1975,0,1.225,7.5389,-5.6944,0.3359
26-Nov-1975,0.17,1.193,8.0167,-6.9889,0.3359
27-Nov-1975,5.09,1.163,2.6111,-5.1722,0.3386
28-Nov-1975,4.07,1.132,-3.5889,-9.1444,0.3359
29-Nov-1975,0.75,1.102,-2.6444,-15.35,0.2741
30-Nov-1975,0.03,1.073,3.3556,-10.0333,0.4031
01-Dec-1975,0,1.044,11.2222,-3.5278,0.3708
02-Dec-1975,0,1.016,11.2722,-3.7,0.3547
03-Dec-1975,0,0.988,11.7444,-3.7944,0.3439
04-Dec-1975,0.02,0.961,10.3056,-3.3,0.3386
05-Dec-1975,0.17,0.935,9.8056,-1.2667,0.3359
06-Dec-1975,0,0.909,8.6833,-3.8056,0.3278
07-Dec-1975,0,0.883,10.8056,-6.05,0.3036
08-Dec-1975,0,0.858,11.3889,-5.2444,0.3036
09-Dec-1975,0,0.834,11.1778,-6.1556,0.309
10-Dec-1975,0,0.811,10.2611,-3.9,0.3198
11-Dec-1975,0.18,0.788,9.1167,-7.0444,0.2875
12-Dec-1975,3.76,0.765,2.9889,-4.9944,0.3117
13-Dec-1975,2.77,0.743,-1.5444,-9.25,0.2741
14-Dec-1975,0.08,0.722,-0.8778,-15.0833,0.2499
15-Dec-1975,0,0.702,2.7556,-14.0667,0.2418
16-Dec-1975,0.01,0.682,5.0333,-10.4944,0.2553
17-Dec-1975,0,0.663,5.0611,-9.8778,0.2553
18-Dec-1975,0,0.644,4.7611,-10.1222,0.2553
19-Dec-1975,0,0.627,4.6722,-11,0.2553
20-Dec-1975,0,0.609,5.2556,-10.5,0.2553
21-Dec-1975,0.01,0.593,6.1278,-9.6722,0.2687
22-Dec-1975,2.41,0.577,3.2056,-6.4222,0.2821
23-Dec-1975,0.02,0.562,4.2667,-10.2889,0.2687
24-Dec-1975,0,0.547,7.5056,-8.0222,0.2821
25-Dec-1975,0,0.534,8.2056,-6.3667,0.2821
26-Dec-1975,0.02,0.521,10.1056,-6.1111,0.2741
27-Dec-1975,0,0.508,8.6611,-3.35,0.2902
28-Dec-1975,0,0.497,9.0944,-5.4556,0.2768
29-Dec-1975,0,0.486,8.6778,-5.8778,0.2821
30-Dec-1975,0,0.475,5.2778,-5.7222,0.2768
31-Dec-1975,0.4,0.466,-2.9,-11.1333,0.2445
01-Jan-1976,0.21,0.44,-2.6333,-12.8444,0.2526
02-Jan-1976,0,0.442,0.65,-14.4556,0.2015
03-Jan-1976,0,0.435,-0.0611,-10.9556,0.2284
04-Jan-1976,0.37,0.429,4.2167,-10.8556,0.215
05-Jan-1976,1.54,0.424,4.1833,-5.5056,0.2821
06-Jan-1976,0.02,0.419,3.1556,-8.9333,0.2741
07-Jan-1976,0,0.416,5.8444,-9.4167,0.3278
08-Jan-1976,0.12,0.413,8.6056,-7.3556,0.2687
09-Jan-1976,6.95,0.41,4.6389,-5.7833,0.2768
10-Jan-1976,0.05,0.409,3.8278,-10.8278,0.2365
11-Jan-1976,0.23,0.408,4.8444,-8.5111,0.2606
12-Jan-1976,0,0.408,5.8778,-7.3389,0.266
13-Jan-1976,0,0.409,7.6389,-8.4389,0.258
14-Jan-1976,0,0.41,10.0889,-6.9444,0.2633
15-Jan-1976,0,0.412,10.4833,-5.9333,0.2553
16-Jan-1976,0,0.415,11.6778,-5.7,0.2418
17-Jan-1976,0,0.419,10.6389,-5.5444,0.2365
18-Jan-1976,0,0.423,7.7556,-7.2222,0.2365
19-Jan-1976,0,0.428,6.7278,-8.5444,0.2311
20-Jan-1976,0,0.434,7.7944,-9.8944,0.215
21-Jan-1976,0,0.44,8.6167,-10.0722,0.2096
22-Jan-1976,3.04,0.447,8.7333,-9.8889,0.2042
23-Jan-1976,2.37,0.455,8.3111,-8.1278,0.215
24-Jan-1976,0.52,0.464,6.4778,-7.3833,0.2257
25-Jan-1976,0,0.473,7.5833,-9.6389,0.223
26-Jan-1976,0,0.483,9.4667,-8.4667,0.223
27-Jan-1976,0,0.494,10.7944,-6.7944,0.2633
28-Jan-1976,0.03,0.506,12.4722,-5.8889,0.266
29-Jan-1976,0,0.518,12.4667,-5.4611,0.2499
30-Jan-1976,0,0.531,11.5,-4.9333,0.2553
31-Jan-1976,0.05,0.545,11.1389,-5.8389,0.2445
01-Feb-1976,0.05,0.559,10.1,-6.8889,0.2472
02-Feb-1976,1.83,0.574,10.85,-7.8667,0.2445
03-Feb-1976,0,0.589,12.0111,-7.2444,0.2445
04-Feb-1976,7.95,0.606,2.1722,-9.1556,0.2499
05-Feb-1976,5.34,0.623,-7.4222,-12.5333,0.2203
06-Feb-1976,5.09,0.641,-5.4667,-12.1,0.2123
07-Feb-1976,4.76,0.659,-0.8833,-12.8444,0.2096
08-Feb-1976,7.2,0.678,1.0611,-9.8167,0.2096
09-Feb-1976,9.5,0.698,1.3667,-4.8333,0.2096
10-Feb-1976,0.34,0.718,1.8222,-10.6111,0.215
11-Feb-1976,0.37,0.739,2.5444,-12.1278,0.223
12-Feb-1976,0,0.761,5.9389,-11.1333,0.2687
13-Feb-1976,1.53,0.783,6.0222,-8.3167,0.2768
14-Feb-1976,2.72,0.806,3.8167,-6.2167,0.2983
15-Feb-1976,0.26,0.829,1.5,-5.8333,0.2633
16-Feb-1976,1.37,0.853,3.3944,-7.7889,0.2499
17-Feb-1976,0.45,0.878,7.5167,-3.7111,0.2848
18-Feb-1976,0.45,0.903,6.9611,-3.2889,0.266
19-Feb-1976,10.52,0.929,1.8778,-5.85,0.2741
20-Feb-1976,0.03,0.955,2.0444,-12.6056,0.2177
21-Feb-1976,0,0.982,5.4222,-11.8167,0.2445
22-Feb-1976,0,1.01,6.8111,-8.3444,0.2472
23-Feb-1976,0,1.038,7.4,-8.3667,0.2553
24-Feb-1976,0,1.067,6.25,-8.2944,0.258
25-Feb-1976,0.06,1.096,6.8222,-4.8111,0.2526
26-Feb-1976,0.03,1.126,9.3556,-2.7056,0.2714
27-Feb-1976,0,1.156,8.75,-5.7444,0.2929
28-Feb-1976,1.21,1.187,7.7444,-1.8556,0.2983
29-Feb-1976,26.84,1.218,3.1611,-1.4556,0.3466
01-Mar-1976,18.86,1.25,-2.2,-8.0222,0.258
02-Mar-1976,5.44,1.282,-4.95,-10.9611,0.2203
03-Mar-1976,3.03,1.315,-3.0056,-11.8778,0.2687
04-Mar-1976,0.02,1.348,-2.3556,-14.6722,0.2553
05-Mar-1976,0,1.382,-0.3333,-14.0056,0.2633
06-Mar-1976,0,1.416,3.2556,-12.9,0.2768
07-Mar-1976,0,1.451,5.9056,-11.0667,0.2821
08-Mar-1976,0,1.486,5.7944,-9.1444,0.309
09-Mar-1976,0,1.521,7.8611,-7.6167,0.3063
10-Mar-1976,0,1.557,9.9667,-7.2667,0.3144
11-Mar-1976,0.48,1.593,7.0111,-6.1333,0.3413
12-Mar-1976,0,1.629,6.4278,-10.3167,0.3117
13-Mar-1976,0,1.666,9.6,-8.6444,0.3251
14-Mar-1976,0,1.704,10.5,-5.5667,0.3332
15-Mar-1976,0,1.741,11.9722,-6.55,0.3547
16-Mar-1976,0,1.779,14.9389,-1.7,0.4004
17-Mar-1976,0,1.818,14.0722,-1.4667,0.4541
18-Mar-1976,5.51,1.856,7.8389,-1.4611,0.5052
19-Mar-1976,0.57,1.895,3.0722,-6.9056,0.3896
20-Mar-1976,0,1.935,8.5,-10.3222,0.3869
21-Mar-1976,0.04,1.974,12.0389,-7.5111,0.4111
22-Mar-1976,0.12,2.014,11.5056,-5.5611,0.4353
23-Mar-1976,0,2.054,10.2722,-2.4111,0.4434
24-Mar-1976,0.78,2.094,9.0111,-2.1722,0.4514
25-Mar-1976,0.04,2.135,5.9222,-9.9111,0.4487
26-Mar-1976,0.01,2.176,8.0556,-8.4944,0.4165
27-Mar-1976,0.35,2.217,4.8389,-7.7389,0.4165
28-Mar-1976,0.07,2.258,6.9167,-7.6944,0.395
29-Mar-1976,0,2.299,9.3389,-7.8722,0.3977
30-Mar-1976,0.48,2.341,12.65,-7.3722,0.4004
31-Mar-1976,0.17,2.382,9.5944,-3.1833,0.4783
01-Apr-1976,0.08,2.424,7.7611,-6.2111,0.4514
02-Apr-1976,0,2.466,11.5111,-8.1222,0.4514
03-Apr-1976,0,2.508,11.2444,-6.25,0.4998
04-Apr-1976,0,2.551,10.1778,-4.95,0.5213
05-Apr-1976,0.06,2.593,7.8722,-3.8,0.4649
06-Apr-1976,0.2,2.635,9.2,-3.6722,0.4944
07-Apr-1976,0.01,2.678,11.5833,-4.2833,0.4917
08-Apr-1976,2.13,2.72,7.6222,-3.4444,0.5992
09-Apr-1976,0.03,2.763,9.9389,-9.4222,0.4917
10-Apr-1976,0.69,2.806,9.6278,-5.3056,0.4971
11-Apr-1976,0.95,2.848,6.4556,-2.7833,0.4971
12-Apr-1976,3.83,2.891,4.75,-4.0889,0.4756
13-Apr-1976,9.52,2.934,5.5222,-3.8333,0.4729
14-Apr-1976,0.36,2.977,8.0944,-4.3,0.481
15-Apr-1976,7.78,3.019,3.4167,-4.7778,0.481
16-Apr-1976,1.28,3.062,0.6333,-9.15,0.4246
17-Apr-1976,0.11,3.104,7.5,-10.4778,0.3923
18-Apr-1976,0.42,3.147,10.5444,-3.1111,0.5025
19-Apr-1976,0,3.189,14.6222,-5.0222,0.4837
20-Apr-1976,0.03,3.232,16.9944,-2.0833,0.6395
21-Apr-1976,0,3.274,15.1944,-2.7111,0.7497
22-Apr-1976,0,3.316,12.8389,0.2333,0.7685
23-Apr-1976,0,3.358,15.8722,-3.0556,0.8437
24-Apr-1976,0.05,3.4,16.4389,0.2278,0.9781
25-Apr-1976,0,3.442,9.3611,-1.4444,1.1877
26-Apr-1976,0,3.483,6.5444,-5.6889,0.9888
27-Apr-1976,0,3.525,8.2167,-7.3611,0.8491
28-Apr-1976,0,3.566,11.1167,-5.7833,0.7927
29-Apr-1976,0,3.607,15.9444,-3.95,0.8491
30-Apr-1976,0,3.648,19.5611,-1.0111,1.0372
01-May-1976,0,3.689,18.3222,1.1944,1.3543
02-May-1976,0.43,3.729,15.4889,-0.6889,1.5746
03-May-1976,0,3.769,16.65,-0.4278,1.4188
04-May-1976,0,3.809,16.4222,-1.2389,1.5558
05-May-1976,0.07,3.848,13.6444,2.6889,1.5128
06-May-1976,13.41,3.888,8.5611,-2.1889,1.3408
07-May-1976,0.64,3.927,14.0889,0.3333,1.1823
08-May-1976,1.29,3.965,15.8833,1.3889,1.3865
09-May-1976,3.05,4.004,16.5,2.1833,1.6069
10-May-1976,0.02,4.042,16.9833,1.0889,1.6391
11-May-1976,0.01,4.08,18.6056,2.5444,1.8003
12-May-1976,0,4.117,21.75,1.4944,1.8326
13-May-1976,0.04,4.154,23.2556,3.4611,1.8379
14-May-1976,0,4.191,19.9778,6.2667,2.1254
15-May-1976,0,4.227,19.4,0.8389,1.9642
16-May-1976,1.73,4.263,20.7389,2.2778,1.709
17-May-1976,0,4.298,19.1556,3.8111,1.76
18-May-1976,0,4.333,17.5111,0.65,1.5961
19-May-1976,0,4.368,16.1889,1.5556,1.4107
20-May-1976,0.06,4.402,15.5222,-0.7056,1.2817
21-May-1976,0,4.436,16.3667,2.4556,1.1742
22-May-1976,0,4.469,16.5667,0.4611,1.0775
23-May-1976,0,4.502,16.8333,-0.2944,1.056
24-May-1976,0,4.535,16.8556,-0.3333,1.0238
25-May-1976,0,4.566,18.2944,0.5889,1.0372
26-May-1976,0,4.598,20.8111,1.9944,1.013
27-May-1976,0,4.629,19.7889,5.4778,1.0264
28-May-1976,0,4.659,16.4722,1.3222,1.0291
29-May-1976,0,4.689,16.6667,-2.0944,0.8948
30-May-1976,0.01,4.718,15.5944,1.7611,0.8652
31-May-1976,0.13,4.747,15.3278,4.2444,0.8384
01-Jun-1976,0,4.775,16.4778,1.2667,0.8195
02-Jun-1976,0,4.803,17.2833,1.2167,0.7819
03-Jun-1976,0,4.83,15.1056,2.1167,0.7443
04-Jun-1976,0,4.857,16.1,-1.4722,0.7013
05-Jun-1976,0,4.883,16.7389,-1.6056,0.6637
06-Jun-1976,0,4.908,16.8833,0.7222,0.6315
07-Jun-1976,0,4.933,15.0944,3.4722,0.61
08-Jun-1976,0.62,4.957,13.5333,1.0667,0.5992
09-Jun-1976,1.62,4.981,10.9722,3.0778,0.5777
10-Jun-1976,1.19,5.004,9.7333,0.1444,0.5428
11-Jun-1976,0,5.026,12.5389,-0.0111,0.5186
12-Jun-1976,0,5.048,16.4222,-0.9111,0.4971
13-Jun-1976,0,5.069,17.0444,1.8667,0.489
14-Jun-1976,0,5.089,18.5222,-0.0944,0.481
15-Jun-1976,0,5.109,22.2111,1.6556,0.446
16-Jun-1976,0,5.128,22.8167,7.4556,0.4568
17-Jun-1976,0,5.147,22.9167,4.6167,0.4729
18-Jun-1976,0,5.165,23.9444,5.6,0.4514
19-Jun-1976,0,5.182,23.4778,6.5,0.4353
20-Jun-1976,0,5.198,20.1667,6.5667,0.4219
21-Jun-1976,0,5.214,17.7611,6.2167,0.4138
22-Jun-1976,0,5.229,19.5667,1.2944,0.4057
23-Jun-1976,0,5.244,20.7833,3.5833,0.3789
24-Jun-1976,0,5.258,23.2889,3.7667,0.352
25-Jun-1976,0,5.271,23.7444,4.6,0.3332
26-Jun-1976,0,5.283,24.9167,3.2,0.3171
27-Jun-1976,0,5.295,26.6389,3.35,0.3036
28-Jun-1976,0,5.306,25.9833,6.6056,0.2848
29-Jun-1976,0,5.316,22.1722,8.65,0.2687
30-Jun-1976,0,5.325,19.5333,5.3111,0.258
01-Jul-1976,0,5.334,19.7833,-0.7222,0.2795
02-Jul-1976,0,5.342,21.4944,0.3056,0.2929
03-Jul-1976,0,5.35,23.2722,3.2278,0.3628
04-Jul-1976,0,5.356,24.2944,5.1833,0.352
05-Jul-1976,0,5.362,26.1278,5.1833,0.3359
06-Jul-1976,0,5.367,25.9611,5.4944,0.3466
07-Jul-1976,0,5.372,25.5333,5.6778,0.3601
08-Jul-1976,0,5.376,25.9278,5.6222,0.4004
09-Jul-1976,0,5.379,26.4111,7.6611,0.3869
10-Jul-1976,0,5.381,27.2611,7.5778,0.3413
11-Jul-1976,0.07,5.382,25.3778,8.5056,0.3198
12-Jul-1976,0,5.383,23.9222,5.95,0.3144
13-Jul-1976,0,5.383,26.4278,5.9611,0.3144
14-Jul-1976,2.17,5.383,27.0778,7,0.3063
15-Jul-1976,2.39,5.381,26.05,7.5444,0.3466
16-Jul-1976,4.11,5.379,21.9278,10.4722,0.3896
17-Jul-1976,2.71,5.376,19.5944,6.7611,0.4084
18-Jul-1976,0.06,5.373,20.4389,4.6389,0.4031
19-Jul-1976,0.16,5.368,23.0778,5.6611,0.3601
20-Jul-1976,0,5.363,24.3056,5.3611,0.3278
21-Jul-1976,0.63,5.358,25.0833,4.35,0.3036
22-Jul-1976,0,5.351,26.0889,6.3389,0.2956
23-Jul-1976,8.55,5.344,21.6778,9.9222,0.3278
24-Jul-1976,0.1,5.336,23.2778,7.4444,0.3359
25-Jul-1976,0.18,5.327,25.4889,8.3,0.3063
26-Jul-1976,0.01,5.318,26.9389,9.9,0.2875
27-Jul-1976,0.31,5.308,27.2333,10.0556,0.2606
28-Jul-1976,2.15,5.297,25.8556,11.1,0.2445
29-Jul-1976,0.36,5.286,24.6167,10.1611,0.2741
30-Jul-1976,0.12,5.273,23.1611,9.4833,0.2445
31-Jul-1976,6.95,5.26,17.9611,8.6611,0.2391
01-Aug-1976,3.59,5.247,16.8278,6.1833,0.2929
02-Aug-1976,0.09,5.232,17.3056,3.4722,0.3842
03-Aug-1976,0.6,5.217,16.2333,3.2833,0.2445
04-Aug-1976,0,5.202,17.0722,0.7667,0.1881
05-Aug-1976,0,5.185,18.0222,2.0111,0.1693
06-Aug-1976,0,5.168,16.6833,3.9278,0.1585
07-Aug-1976,0,5.151,18.1222,0.8611,0.1532
08-Aug-1976,0,5.132,19.8056,2.7333,0.1558
09-Aug-1976,0,5.113,22.0667,4.0444,0.1478
10-Aug-1976,0.01,5.094,23.2611,5.6222,0.1397
11-Aug-1976,0,5.073,23.6,6.45,0.137
12-Aug-1976,0.01,5.052,22.8167,6.3111,0.129
13-Aug-1976,0,5.031,20.1944,4.4111,0.1532
14-Aug-1976,15.62,5.009,14.5667,5.3,0.1558
15-Aug-1976,19.38,4.986,11.0833,3.8056,0.3896
16-Aug-1976,0.03,4.962,12.6167,0.9333,0.4057
17-Aug-1976,0.01,4.938,12.6278,2.2944,0.2741
18-Aug-1976,1.42,4.913,11.3889,3.3722,0.2311
19-Aug-1976,1.04,4.888,15.6944,5.0278,0.223
20-Aug-1976,0.1,4.862,22.1389,3.6944,0.223
21-Aug-1976,0.03,4.836,23.7167,5.0667,0.1988
22-Aug-1976,5.88,4.809,18.1333,6.7167,0.18
23-Aug-1976,0.01,4.781,19.7444,1.2778,0.2042
24-Aug-1976,0.01,4.753,22.3944,2.9056,0.18
25-Aug-1976,0.03,4.724,21.5556,3.9889,0.1585
26-Aug-1976,0,4.695,21.3944,3.2,0.1397
27-Aug-1976,0,4.665,22.6556,3.1056,0.137
28-Aug-1976,0,4.635,25.6333,4.8,0.137
29-Aug-1976,0,4.604,27.0111,6.3611,0.1344
30-Aug-1976,0,4.573,27.6889,5.5722,0.1263
31-Aug-1976,0,4.541,28.6556,6.0111,0.1209
01-Sep-1976,0,4.509,28.8944,6.5056,0.1182
02-Sep-1976,0,4.476,28.6778,7.2778,0.1048
03-Sep-1976,0.14,4.443,28.0611,8.1056,0.1021
04-Sep-1976,0.54,4.409,26.45,8.5944,0.0994
05-Sep-1976,8.2,4.375,22.0056,8.4389,0.1048
06-Sep-1976,0.02,4.341,21.2667,8.0778,0.2123
07-Sep-1976,0,4.306,20.9056,4.3944,0.172
08-Sep-1976,0.01,4.27,21.7722,4.0444,0.1612
09-Sep-1976,0,4.235,23.6,5.1333,0.1585
10-Sep-1976,16.42,4.198,19.8056,8.5389,0.172
11-Sep-1976,5.22,4.162,14.2278,7.7778,0.2714
12-Sep-1976,0.16,4.125,16.4222,2.05,0.2526
13-Sep-1976,0.01,4.088,18.7278,2.8944,0.2069
14-Sep-1976,0.53,4.05,18.7556,3.9278,0.1935
15-Sep-1976,0.84,4.012,14.8778,5.2389,0.1854
16-Sep-1976,1.38,3.974,12.9,1.4722,0.1666
17-Sep-1976,0.26,3.935,15.1833,3.2556,0.1585
18-Sep-1976,0,3.896,17.3444,1.5167,0.1558
19-Sep-1976,1.18,3.857,18.2722,1.8056,0.1532
20-Sep-1976,1.69,3.817,18.8944,3.5611,0.1585
21-Sep-1976,0,3.777,18.6944,3.2833,0.1854
22-Sep-1976,0.01,3.737,19.3,2.3889,0.1773
23-Sep-1976,0,3.697,19.9167,2.4778,0.1612
24-Sep-1976,0,3.656,20.0278,2.8222,0.1558
25-Sep-1976,0,3.616,19.6944,3.2222,0.1532
26-Sep-1976,0,3.575,19.3167,2.3833,0.1558
27-Sep-1976,0,3.534,18.7111,2.9889,0.1532
28-Sep-1976,2.1,3.492,17.1333,3.3056,0.1478
29-Sep-1976,3.35,3.451,16.1,3.9389,0.1532
30-Sep-1976,1.56,3.409,17.4389,3.9833,0.2015
01-Oct-1976,14.49,3.367,15.6222,2.9222,0.2042
02-Oct-1976,3.81,3.325,11.1611,3.2167,0.2768
03-Oct-1976,0.01,3.283,13.7611,1.9278,0.258
04-Oct-1976,0,3.241,16.2389,-0.2333,0.215
05-Oct-1976,0,3.198,18.2556,0.9056,0.1962
06-Oct-1976,0.26,3.156,19.0389,2.1556,0.1854
07-Oct-1976,0,3.113,19.5667,2.9611,0.18
08-Oct-1976,0.01,3.071,20.4444,3.1778,0.1773
09-Oct-1976,0,3.028,21.6222,3.3,0.1693
10-Oct-1976,0,2.986,19.4222,4.3333,0.1639
11-Oct-1976,0,2.943,17.4778,2.05,0.1612
12-Oct-1976,0,2.9,17.6556,0.4389,0.1612
13-Oct-1976,0,2.857,18.1278,-0.8778,0.1612
14-Oct-1976,0,2.815,18.95,0.2722,0.1612
15-Oct-1976,0,2.772,17.85,-0.4778,0.1558
16-Oct-1976,0,2.729,16.3222,0.5222,0.1558
17-Oct-1976,0,2.687,15.6444,-1.1722,0.1558
18-Oct-1976,0,2.644,14.2889,-2.1111,0.1558
19-Oct-1976,0,2.602,14.5444,-2.1111,0.1558
20-Oct-1976,0,2.56,13.9722,-2.0111,0.1505
21-Oct-1976,0.03,2.517,14.3222,-2.6222,0.1505
22-Oct-1976,0.9,2.475,12.1,-0.9389,0.1532
23-Oct-1976,0.02,2.433,11.7778,-1.9611,0.1612
24-Oct-1976,0,2.391,12.5222,-2.6333,0.1585
25-Oct-1976,0,2.349,11.0778,-1.5944,0.1532
26-Oct-1976,0,2.308,8.2722,-4.9611,0.1451
27-Oct-1976,0,2.266,10.4556,-6.2056,0.1451
28-Oct-1976,0,2.225,13.15,-6.7167,0.137
29-Oct-1976,0,2.184,13.9167,-4.3833,0.1397
30-Oct-1976,0,2.143,13.8778,-4.0278,0.1424
31-Oct-1976,0,2.103,14.0333,-3.5056,0.1424
01-Nov-1976,0,2.062,16.3389,-4.5778,0.1424
02-Nov-1976,0,2.022,16.9833,-3.2389,0.1397
03-Nov-1976,0,1.982,18.0056,-2.7556,0.1424
04-Nov-1976,0,1.943,18.3167,-2.8778,0.1424
05-Nov-1976,0,1.904,18.3,-2.8556,0.1397
06-Nov-1976,0,1.865,17.5556,-2.4056,0.1397
07-Nov-1976,0,1.826,16.2056,-1.5111,0.1397
08-Nov-1976,0,1.787,15.1333,-3.3111,0.1397
09-Nov-1976,0,1.749,13.8833,-3.1556,0.1397
10-Nov-1976,0,1.712,11.5389,-2.2333,0.1397
11-Nov-1976,0.03,1.674,8.3722,-3.9778,0.1397
12-Nov-1976,0.02,1.637,8.55,-4.2556,0.1397
13-Nov-1976,0.73,1.601,8.3722,-7.0222,0.137
14-Nov-1976,11.73,1.564,5.1333,-1.7167,0.1478
15-Nov-1976,0.2,1.528,10.3167,-2.4611,0.1639
16-Nov-1976,0.42,1.493,13.0278,-2.7833,0.1612
17-Nov-1976,0,1.458,14.6,-2.9222,0.1612
18-Nov-1976,0,1.423,13.8167,-3.7,0.1612
19-Nov-1976,0,1.389,12.4889,-4.3,0.1612
20-Nov-1976,0,1.355,12.1944,-4.5,0.1585
21-Nov-1976,0,1.322,11.7,-4.8889,0.1558
22-Nov-1976,0,1.289,11,-4.9667,0.1532
23-Nov-1976,0,1.257,11.0667,-5.8722,0.1478
24-Nov-1976,0,1.225,12.3389,-5.6,0.1451
25-Nov-1976,0,1.193,11.2111,-5.9167,0.1424
26-Nov-1976,0,1.163,4.8222,-7.8833,0.1397
27-Nov-1976,0,1.132,-2.2833,-14.1,0.1209
28-Nov-1976,0,1.102,0.8667,-14.1556,0.086
29-Nov-1976,0,1.073,5.5611,-11.7444,0.086
30-Nov-1976,0,1.044,7.2222,-11.4722,0.1209
01-Dec-1976,0,1.016,8.65,-9.8667,0.1451
02-Dec-1976,0,0.988,9.8722,-9.9,0.1451
03-Dec-1976,0,0.961,9.8944,-9.1444,0.1451
04-Dec-1976,0,0.935,8.1944,-8.7722,0.1397
05-Dec-1976,0,0.909,6.8611,-10.0333,0.1344
06-Dec-1976,0,0.883,8.0944,-10.3389,0.1344
07-Dec-1976,0,0.858,10.5722,-10.3278,0.1344
08-Dec-1976,0,0.834,11.0056,-9.25,0.1344
09-Dec-1976,0.24,0.811,6.0333,-6.0833,0.1397
10-Dec-1976,0,0.788,5.7944,-11.2611,0.1344
11-Dec-1976,0.02,0.765,7.4944,-9.8,0.1317
12-Dec-1976,0,0.743,7.7778,-10.5833,0.1317
13-Dec-1976,0,0.722,9.1389,-9.3722,0.1344
14-Dec-1976,0,0.702,9.0278,-10.4333,0.129
15-Dec-1976,0,0.682,8.8389,-10.4111,0.129
16-Dec-1976,0,0.663,8.6,-10.8111,0.1236
17-Dec-1976,0,0.644,7.7111,-11.4111,0.1209
18-Dec-1976,0,0.627,7.6,-10.5722,0.1182
19-Dec-1976,0,0.609,6.8944,-10.9667,0.1209
20-Dec-1976,0,0.593,6,-11.4222,0.1209
21-Dec-1976,0,0.577,5.2722,-12.4833,0.1209
22-Dec-1976,0,0.562,3.8389,-12.0222,0.1209
23-Dec-1976,0,0.547,4.2444,-9.5722,0.1263
24-Dec-1976,0,0.534,5.2611,-13.1778,0.1263
25-Dec-1976,0,0.521,8.25,-11.3389,0.1263
26-Dec-1976,0,0.508,9.4389,-9.8778,0.1317
27-Dec-1976,0,0.497,7.3667,-11.1389,0.1344
28-Dec-1976,0,0.486,7.6667,-11.9667,0.1344
29-Dec-1976,0.07,0.475,7.1389,-9.0722,0.1317
30-Dec-1976,1.69,0.466,2.35,-6.6889,0.1317
31-Dec-1976,0.25,0.457,1.9722,-11.05,0.1344
01-Jan-1977,0.8,0.44,1.6,-10.65,0.129
02-Jan-1977,41.35,0.442,2.6,-6.3222,0.1397
03-Jan-1977,9.25,0.435,0.9111,-5.6333,0.1451
04-Jan-1977,0.82,0.429,-0.3278,-9.7889,0.1612
05-Jan-1977,2.88,0.424,-3.2056,-9.9,0.1344
06-Jan-1977,0,0.419,-2.85,-10.9611,0.1344
07-Jan-1977,0.04,0.416,-0.0778,-14.0556,0.1344
08-Jan-1977,0,0.413,-0.3167,-13.9056,0.1344
09-Jan-1977,0,0.41,1.9222,-13.6278,0.1344
10-Jan-1977,0,0.409,3.55,-11.0778,0.1344
11-Jan-1977,0,0.408,2.2889,-11.6,0.1344
12-Jan-1977,0.05,0.408,3.6889,-8.3556,0.1344
13-Jan-1977,0,0.409,3.2611,-9.5889,0.1344
14-Jan-1977,0,0.41,5.0278,-8.7444,0.1344
15-Jan-1977,0,0.412,6.2556,-9.1778,0.1344
16-Jan-1977,0,0.415,6.6056,-9.1278,0.1344
17-Jan-1977,0,0.419,8.2611,-8.7222,0.1263
18-Jan-1977,0,0.423,8.3667,-7.75,0.1236
19-Jan-1977,0,0.428,8.4889,-5.6778,0.1236
20-Jan-1977,0.01,0.434,6.4333,-4.7,0.1236
21-Jan-1977,2.61,0.44,4,-1.3167,0.137
22-Jan-1977,2.09,0.447,4.1889,-1.4167,0.1397
23-Jan-1977,0.17,0.455,4.3222,-2.7056,0.1397
24-Jan-1977,0.03,0.464,3.9778,-4.9833,0.1344
25-Jan-1977,0,0.473,3.1222,-8.0278,0.129
26-Jan-1977,0,0.483,4.3556,-6.6167,0.129
27-Jan-1977,0,0.494,5.9833,-9.0944,0.1182
28-Jan-1977,0,0.506,7.5111,-8.6,0.1155
29-Jan-1977,0,0.518,7.9,-9.4667,0.1155
30-Jan-1977,0,0.531,9.3389,-9.15,0.1155
31-Jan-1977,0,0.545,9.3222,-5.7222,0.1397
01-Feb-1977,0,0.559,4.4722,-8.1889,0.129
02-Feb-1977,0,0.574,4.0944,-10.8556,0.129
03-Feb-1977,0,0.589,5.2444,-10.85,0.1209
04-Feb-1977,0,0.606,6.9944,-10.0667,0.129
05-Feb-1977,0,0.623,7.5611,-8.2944,0.1317
06-Feb-1977,0,0.641,8.3833,-6.9111,0.1397
07-Feb-1977,0.01,0.659,9.6056,-6.6722,0.1344
08-Feb-1977,1.76,0.678,7.1111,-2.9722,0.1505
09-Feb-1977,0.05,0.698,5.9833,-8.2667,0.1451
10-Feb-1977,0,0.718,9.0833,-7.3833,0.137
11-Feb-1977,0,0.739,11.7722,-7.35,0.1397
12-Feb-1977,0,0.761,13.4167,-6.2944,0.1478
13-Feb-1977,0,0.783,13.4444,-5.0167,0.1532
14-Feb-1977,0,0.806,12.7222,-4.1167,0.1505
15-Feb-1977,0.01,0.829,14.8,-4.95,0.1505
16-Feb-1977,0,0.853,16.2944,-4.2611,0.1612
17-Feb-1977,0,0.878,15.2333,-3.2667,0.1639
18-Feb-1977,0,0.903,14.0278,-5.2222,0.1558
19-Feb-1977,0.17,0.929,15.3056,-4.5278,0.1558
20-Feb-1977,0.9,0.955,12.7611,-3.3889,0.1558
21-Feb-1977,46.29,0.982,6.1222,-2.25,0.2714
22-Feb-1977,1.86,1.01,1.3389,-6.5278,0.2445
23-Feb-1977,11.86,1.038,0.35,-6,0.2069
24-Feb-1977,1.67,1.067,1.0389,-11.8222,0.1585
25-Feb-1977,0.02,1.096,2.8444,-12.1444,0.1773
26-Feb-1977,0,1.126,5.9111,-10.5611,0.1558
27-Feb-1977,0.09,1.156,7.3722,-9.4444,0.1666
28-Feb-1977,5.04,1.187,5.8889,-7.2722,0.1747
01-Mar-1977,0.55,1.218,-0.0222,-12.5444,0.1639
02-Mar-1977,0,1.25,-0.4722,-11.8222,0.1585
03-Mar-1977,0.12,1.282,0.9278,-8.6667,0.1639
04-Mar-1977,0.01,1.315,3.1056,-7.2722,0.1666
05-Mar-1977,0,1.348,7.4833,-8.8333,0.1505
06-Mar-1977,0,1.382,9.7056,-6.6333,0.1666
07-Mar-1977,0,1.416,10.2833,-3.9167,0.1881
08-Mar-1977,0,1.451,10.5722,-3.5833,0.1854
09-Mar-1977,14.41,1.486,5,-5.1167,0.1935
10-Mar-1977,0.86,1.521,1.6389,-11.8944,0.1585
11-Mar-1977,0.03,1.557,6.0944,-11.9056,0.1639
12-Mar-1977,1.03,1.593,5.3667,-7.5389,0.1908
13-Mar-1977,0.86,1.629,-0.5111,-10.7389,0.1747
14-Mar-1977,1.25,1.666,-0.1889,-14.3667,0.1532
15-Mar-1977,0.43,1.704,1.2944,-10.1444,0.172
16-Mar-1977,2.05,1.741,0.7278,-6.5944,0.1747
17-Mar-1977,0.89,1.779,1.4167,-6.5333,0.1612
18-Mar-1977,0.03,1.818,4.3333,-12.0389,0.1585
19-Mar-1977,0.01,1.856,7.3167,-8.95,0.172
20-Mar-1977,0,1.895,9.2389,-7.1778,0.1693
21-Mar-1977,0,1.935,13.1278,-6.2278,0.1747
22-Mar-1977,0,1.974,14.4889,-4.5278,0.1988
23-Mar-1977,5.6,2.014,9.0056,-2.9222,0.2445
24-Mar-1977,3.23,2.054,3.1111,-7.3944,0.223
25-Mar-1977,0.44,2.094,4.2722,-7.8167,0.223
26-Mar-1977,0.01,2.135,8.2778,-7.8611,0.1988
27-Mar-1977,0,2.176,10.6167,-6.1389,0.2042
28-Mar-1977,0.1,2.217,4.2611,-10.65,0.2069
29-Mar-1977,3.2,2.258,1,-12.4833,0.1935
30-Mar-1977,7.81,2.299,0.1889,-9.6444,0.2096
31-Mar-1977,0.22,2.341,3.4167,-11.2167,0.1881
01-Apr-1977,0.03,2.382,5.5333,-4.3278,0.2096
02-Apr-1977,0.33,2.424,5.2611,-6.5722,0.1988
03-Apr-1977,0.03,2.466,9.35,-6.9667,0.1881
04-Apr-1977,0,2.508,15.5556,-4.3111,0.1962
05-Apr-1977,0.01,2.551,17.8778,-2.3056,0.2606
06-Apr-1977,0,2.593,19.2389,-0.8889,0.3601
07-Apr-1977,0.59,2.635,19.1111,-0.9444,0.4514
08-Apr-1977,1.83,2.678,14.1389,1.3111,0.567
09-Apr-1977,0.66,2.72,9.7722,-2.0556,0.532
10-Apr-1977,0,2.763,10.6833,-4.9778,0.4246
11-Apr-1977,0,2.806,12.4056,-4.4611,0.4165
12-Apr-1977,0,2.848,14.8167,-3.6611,0.4272
13-Apr-1977,0,2.891,13.1278,-1.1833,0.5025
14-Apr-1977,0,2.934,13.8333,-3.5722,0.5482
15-Apr-1977,0,2.977,16.5722,-3.3611,0.5535
16-Apr-1977,0,3.019,17.9333,-0.8722,0.6637
17-Apr-1977,0,3.062,15.2667,-1.0611,0.7927
18-Apr-1977,0,3.104,11.5167,-4.2833,0.6933
19-Apr-1977,0,3.147,12.1944,-5.3389,0.5455
20-Apr-1977,0,3.189,15.6444,-4,0.489
21-Apr-1977,0,3.232,17.0556,-0.7444,0.5052
22-Apr-1977,0,3.274,18.4056,0.4889,0.524
23-Apr-1977,0,3.316,19.9944,-0.2,0.5697
24-Apr-1977,0,3.358,19.8611,1,0.6261
25-Apr-1977,0,3.4,16.55,2.4333,0.6261
26-Apr-1977,0,3.442,15.1556,-0.7111,0.6261
27-Apr-1977,0,3.483,16.0889,-0.0222,0.6073
28-Apr-1977,0,3.525,16.6167,0.1889,0.6261
29-Apr-1977,0.09,3.566,15.7444,0.5278,0.6288
30-Apr-1977,1.93,3.607,12.7056,2.6111,0.5804
01-May-1977,6.89,3.648,7.7778,-1.0278,0.4998
02-May-1977,0.22,3.689,9.3389,-2.0056,0.4595
03-May-1977,0,3.729,9,-1.5,0.4165
04-May-1977,0.31,3.769,10.4556,-4.9056,0.3842
05-May-1977,2.37,3.809,7.3667,-2.0167,0.3762
06-May-1977,1.26,3.848,2.7944,-8.9056,0.3628
07-May-1977,7.71,3.888,2.5444,-8.6611,0.3466
08-May-1977,20.82,3.927,3.25,-3.7389,0.3896
09-May-1977,7.42,3.965,2.6167,-2.4222,0.4353
10-May-1977,2.23,4.004,3.3278,-1.6667,0.395
11-May-1977,11.8,4.042,3.1667,-1.9667,0.3654
12-May-1977,8.51,4.08,4.3611,-1.7278,0.3762
13-May-1977,1.72,4.117,8.55,-1.1556,0.4057
14-May-1977,0.66,4.154,11.2222,-0.1444,0.4353
15-May-1977,4.58,4.191,9.25,-3.0667,0.5589
16-May-1977,8.22,4.227,3.45,-4.7222,0.5804
17-May-1977,3.1,4.263,4.05,-6.7611,0.5374
18-May-1977,5.16,4.298,6.9778,-6.35,0.5025
19-May-1977,3.24,4.333,10.65,-2.8833,0.4944
20-May-1977,0,4.368,15.3111,-1.1722,0.5911
21-May-1977,0.9,4.402,16.3778,0.2611,0.7658
22-May-1977,3.18,4.436,13.0667,2.5,0.8921
23-May-1977,2.9,4.469,8.5167,-0.7889,0.876
24-May-1977,0.9,4.502,8.35,-1.3944,0.7792
25-May-1977,0.34,4.535,9.2,-2.1833,0.6986
26-May-1977,1.39,4.566,9.0111,-0.5278,0.6422
27-May-1977,0,4.598,12.1611,-2.1333,0.6315
28-May-1977,0.02,4.629,14.4944,-2.9556,0.6261
29-May-1977,0,4.659,17.3278,-1.0667,0.6422
30-May-1977,0,4.689,21.6556,0.7944,0.7121
31-May-1977,0,4.718,24.8611,3.6889,0.8787
01-Jun-1977,0,4.747,22.6778,7.3167,1.0936
02-Jun-1977,0,4.775,21.35,4.7778,1.185
03-Jun-1977,0,4.803,22.4556,4.3944,1.056
04-Jun-1977,0.03,4.83,24.8278,5.7611,1.0479
05-Jun-1977,0,4.857,26.2944,7.6278,1.1501
06-Jun-1977,2.06,4.883,24.2667,8.9333,1.1205
07-Jun-1977,0.1,4.908,23.4611,8.4833,0.9888
08-Jun-1977,3.43,4.933,19.7056,6.2944,0.9996
09-Jun-1977,16.78,4.957,13.5611,5.8333,1.1904
10-Jun-1977,5.01,4.981,13.4667,3.1889,1.3193
11-Jun-1977,0.09,5.004,16.9833,1.0389,0.8975
12-Jun-1977,0,5.026,18.3556,2.5167,0.7685
13-Jun-1977,0,5.048,18.7111,4.7667,0.7067
14-Jun-1977,0,5.069,19.0778,3.8333,0.618
15-Jun-1977,0.07,5.089,20.8056,4.6167,0.5697
16-Jun-1977,0.14,5.109,22.1278,5.3111,0.5293
17-Jun-1977,0.4,5.128,20.4556,7.2944,0.4971
18-Jun-1977,5.13,5.147,19.3056,2.8889,0.4595
19-Jun-1977,6.81,5.165,17.9278,4.55,0.5293
20-Jun-1977,0,5.182,18.8444,4.8056,0.4837
21-Jun-1977,0,5.198,21.5444,7.0722,0.4353
22-Jun-1977,0,5.214,24.9667,7.0889,0.3869
23-Jun-1977,0.25,5.229,26.6889,7.75,0.3439
24-Jun-1977,0.21,5.244,27.4056,9.7111,0.3171
25-Jun-1977,5.68,5.258,27.4889,9.8889,0.3386
26-Jun-1977,12.83,5.271,26.8167,9.6278,0.3601
27-Jun-1977,0.37,5.283,26.8611,9.2222,0.4917
28-Jun-1977,0.31,5.295,26.2167,10.1056,0.3789
29-Jun-1977,0.24,5.306,26.3556,9.0389,0.3305
30-Jun-1977,0.94,5.316,25.7722,11.2556,0.309
01-Jul-1977,0.47,5.325,24.0278,10.2556,0.2768
02-Jul-1977,3.48,5.334,20.6833,9.5111,0.2499
03-Jul-1977,0,5.342,19.3389,8.45,0.2472
04-Jul-1977,0,5.35,18.2389,8.3833,0.223
05-Jul-1977,0,5.356,20.0722,2.0111,0.2042
06-Jul-1977,0,5.362,22.4556,1.8611,0.1935
07-Jul-1977,0,5.367,24.2222,4.5111,0.18
08-Jul-1977,0,5.372,23.8111,5.2,0.1612
09-Jul-1977,0,5.376,22.8944,5.7889,0.1478
10-Jul-1977,0,5.379,24,4.2278,0.1397
11-Jul-1977,0,5.381,26.2,6.7833,0.1344
12-Jul-1977,0,5.382,25.6611,7.7222,0.1236
13-Jul-1977,0,5.383,25.2167,6.3722,0.1182
14-Jul-1977,0,5.383,26.1722,6.1833,0.1209
15-Jul-1977,0,5.383,27.4167,7.9667,0.1263
16-Jul-1977,0,5.381,28.2556,8.7778,0.1505
17-Jul-1977,0.05,5.379,27.0944,11.1,0.1639
18-Jul-1977,0,5.376,25.6167,11.9889,0.1612
19-Jul-1977,0.07,5.373,24.8056,8.9,0.1693
20-Jul-1977,0.01,5.368,24.8889,6.4667,0.1747
21-Jul-1977,0.25,5.363,25.0444,9.2278,0.1747
22-Jul-1977,0,5.358,25.3222,8.9,0.172
23-Jul-1977,0,5.351,25.8444,6.7833,0.1585
24-Jul-1977,0,5.344,25.0833,6.6056,0.137
25-Jul-1977,0,5.336,24.2333,5.2722,0.129
26-Jul-1977,0,5.327,25.0611,3.4222,0.1263
27-Jul-1977,0,5.318,26.4056,4.9,0.1558
28-Jul-1977,0,5.308,27.1667,5.4556,0.1854
29-Jul-1977,0,5.297,27.8222,5.3667,0.1854
30-Jul-1977,0,5.286,28.1944,6.6778,0.1827
31-Jul-1977,0,5.273,29.2778,8.1056,0.1693
01-Aug-1977,0.1,5.26,29.4,9.6889,0.1585
02-Aug-1977,0,5.247,29.0722,12.1944,0.1585
03-Aug-1977,0,5.232,27.3667,10.6667,0.1532
04-Aug-1977,0.15,5.217,25.9889,10.2056,0.1451
05-Aug-1977,0,5.202,24.7,7.4389,0.1397
06-Aug-1977,0,5.185,24.5333,8.3556,0.137
07-Aug-1977,0,5.168,23.95,8.5944,0.129
08-Aug-1977,0,5.151,24.3,4.1222,0.1263
09-Aug-1977,0,5.132,25.6056,4.9556,0.1155
10-Aug-1977,0,5.113,26.8833,7.2,0.1102
11-Aug-1977,0,5.094,27.6667,7.9944,0.094
12-Aug-1977,0.69,5.073,27.8056,9.1889,0.0752
13-Aug-1977,0.05,5.052,27.3167,8.9222,0.0726
14-Aug-1977,0,5.031,26.7389,7.8333,0.0672
15-Aug-1977,0,5.009,27.2,7.1333,0.0484
16-Aug-1977,0,4.986,27.3278,6.7444,0.0376
17-Aug-1977,0.06,4.962,24.2611,11.0333,0.0484
18-Aug-1977,0.06,4.938,23.6389,9.2611,0.0672
19-Aug-1977,0.02,4.913,25.5889,8.8889,0.0564
20-Aug-1977,0.4,4.888,26.2944,9.0167,0.0457
21-Aug-1977,0,4.862,27.3222,9.3444,0.0457
22-Aug-1977,0,4.836,26.9389,9.4167,0.0376
23-Aug-1977,0,4.809,25.9056,8.0167,0.0403
24-Aug-1977,0,4.781,22.3667,9.0111,0.0403
25-Aug-1977,0.2,4.753,18.6667,9.5778,0.0403
26-Aug-1977,0.01,4.724,18.3111,6.7278,0.0537
27-Aug-1977,0,4.695,20.5389,3.0778,0.0537
28-Aug-1977,0,4.665,23.9667,4.4,0.0403
29-Aug-1977,0,4.635,25.9167,5.9333,0.0403
30-Aug-1977,0,4.604,24.7611,4.8222,0.0403
31-Aug-1977,0,4.573,23.7778,4.4278,0.0376
01-Sep-1977,0,4.541,25.0444,5.0611,0.0349
02-Sep-1977,0,4.509,25.5611,5.45,0.0349
03-Sep-1977,0,4.476,25.5222,5.4222,0.0349
04-Sep-1977,0,4.443,27.0111,5.5611,0.0296
05-Sep-1977,0,4.409,27.8778,6.7278,0.0296
06-Sep-1977,0,4.375,27.8833,7.2278,0.0296
07-Sep-1977,0,4.341,27.3,7.55,0.0296
08-Sep-1977,0,4.306,26.4833,6.7278,0.0322
09-Sep-1977,0,4.27,25.7833,6.0944,0.0349
10-Sep-1977,0.01,4.235,26.1444,6.2833,0.0376
11-Sep-1977,0.02,4.198,25.3611,6.7167,0.0349
12-Sep-1977,0.09,4.162,23.9333,4.7056,0.0349
13-Sep-1977,0,4.125,23.2167,5.6944,0.0376
14-Sep-1977,0,4.088,20.6889,7.5556,0.043
15-Sep-1977,0,4.05,17.2778,1.9667,0.043
16-Sep-1977,1.71,4.012,13.0444,2.7611,0.0484
17-Sep-1977,0.11,3.974,13.45,0.0722,0.0564
18-Sep-1977,0,3.935,16.6778,-0.4222,0.0672
19-Sep-1977,4.95,3.896,13.8,2.75,0.0672
20-Sep-1977,0.91,3.857,13.8778,1.5556,0.0726
21-Sep-1977,0,3.817,16.6611,-1.45,0.0806
22-Sep-1977,0,3.777,16.0944,-0.6611,0.0779
23-Sep-1977,0.01,3.737,18,-1.7056,0.0726
24-Sep-1977,0,3.697,19.0778,3.4778,0.0699
25-Sep-1977,0,3.656,20.2611,2.0056,0.0699
26-Sep-1977,0,3.616,18.6556,3.1,0.0726
27-Sep-1977,0,3.575,17.6833,2.7556,0.0699
28-Sep-1977,0.1,3.534,15.9333,5.5222,0.0672
29-Sep-1977,0.2,3.492,14.2667,6.4,0.0726
30-Sep-1977,0,3.451,14.6722,-0.75,0.0752
01-Oct-1977,0,3.409,14.9722,-2.1333,0.0806
02-Oct-1977,0,3.367,18.4,-1.0111,0.0833
03-Oct-1977,0,3.325,19.6278,-0.2722,0.0833
04-Oct-1977,0,3.283,19.25,-0.0389,0.0779
05-Oct-1977,0,3.241,18.2222,2.95,0.0779
06-Oct-1977,0.04,3.198,15.2444,5.0111,0.0752
07-Oct-1977,0.73,3.156,15.8611,-0.3222,0.0752
08-Oct-1977,0,3.113,17.0444,-0.8944,0.0806
09-Oct-1977,0,3.071,17.1889,-0.7222,0.0833
10-Oct-1977,0,3.028,17.4944,-0.1056,0.0833
11-Oct-1977,0,2.986,18.0389,0.0278,0.0833
12-Oct-1977,0,2.943,19.5778,0.9944,0.0833
13-Oct-1977,0,2.9,20.3444,0.65,0.086
14-Oct-1977,0,2.857,21.25,0.9778,0.086
15-Oct-1977,0,2.815,21.2944,3.9167,0.0833
16-Oct-1977,0,2.772,21.3833,4.0778,0.0833
17-Oct-1977,0,2.729,21.0056,2.1333,0.0833
18-Oct-1977,0,2.687,19.7778,2,0.0833
19-Oct-1977,0,2.644,18.2278,4.4278,0.086
20-Oct-1977,0,2.602,16.1833,1.5611,0.086
21-Oct-1977,0,2.56,14.4222,-0.5333,0.086
22-Oct-1977,0,2.517,16.4389,-1.6722,0.0887
23-Oct-1977,0,2.475,16.6333,1.9889,0.0887
24-Oct-1977,0,2.433,18.3722,3.9889,0.0887
25-Oct-1977,0,2.391,18.5056,1.4333,0.0887
26-Oct-1977,0,2.349,16.8,1.2667,0.0887
27-Oct-1977,5.45,2.308,11.6111,1.3833,0.0914
28-Oct-1977,0,2.266,8.2722,-1.4,0.0994
29-Oct-1977,0.07,2.225,8.4167,-0.3556,0.0994
30-Oct-1977,0.13,2.184,10.0944,-0.5,0.094
31-Oct-1977,0,2.143,11.1444,-0.9889,0.0967
01-Nov-1977,0,2.103,15.0111,-3.4722,0.0967
02-Nov-1977,0.07,2.062,15.9056,-1.7389,0.094
03-Nov-1977,0.21,2.022,15.0889,-0.9278,0.0967
04-Nov-1977,0.66,1.982,12.4722,1.9833,0.094
05-Nov-1977,14.45,1.943,6.5167,-2.3333,0.1075
06-Nov-1977,0.07,1.904,4.6667,-4.1778,0.1155
07-Nov-1977,0.01,1.865,8.7611,-6.4722,0.1075
08-Nov-1977,0,1.826,7.0889,-7.7444,0.0967
09-Nov-1977,0,1.787,10.9389,-8.3333,0.0994
10-Nov-1977,0,1.749,12.4333,-5.9,0.1021
11-Nov-1977,0,1.712,12.1611,-2.9667,0.1075
12-Nov-1977,0,1.674,13.1167,-3.1778,0.1075
13-Nov-1977,0,1.637,11.3833,-3.2111,0.0994
14-Nov-1977,0,1.601,11.0056,-5.9,0.0967
15-Nov-1977,0,1.564,14.85,-3.5611,0.0967
16-Nov-1977,0,1.528,13.9167,-3.9944,0.0994
17-Nov-1977,0,1.493,12.1944,-2.9333,0.0967
18-Nov-1977,0,1.458,6.9333,-2.7611,0.0967
19-Nov-1977,0.07,1.423,-0.2056,-10.8611,0.0833
20-Nov-1977,3.94,1.389,-0.8722,-14.6556,0.0833
21-Nov-1977,87.76,1.355,2.7167,-8.6056,0.1451
22-Nov-1977,9.03,1.322,4.9167,-1.3778,0.3278
23-Nov-1977,0.02,1.289,7.9,-4.15,0.1693
24-Nov-1977,0.01,1.257,11.4444,-1.1444,0.1317
25-Nov-1977,0,1.225,13.4611,-2.8833,0.1478
26-Nov-1977,0,1.193,12.6611,-0.3111,0.1424
27-Nov-1977,0,1.163,10.2833,-0.6167,0.1451
28-Nov-1977,0,1.132,10.9,-4.2389,0.1424
29-Nov-1977,0,1.102,11.4056,-3.4778,0.1317
30-Nov-1977,0,1.073,9.1778,-3.1778,0.129
01-Dec-1977,0,1.044,10.4722,-4.3556,0.1209
02-Dec-1977,0,1.016,14.25,-3.9111,0.1236
03-Dec-1977,0,0.988,14.5278,-2.3944,0.1209
04-Dec-1977,0,0.961,12.4,-2.2,0.1236
05-Dec-1977,0.04,0.935,12.8389,-2.9222,0.1263
06-Dec-1977,0,0.909,13.3,-3.6889,0.1182
07-Dec-1977,0,0.883,12.15,-0.7444,0.1209
08-Dec-1977,0,0.858,10.6778,-6.15,0.1155
09-Dec-1977,0,0.834,10.2389,-6.1833,0.1129
10-Dec-1977,0.48,0.811,10.7,-4.6222,0.1209
11-Dec-1977,10.3,0.788,9.6667,-2.6278,0.1209
12-Dec-1977,0.52,0.765,5.9556,-5.3722,0.129
13-Dec-1977,0.17,0.743,8.3,-3.7111,0.1209
14-Dec-1977,14.95,0.722,10.4167,1.7833,0.129
15-Dec-1977,21.36,0.702,5.5111,-0.9611,0.4434
16-Dec-1977,6.97,0.682,2.9278,-7.9,0.2687
17-Dec-1977,57.82,0.663,2.7722,-4.2444,0.4917
18-Dec-1977,3.69,0.644,-0.4778,-7.4333,0.4487
19-Dec-1977,1.01,0.627,-0.5556,-11.85,0.2553
20-Dec-1977,0,0.609,0.5111,-9.5167,0.1962
21-Dec-1977,9.62,0.593,3.5222,-5.3,0.2177
22-Dec-1977,17.7,0.577,4.4556,-3.8389,0.2391
23-Dec-1977,19.57,0.562,4.35,-1.9611,0.4326
24-Dec-1977,0.01,0.547,3.6778,-7.25,0.2848
25-Dec-1977,0.01,0.534,3.1333,-6.2556,0.2472
26-Dec-1977,15.51,0.521,2.5389,-5.5667,0.223
27-Dec-1977,4.95,0.508,3.3389,-2.3611,0.2983
28-Dec-1977,6.23,0.497,3.5611,-1.4111,0.3816
29-Dec-1977,4.58,0.486,4.0722,-1.0167,0.3332
30-Dec-1977,1.2,0.475,4.1278,-1.4889,0.3547
31-Dec-1977,0,0.466,2.2556,-7.9944,0.2795
01-Jan-1978,0.05,0.44,0.6944,-8.4111,0.2365
02-Jan-1978,1.95,0.442,3.6333,-4.1889,0.2795
03-Jan-1978,5.29,0.435,2.8833,-2.9556,0.2499
04-Jan-1978,8.58,0.429,1.9944,-4.0167,0.2391
05-Jan-1978,40.04,0.424,1.9944,-1.7333,0.2929
06-Jan-1978,2.85,0.419,4.2056,-3.2222,0.2553
07-Jan-1978,0.05,0.416,4.5056,-7.4389,0.2123
08-Jan-1978,0.62,0.413,5.9778,-5.0667,0.258
09-Jan-1978,22.11,0.41,2.7222,-1.5278,0.3466
10-Jan-1978,0.53,0.409,3.7722,-5.5778,0.3654
11-Jan-1978,0.59,0.408,4.4167,-4.7,0.3063
12-Jan-1978,0.53,0.408,4.0222,-5.7278,0.2741
13-Jan-1978,1.92,0.409,8.5056,-2.1167,0.2741
14-Jan-1978,31.3,0.41,4.6944,-0.7389,0.3198
15-Jan-1978,4.25,0.412,2.3778,-3.6556,0.5589
16-Jan-1978,44.81,0.415,3.6889,-1.3167,0.532
17-Jan-1978,4.28,0.419,3.4,-2.1278,0.6368
18-Jan-1978,2.57,0.423,3.3222,-5.5389,0.4487
19-Jan-1978,2.18,0.428,4.1056,-3.1278,0.4111
20-Jan-1978,0.29,0.434,5.1056,-4.6833,0.3816
21-Jan-1978,0,0.44,5.8056,-6.8111,0.3413
22-Jan-1978,0,0.447,3.9944,-5.4833,0.3466
23-Jan-1978,0.03,0.455,-0.3222,-10.2778,0.3063
24-Jan-1978,0,0.464,2.7889,-11.7611,0.2553
25-Jan-1978,0,0.473,5.1944,-9.8556,0.2929
26-Jan-1978,0,0.483,7.6389,-6.4556,0.3198
27-Jan-1978,0,0.494,5.8833,-7.0667,0.2929
28-Jan-1978,0,0.506,6.8333,-5.3667,0.2983
29-Jan-1978,0,0.518,8.7778,-6.3222,0.2795
30-Jan-1978,0,0.531,8.5944,-6.8611,0.2795
31-Jan-1978,0.24,0.545,7.8056,-6.1444,0.2821
01-Feb-1978,0.38,0.559,6.0444,-8.3222,0.2633
02-Feb-1978,0.19,0.574,6.0278,-6.1056,0.2902
03-Feb-1978,0,0.589,9.5167,-4.4167,0.2848
04-Feb-1978,0,0.606,8.8111,-3.2611,0.2848
05-Feb-1978,18.11,0.623,5.5278,-2.3833,0.3117
06-Feb-1978,12.57,0.641,0.8556,-2.5611,0.3869
07-Feb-1978,46.79,0.659,1.0556,-2.5611,0.4004
08-Feb-1978,5.8,0.678,2.5889,-7.5278,0.352
09-Feb-1978,26.1,0.698,-0.0889,-4.1,0.5885
10-Feb-1978,32.37,0.718,-1.6722,-5.0389,0.4514
11-Feb-1978,2.11,0.739,-1.8944,-9.3889,0.3816
12-Feb-1978,6.38,0.761,-1.4444,-12.1056,0.352
13-Feb-1978,3.81,0.783,0.4,-8.7278,0.3735
14-Feb-1978,0.8,0.806,1.3556,-10.6056,0.3466
15-Feb-1978,1.34,0.829,1.3389,-9.7444,0.3654
16-Feb-1978,0.1,0.853,-0.0167,-11.4778,0.3332
17-Feb-1978,0.07,0.878,2,-10.3111,0.3359
18-Feb-1978,0,0.903,5.2389,-8.3278,0.3493
19-Feb-1978,0,0.929,6.4944,-6.7167,0.3386
20-Feb-1978,0.05,0.955,8.2667,-6.5833,0.3789
21-Feb-1978,0,0.982,8.8722,-6.4389,0.4246
22-Feb-1978,0,1.01,9.4556,-5.4667,0.4783
23-Feb-1978,0,1.038,10.4444,-5.8278,0.5105
24-Feb-1978,0,1.067,9.3389,-4.3833,0.5267
25-Feb-1978,0,1.096,8.5333,-3.2333,0.4971
26-Feb-1978,0,1.126,7.2722,-3.4278,0.481
27-Feb-1978,0.29,1.156,5.6611,-5.1389,0.4649
28-Feb-1978,0.34,1.187,4.9,-5.8333,0.446
01-Mar-1978,11.19,1.218,6.2,-1.9611,0.4595
02-Mar-1978,17.23,1.25,4.5333,-0.9833,0.5293
03-Mar-1978,2.73,1.282,5.9722,-2.1611,0.5267
04-Mar-1978,53.8,1.315,4.4556,-0.8111,0.8599
05-Mar-1978,13.69,1.348,3.35,-1.7,1.0802
06-Mar-1978,0.62,1.382,7.8833,-5.1611,0.7981
07-Mar-1978,0.83,1.416,10.5333,-4.1222,0.7094
08-Mar-1978,0.43,1.451,8.5667,-0.0167,0.8222
09-Mar-1978,8.16,1.486,4.2833,-0.8944,0.8679
10-Mar-1978,4.18,1.521,6.0333,-1.1944,0.8195
11-Mar-1978,10.59,1.557,3.6389,-2.4,0.7873
12-Mar-1978,9.02,1.593,1.7167,-4.7333,0.6959
13-Mar-1978,0.8,1.629,6.0889,-8.4,0.6019
14-Mar-1978,0,1.666,8.6833,-7.6833,0.5777
15-Mar-1978,0,1.704,10.9611,-7.35,0.5697
16-Mar-1978,0,1.741,13.1833,-4.9333,0.6261
17-Mar-1978,0,1.779,14.4556,-3.3167,0.7739
18-Mar-1978,0,1.818,12.4,-1.1667,0.8384
19-Mar-1978,0,1.856,12.7333,-0.4833,0.8169
20-Mar-1978,0.03,1.895,12.5667,-1.6944,0.9405
21-Mar-1978,15.2,1.935,8.5333,0.9722,1.0829
22-Mar-1978,1.05,1.974,7.7667,-0.3389,1.1339
23-Mar-1978,2.18,2.014,6.2056,-1.5556,1.1339
24-Mar-1978,0.01,2.054,10.5111,-5.75,1.0345
25-Mar-1978,0,2.094,14.2611,-5.15,1.0479
26-Mar-1978,0,2.135,14.4111,-2.05,1.2092
27-Mar-1978,0,2.176,14.5222,-0.8111,1.357
28-Mar-1978,0,2.217,16.0111,-1.6444,1.5343
29-Mar-1978,0.83,2.258,14.8222,0.85,1.7278
30-Mar-1978,2.34,2.299,11.2,3.5722,1.8756
31-Mar-1978,21.33,2.341,6.8722,1.5667,2.0986
01-Apr-1978,2.06,2.382,5.6056,-0.3444,1.6767
02-Apr-1978,0.46,2.424,5.3944,-2.4667,1.3704
03-Apr-1978,0.74,2.466,6.6778,-3.2611,1.2065
04-Apr-1978,3.04,2.508,3.9944,-2.7222,1.1286
05-Apr-1978,0.29,2.551,6.5722,-7.5556,1.005
06-Apr-1978,13,2.593,3.0611,-2.8222,0.9969
07-Apr-1978,2.22,2.635,1.9,-6.3444,0.919
08-Apr-1978,2.51,2.678,6.6722,-4.4611,0.8625
09-Apr-1978,0.6,2.72,12.9722,-4.0444,0.8222
10-Apr-1978,0.09,2.763,17.5722,-1.85,0.8921
11-Apr-1978,0,2.806,16.4611,-0.4222,1.1904
12-Apr-1978,0.03,2.848,14.9333,-1.3111,1.4779
13-Apr-1978,0.27,2.891,10.8833,1.8167,1.58
14-Apr-1978,1.13,2.934,7.8556,-0.4056,1.4779
15-Apr-1978,16.05,2.977,4.6389,-1.75,1.3973
16-Apr-1978,3.47,3.019,1.6111,-6.2056,1.2629
17-Apr-1978,0.19,3.062,8.1889,-8.6778,1.1178
18-Apr-1978,0.05,3.104,11.2833,-6.0444,1.0721
19-Apr-1978,0.21,3.147,9.7611,-2.2778,1.0963
20-Apr-1978,10.38,3.189,5.65,-1.5222,1.1581
21-Apr-1978,0.09,3.232,5.8611,-8.5722,1.0641
22-Apr-1978,0.02,3.274,9.7611,-7.4667,0.9861
23-Apr-1978,0,3.316,13.1111,-3.0556,0.9888
24-Apr-1978,6.66,3.358,10.8722,1.4,1.1259
25-Apr-1978,8.08,3.4,7.3778,1.7889,1.6794
26-Apr-1978,2.86,3.442,8.4944,-1.9556,1.5182
27-Apr-1978,0.19,3.483,12.0667,-0.2278,1.5692
28-Apr-1978,0.52,3.525,11.2389,-2.2278,1.9159
29-Apr-1978,0.28,3.566,11.35,-1.6889,1.58
30-Apr-1978,1.21,3.607,7.7778,-0.6333,1.8299
01-May-1978,4,3.648,9.9889,-0.7111,1.6418
02-May-1978,0.05,3.689,14.1889,-1.8667,1.5101
03-May-1978,0,3.729,16.0944,-0.2111,2.0798
04-May-1978,0,3.769,13.7278,-0.65,2.593
05-May-1978,0,3.809,8.6278,-3.6111,2.7139
06-May-1978,0,3.848,9.65,-4.0611,2.0932
07-May-1978,0,3.888,12.7889,-3.4611,2.0475
08-May-1978,0,3.927,16.1111,-1.9389,2.3888
09-May-1978,0,3.965,15.7556,0.25,3.0095
10-May-1978,0,4.004,13.8056,1.5278,3.52
11-May-1978,0,4.042,13.75,2.35,3.5738
12-May-1978,0,4.08,18.2722,-1.1389,3.5469
13-May-1978,0,4.117,19.6167,0.8056,4.2187
14-May-1978,0.08,4.154,16.4389,3.8111,4.9442
15-May-1978,5.75,4.191,11.2,1.65,5.2129
16-May-1978,0.29,4.227,8.7833,-3.35,3.4125
17-May-1978,0,4.263,13.4111,-3.6111,2.9289
18-May-1978,0,4.298,15.4,-1.7167,3.0901
19-May-1978,0,4.333,16.9611,0.5,3.4394
20-May-1978,0.05,4.368,18.6389,1.3889,3.7619
21-May-1978,0,4.402,17.9778,1.9833,4.1649
22-May-1978,0,4.436,15.5056,2.7611,4.5411
23-May-1978,0.98,4.469,9.5167,-0.1722,4.1918
24-May-1978,0.53,4.502,5.8444,-4.0389,3.0364
25-May-1978,0.2,4.535,9.7,-5.7778,2.5285
26-May-1978,0.04,4.566,13.5056,-2.7222,2.5124
27-May-1978,0,4.598,17.4056,-0.9667,2.902
28-May-1978,0,4.629,20.9278,1.4722,3.4394
29-May-1978,0,4.659,21.1556,3.5333,4.0574
30-May-1978,0,4.689,19.1778,1.6333,4.5411
31-May-1978,0,4.718,16.9278,-0.7778,4.2993
01-Jun-1978,0,4.747,17.2333,0.5833,4.1112
02-Jun-1978,0,4.775,17.65,0.6,4.2187
03-Jun-1978,0,4.803,18.5778,1.1111,4.2187
04-Jun-1978,0,4.83,20.0111,2.4222,4.2455
05-Jun-1978,0.07,4.857,21.3611,3.1944,4.7023
06-Jun-1978,0,4.883,23.75,4.0111,4.9442
07-Jun-1978,0,4.908,23.65,5.0667,5.1322
08-Jun-1978,0,4.933,25.0111,2.9944,5.1322
09-Jun-1978,0,4.957,23,6.9722,5.2129
10-Jun-1978,0,4.981,18.2444,5.2667,4.7023
11-Jun-1978,0,5.004,20.0278,0.5556,4.0306
12-Jun-1978,0,5.026,19.1389,4.3667,4.3261
13-Jun-1978,0,5.048,18.0278,5.4889,4.8904
14-Jun-1978,0,5.069,16.7389,4.1444,4.971
15-Jun-1978,0,5.089,15.6111,0.0944,4.3799
16-Jun-1978,0,5.109,17.5944,-0.5,3.6006
17-Jun-1978,0.15,5.128,20.4889,-0.3056,3.2513
18-Jun-1978,0.29,5.147,19.3778,3.4278,3.3319
19-Jun-1978,0,5.165,20.3944,0.1111,3.2244
20-Jun-1978,0,5.182,21.25,2.5833,3.1438
21-Jun-1978,0,5.198,20.95,2.9833,3.117
22-Jun-1978,0,5.214,20.4444,2.0778,3.0632
23-Jun-1978,0,5.229,19.1111,4.0833,2.9557
24-Jun-1978,0,5.244,17.2722,5.1111,2.9557
25-Jun-1978,0,5.258,17.9222,-0.3667,2.7677
26-Jun-1978,0.67,5.271,16.4111,2.8111,2.5124
27-Jun-1978,8.56,5.283,14.9556,4.1944,2.4103
28-Jun-1978,0.88,5.295,14.8111,2.8167,2.3189
29-Jun-1978,0,5.306,18.2722,2.1111,2.1093
30-Jun-1978,0,5.316,19.0944,3.0333,2.2195
01-Jul-1978,0,5.325,18.3889,4.4944,2.3028
02-Jul-1978,0,5.334,16.0833,2,2.2813
03-Jul-1978,0,5.342,15.8167,0.0111,2.0636
04-Jul-1978,0,5.35,19.0722,1.5444,1.8782
05-Jul-1978,0,5.356,21.0333,4.7278,1.8352
06-Jul-1978,1.58,5.362,23,5.4722,1.9212
07-Jul-1978,0.88,5.367,21.4389,6.7611,2.0502
08-Jul-1978,0,5.372,22.8611,5.4389,2.0018
09-Jul-1978,0,5.376,24.1333,7.0167,1.9266
10-Jul-1978,0,5.379,22.2944,7.55,1.9911
11-Jul-1978,0,5.381,21.0556,6.5278,1.8997
12-Jul-1978,0,5.382,22.8222,3.7444,1.709
13-Jul-1978,0,5.383,25.9056,6.7389,1.5021
14-Jul-1978,0,5.383,26.0611,8.1778,1.5262
15-Jul-1978,0,5.383,24.4111,8.3333,1.6095
16-Jul-1978,0,5.381,23.4833,4.2889,1.5531
17-Jul-1978,0,5.379,24.9056,5.4556,1.3543
18-Jul-1978,0,5.376,25.6056,6.35,1.2602
19-Jul-1978,0,5.373,25.5667,5.25,1.1742
20-Jul-1978,0,5.368,25.3611,5.0389,1.0694
21-Jul-1978,0,5.363,26.3056,6.9111,1.013
22-Jul-1978,0,5.358,28.1889,7.4778,0.9727
23-Jul-1978,0,5.351,28.2778,8.1667,0.9539
24-Jul-1978,0.35,5.344,28.3667,8.6833,0.9109
25-Jul-1978,0.34,5.336,27.7833,10.4167,0.8733
26-Jul-1978,0.03,5.327,25.0833,13.8889,0.9163
27-Jul-1978,0,5.318,25.5722,10.0278,0.8625
28-Jul-1978,0.01,5.308,25.6222,8.9056,0.8195
29-Jul-1978,0,5.297,26.8722,7,0.7658
30-Jul-1978,0,5.286,28.3444,8.3778,0.7148
31-Jul-1978,0,5.273,28.9,9.2167,0.6933
01-Aug-1978,0.07,5.26,28.8333,8.3111,0.6556
02-Aug-1978,0.01,5.247,29.0611,8.5389,0.5777
03-Aug-1978,0.15,5.232,29.0667,9.6556,0.5697
04-Aug-1978,0.64,5.217,28.6722,12.0056,0.6207
05-Aug-1978,1.46,5.202,28.7056,9.8611,0.7282
06-Aug-1978,0.2,5.185,28.5667,10.5889,0.5777
07-Aug-1978,1.76,5.168,29.5278,11.4111,0.5885
08-Aug-1978,0.35,5.151,29.8222,11.0389,0.5428
09-Aug-1978,3.5,5.132,28.2611,11.4444,0.5132
10-Aug-1978,0.28,5.113,27.3167,10.1667,0.5267
11-Aug-1978,0.08,5.094,24.8611,9.4611,0.4729
12-Aug-1978,0,5.073,22.4,10.5333,0.4272
13-Aug-1978,0,5.052,19.3222,8.5389,0.4138
14-Aug-1978,0,5.031,20.5556,2.6278,0.4219
15-Aug-1978,0,5.009,21.6278,4.0667,0.4487
16-Aug-1978,0,4.986,19.6944,8.6056,0.4299
17-Aug-1978,0.01,4.962,17.4222,4.35,0.4246
18-Aug-1978,0,4.938,20.4111,1.2,0.4138
19-Aug-1978,0,4.913,21.9,2.8,0.3842
20-Aug-1978,0,4.888,21.2833,5.0889,0.3654
21-Aug-1978,0,4.862,18.9,5.6556,0.3547
22-Aug-1978,0,4.836,18.3778,5.1111,0.3439
23-Aug-1978,0,4.809,18.7667,1.3556,0.3493
24-Aug-1978,0,4.781,18.7833,1.5778,0.3493
25-Aug-1978,0,4.753,19.5333,1.7444,0.3493
26-Aug-1978,0,4.724,20.0889,1.5444,0.4057
27-Aug-1978,0,4.695,21.8778,2.65,0.4004
28-Aug-1978,0,4.665,24.3889,4.4833,0.3923
29-Aug-1978,0,4.635,25.2944,5.95,0.3601
30-Aug-1978,0,4.604,22.8889,6.3611,0.3493
31-Aug-1978,0,4.573,22.7778,3.6111,0.3574
01-Sep-1978,0,4.541,24.6167,4.8833,0.3574
02-Sep-1978,0,4.509,23.8889,7.3889,0.3601
03-Sep-1978,0,4.476,23.4833,8.5722,0.352
04-Sep-1978,1.32,4.443,20.1444,9.7333,0.3654
05-Sep-1978,21.33,4.409,15.6444,8.8167,0.4219
06-Sep-1978,5.97,4.375,12.5778,6.9667,0.6046
07-Sep-1978,8.07,4.341,11.6778,1.7667,0.5831
08-Sep-1978,0.03,4.306,15.5833,-1.8222,0.4622
09-Sep-1978,7.15,4.27,15.0111,1.9056,0.4138
10-Sep-1978,3.78,4.235,11.8222,4.75,0.6503
11-Sep-1978,0,4.198,14.2111,-1.0722,0.5589
12-Sep-1978,0.36,4.162,14.7278,-0.4667,0.3789
13-Sep-1978,2.27,4.125,15.5722,-1.0222,0.3547
14-Sep-1978,4.95,4.088,13.6222,1.7,0.3708
15-Sep-1978,0.02,4.05,17.0111,1.6778,0.438
16-Sep-1978,0.01,4.012,19.0778,2.3944,0.3681
17-Sep-1978,0.08,3.974,14.9056,3.1222,0.3305
18-Sep-1978,0.02,3.935,8.6833,-5.1,0.3171
19-Sep-1978,0,3.896,9.25,-5.6444,0.3144
20-Sep-1978,0,3.857,14.0111,-4.2833,0.3117
21-Sep-1978,0.01,3.817,17.9889,-2.3222,0.309
22-Sep-1978,0,3.777,22.2056,0.25,0.2983
23-Sep-1978,0,3.737,23.4278,2.5833,0.2821
24-Sep-1978,0,3.697,24.0056,2.8111,0.2741
25-Sep-1978,0,3.656,24.65,3.7,0.266
26-Sep-1978,0,3.616,24.15,6.0222,0.2472
27-Sep-1978,0,3.575,23.3278,5.6556,0.2445
28-Sep-1978,0,3.534,23.2889,3.2056,0.2338
29-Sep-1978,0,3.492,23.5222,3.9222,0.2365
30-Sep-1978,0,3.451,23.4444,4.6278,0.2365
01-Oct-1978,0,3.409,22.9889,4.6556,0.2311
02-Oct-1978,0,3.367,21.2278,3.7889,0.2257
03-Oct-1978,0,3.325,21.35,2.9389,0.2203
04-Oct-1978,0,3.283,21.9722,3.1833,0.2203
05-Oct-1978,0,3.241,21.8333,3.0333,0.2177
06-Oct-1978,0.89,3.198,21.4167,3.0056,0.2123
07-Oct-1978,0,3.156,21.2556,1.8389,0.2096
08-Oct-1978,0.01,3.113,20.7778,1.5167,0.2069
09-Oct-1978,0.01,3.071,19.4056,2.3778,0.2069
10-Oct-1978,0,3.028,19.4389,2.4111,0.2123
11-Oct-1978,0,2.986,20.1889,2.4611,0.215
12-Oct-1978,0,2.943,20.5056,2.8278,0.2069
13-Oct-1978,0,2.9,20.5389,2.1389,0.2042
14-Oct-1978,0,2.857,21.3222,2.15,0.1962
15-Oct-1978,0,2.815,20.3222,4.1167,0.1962
16-Oct-1978,0.03,2.772,18.7389,1.7167,0.1962
17-Oct-1978,0,2.729,17.1,1.35,0.1908
18-Oct-1978,0,2.687,17.2333,0.9111,0.1962
19-Oct-1978,0,2.644,17.0167,0.5667,0.2015
20-Oct-1978,0.01,2.602,15.7111,-0.1889,0.2015
21-Oct-1978,0,2.56,14.65,-0.2833,0.1962
22-Oct-1978,0.27,2.517,14.2889,-0.6889,0.1962
23-Oct-1978,0,2.475,15.4944,-3.5222,0.1962
24-Oct-1978,0,2.433,17.1389,-1.9944,0.1962
25-Oct-1978,0.01,2.391,16.7556,-1.4167,0.1962
26-Oct-1978,0,2.349,17.5389,-2.3889,0.1908
27-Oct-1978,0,2.308,18.7222,-1.4389,0.2015
28-Oct-1978,0.01,2.266,17.8444,-0.15,0.1962
29-Oct-1978,0.18,2.225,12.7444,0.65,0.1908
30-Oct-1978,8.35,2.184,4.9444,-3.1778,0.2015
31-Oct-1978,4.32,2.143,-0.1611,-3.7889,0.2284
01-Nov-1978,14.92,2.103,0.7278,-4.55,0.223
02-Nov-1978,2.56,2.062,5.7611,-3.3556,0.2499
03-Nov-1978,0.01,2.022,11.8389,-4.9333,0.2284
04-Nov-1978,0,1.982,14.6722,-4.0444,0.2365
05-Nov-1978,0.08,1.943,12.85,-3.6111,0.2284
06-Nov-1978,0,1.904,13.7778,-3.5889,0.2284
07-Nov-1978,0.07,1.865,14.9778,-3.3389,0.2177
08-Nov-1978,0.41,1.826,15.6611,-3.6833,0.223
09-Nov-1978,1.21,1.787,12.8111,-2.4944,0.223
10-Nov-1978,3.12,1.749,1.2833,-8.0167,0.2123
11-Nov-1978,4.04,1.712,-4.6167,-10.6778,0.1585
12-Nov-1978,3.19,1.674,-1.9167,-13.9444,0.1881
13-Nov-1978,2.34,1.637,-2.0278,-8.2778,0.2338
14-Nov-1978,0.23,1.601,-1.5778,-10.2833,0.2445
15-Nov-1978,0.2,1.564,2.4222,-13.8111,0.2042
16-Nov-1978,0,1.528,4.6667,-7.7722,0.2553
17-Nov-1978,0.77,1.493,7.45,-6.0444,0.258
18-Nov-1978,0.04,1.458,9.1944,-9.1444,0.223
19-Nov-1978,3.03,1.423,7.2056,-3.2889,0.2338
20-Nov-1978,5.32,1.389,3.9889,-2.4667,0.2311
21-Nov-1978,11.64,1.355,1.3556,-3.1167,0.258
22-Nov-1978,4.68,1.322,-0.5167,-8.0167,0.2391
23-Nov-1978,0.81,1.289,1.8722,-8.55,0.2391
24-Nov-1978,0.01,1.257,1.1778,-9.4833,0.2096
25-Nov-1978,0.01,1.225,1.7278,-12.5611,0.2311
26-Nov-1978,0.08,1.193,0.5611,-10.2444,0.2391
27-Nov-1978,0,1.163,2.2611,-12.35,0.1988
28-Nov-1978,0.04,1.132,7.7056,-9.4722,0.223
29-Nov-1978,0.29,1.102,9.8222,-2.2278,0.2768
30-Nov-1978,2.97,1.073,8.0889,-1.6778,0.2714
01-Dec-1978,7.21,1.044,4.5278,-3.2833,0.2848
02-Dec-1978,0.28,1.016,1.0444,-10.2556,0.2472
03-Dec-1978,0.16,0.988,4.3889,-11.9889,0.2123
04-Dec-1978,0.08,0.961,8.3556,-8.8778,0.2365
05-Dec-1978,1.56,0.935,2.8944,-9.8222,0.2848
06-Dec-1978,0.32,0.909,-6.4278,-13.9611,0.1962
07-Dec-1978,1.4,0.883,-7.6111,-15.7833,0.2177
08-Dec-1978,2.2,0.858,-2.9444,-16.6944,0.2606
09-Dec-1978,0.01,0.834,3.8778,-12.4833,0.3681
10-Dec-1978,0,0.811,6.0556,-6.6056,0.3896
11-Dec-1978,0,0.788,7.15,-7.3889,0.3547
12-Dec-1978,0.01,0.765,4.9778,-4.9556,0.2983
13-Dec-1978,0,0.743,5.1444,-7.8278,0.2472
14-Dec-1978,1.09,0.722,8.0778,-8.4722,0.2472
15-Dec-1978,0,0.702,5.5778,-9.4944,0.2311
16-Dec-1978,0.17,0.682,6.45,-11.4611,0.2123
17-Dec-1978,23.94,0.663,2.6611,-6.5556,0.223
18-Dec-1978,12.24,0.644,-2.1278,-6.3444,0.2311
19-Dec-1978,5.42,0.627,-2.1389,-10.2056,0.223
20-Dec-1978,1.49,0.609,-2.5889,-14.0389,0.1747
21-Dec-1978,0,0.593,0.2278,-13.6,0.1881
22-Dec-1978,0.02,0.577,-0.4167,-12.0611,0.2015
23-Dec-1978,0.22,0.562,0.9944,-11.8944,0.215
24-Dec-1978,0.01,0.547,3.7333,-11.55,0.215
25-Dec-1978,0.01,0.534,2.6667,-11.0722,0.2203
26-Dec-1978,0.05,0.521,2.6278,-11.2111,0.215
27-Dec-1978,0.59,0.508,3.2556,-9.3944,0.2418
28-Dec-1978,0.18,0.497,2.2333,-11.2722,0.2553
29-Dec-1978,0.21,0.486,1.1333,-13.1722,0.2499
30-Dec-1978,0,0.475,-1.8833,-14.3167,0.2284
31-Dec-1978,0.06,0.466,-2.0389,-14.9944,0.215
01-Jan-1979,0,0.44,-3.1056,-13.9667,0.2015
02-Jan-1979,0,0.442,-2.3667,-14.25,0.2284
03-Jan-1979,0.02,0.435,2,-8.8278,0.2956
04-Jan-1979,0.77,0.429,4.8722,-6.5167,0.309
05-Jan-1979,8.46,0.424,0.1222,-4.6056,0.2956
06-Jan-1979,0.01,0.419,1.8611,-7.2222,0.2821
07-Jan-1979,8.28,0.416,-0.2222,-7.2056,0.2821
08-Jan-1979,8.82,0.413,0.4111,-5.6556,0.2956
09-Jan-1979,1.81,0.41,2.0889,-8.1167,0.3224
10-Jan-1979,12.03,0.409,5.0556,-6.6944,0.3735
11-Jan-1979,93.33,0.408,5.7722,0.5278,3.9768
12-Jan-1979,3.99,0.408,3.1722,-2.5722,1.8245
13-Jan-1979,0.42,0.409,1.6167,-8.9611,0.8169
14-Jan-1979,13.7,0.41,1.1833,-4.8556,0.6771
15-Jan-1979,19.86,0.412,1.8222,-4.8556,0.5508
16-Jan-1979,0.06,0.415,1.1778,-10.2222,0.4568
17-Jan-1979,0.68,0.419,1.7167,-8.4722,0.4246
18-Jan-1979,2.87,0.423,1.1833,-8.8944,0.4326
19-Jan-1979,0,0.428,3.0833,-11.5333,0.395
20-Jan-1979,0,0.434,3.9444,-10.5833,0.3735
21-Jan-1979,0,0.44,3.2778,-7.0111,0.4031
22-Jan-1979,0,0.447,3.0667,-8.95,0.3735
23-Jan-1979,0.08,0.455,3.2611,-10.4556,0.3547
24-Jan-1979,4.34,0.464,1.5333,-6.9167,0.3735
25-Jan-1979,2.41,0.473,-1.0833,-10.1333,0.3681
26-Jan-1979,0.07,0.483,-1.0333,-13.4333,0.3332
27-Jan-1979,0.48,0.494,-2.8333,-14.0778,0.3198
28-Jan-1979,0.05,0.506,-5.4889,-14.5889,0.309
29-Jan-1979,1.1,0.518,-3.7722,-13.8722,0.2956
30-Jan-1979,14.6,0.531,-3.1611,-13.9,0.309
31-Jan-1979,2.76,0.545,-2.9444,-12.6889,0.3224
01-Feb-1979,6.24,0.559,-3.2889,-13.4167,0.3493
02-Feb-1979,1.29,0.574,-4.3556,-11.9333,0.3439
03-Feb-1979,0.01,0.589,-1.7556,-14.5667,0.3735
04-Feb-1979,0,0.606,1.7056,-13.1667,0.3278
05-Feb-1979,0,0.623,4.8167,-10.85,0.3493
06-Feb-1979,0,0.641,7.0389,-7.7556,0.3359
07-Feb-1979,0,0.659,8.7556,-7.0278,0.3224
08-Feb-1979,0,0.678,8.8778,-7.9611,0.3063
09-Feb-1979,0,0.698,8.9944,-6.1,0.3063
10-Feb-1979,0,0.718,9.7333,-7.2167,0.3117
11-Feb-1979,0,0.739,10.8722,-6.4389,0.3117
12-Feb-1979,0.02,0.761,10.5222,-2.4056,0.3251
13-Feb-1979,51.68,0.783,6.0333,-0.9889,0.5885
14-Feb-1979,16.74,0.806,1.0167,-4.3667,1.6928
15-Feb-1979,0.09,0.829,1.9167,-10.1056,0.7094
16-Feb-1979,3.59,0.853,1.8,-7.1667,0.5885
17-Feb-1979,0,0.878,4.6333,-9.7444,0.4729
18-Feb-1979,6.77,0.903,2,-5.6222,0.4487
19-Feb-1979,3.7,0.929,1.8389,-4.9222,0.4326
20-Feb-1979,15.78,0.955,2.4944,-7.5389,0.4111
21-Feb-1979,17.44,0.982,-0.9056,-5.5389,0.4165
22-Feb-1979,7.41,1.01,-1.7944,-7.3556,0.3816
23-Feb-1979,4.3,1.038,-0.2444,-6.75,0.3735
24-Feb-1979,0.04,1.067,5.1278,-9.2889,0.3735
25-Feb-1979,0.03,1.096,6.5222,-6.2944,0.4111
26-Feb-1979,2.39,1.126,3.2944,-4.0722,0.4246
27-Feb-1979,0.05,1.156,6.0278,-10.9333,0.3735
28-Feb-1979,7.16,1.187,3.6722,-6.95,0.4031
01-Mar-1979,4.72,1.218,0.75,-6.1222,0.4246
02-Mar-1979,0.03,1.25,2.7222,-11.4611,0.3601
03-Mar-1979,1.16,1.282,6.6833,-4.7611,0.4111
04-Mar-1979,0.05,1.315,9.0111,-6.0667,0.4487
05-Mar-1979,0,1.348,10.8444,-4.2722,0.4971
06-Mar-1979,0.05,1.382,13.1111,-2.7389,0.5885
07-Mar-1979,0.65,1.416,15.3667,-3.1778,0.7631
08-Mar-1979,0.08,1.451,13.4167,-2.8889,0.927
09-Mar-1979,0,1.486,12.5222,-4.3167,0.9861
10-Mar-1979,0,1.521,13.7944,-3.9278,0.9996
11-Mar-1979,0.21,1.557,12.7167,-3.2556,1.0479
12-Mar-1979,0,1.593,12.5222,-3.45,1.0345
13-Mar-1979,0.07,1.629,11.6278,-2.7778,1.0829
14-Mar-1979,0.18,1.666,10.3222,-3.6222,1.0829
15-Mar-1979,11.58,1.704,5.8444,-1.65,1.1447
16-Mar-1979,0.79,1.741,0.3667,-5.6444,0.962
17-Mar-1979,0.99,1.779,3.1333,-7.7556,0.8276
18-Mar-1979,8.2,1.818,2.7389,-6.4278,0.7739
19-Mar-1979,5.59,1.856,3.2278,-3.9778,0.7739
20-Mar-1979,5.32,1.895,4.2056,-4.8333,0.7201
21-Mar-1979,0.56,1.935,4.9056,-5.3833,0.7094
22-Mar-1979,0.38,1.974,5.5444,-5.7667,0.6664
23-Mar-1979,0.01,2.014,7.6389,-3.7222,0.6664
24-Mar-1979,0.03,2.054,10.7944,-5.1222,0.6879
25-Mar-1979,0.17,2.094,10.5056,-4.8722,0.7524
26-Mar-1979,4.55,2.135,6.9944,-3.0722,0.8061
27-Mar-1979,36.03,2.176,3.7111,-2.6833,0.8948
28-Mar-1979,12.25,2.217,1.6333,-3.3667,0.8276
29-Mar-1979,0.11,2.258,4.0611,-6.8111,0.7846
30-Mar-1979,0.03,2.299,4.7278,-4.7889,0.7846
31-Mar-1979,0.07,2.341,6.4611,-8.5556,0.7524
01-Apr-1979,0,2.382,5.4778,-6.5722,0.7524
02-Apr-1979,0,2.424,6.9722,-7.6278,0.7309
03-Apr-1979,0,2.466,10.7944,-6.3833,0.7309
04-Apr-1979,0,2.508,14.5,-3.9333,0.7954
05-Apr-1979,0,2.551,14.5111,-2.6111,0.9996
06-Apr-1979,3.51,2.593,10.0667,-1.9333,1.2226
07-Apr-1979,0.04,2.635,9.1444,-4.5556,1.0479
08-Apr-1979,0.02,2.678,12.1167,-4.1833,1.0829
09-Apr-1979,0.49,2.72,8.0278,-0.9444,1.2763
10-Apr-1979,3.93,2.763,5.6056,-6.7333,1.1581
11-Apr-1979,0.85,2.806,7.4,-1.8444,1.0963
12-Apr-1979,0.15,2.848,12.3389,-1.1667,1.1715
13-Apr-1979,0.04,2.891,14.0611,0.3611,1.4456
14-Apr-1979,0,2.934,14.9833,-2.0833,1.6767
15-Apr-1979,0,2.977,13.9556,-0.25,1.8433
16-Apr-1979,4.92,3.019,11.1444,-0.3667,1.983
17-Apr-1979,1.9,3.062,5.1333,-5.4111,1.7761
18-Apr-1979,0.28,3.104,4.1722,-6.5111,1.4591
19-Apr-1979,0.04,3.147,8.3833,-7.8389,1.2898
20-Apr-1979,0,3.189,11.5278,-6.3667,1.2495
21-Apr-1979,0,3.232,12.0611,-2.8056,1.2629
22-Apr-1979,3.37,3.274,10.0333,-0.2278,1.4295
23-Apr-1979,5.46,3.316,6.2333,-2.0722,1.3301
24-Apr-1979,1.07,3.358,8.1889,-3.2889,1.2495
25-Apr-1979,0.83,3.4,10.8222,-3.3278,1.1957
26-Apr-1979,7.72,3.442,11.8278,1.3667,1.3435
27-Apr-1979,2.24,3.483,12.6444,0.1111,2.0529
28-Apr-1979,0.03,3.525,14.5778,-2.8944,2.1819
29-Apr-1979,0.04,3.566,15.0056,-2.1222,2.2383
30-Apr-1979,0,3.607,14.3444,-0.5778,2.5097
01-May-1979,1.59,3.648,10.9389,-1.6722,2.6091
02-May-1979,0.05,3.689,12.9333,0.1333,2.3915
03-May-1979,0.01,3.729,16.4444,0.2556,2.7945
04-May-1979,0.19,3.769,16.0389,1.7944,3.3857
05-May-1979,6.39,3.809,12.1889,2.35,3.2513
06-May-1979,3.85,3.848,6.1556,-1.9389,2.9289
07-May-1979,16,3.888,2.5944,-3.4722,2.464
08-May-1979,4.12,3.927,2.6389,-6.5,2.1443
09-May-1979,1.82,3.965,5.8889,-6.7389,1.8433
10-May-1979,0.03,4.004,11.1667,-4.4,1.6767
11-May-1979,0,4.042,15.5111,-2.2722,1.7278
12-May-1979,0.01,4.08,18.3944,-0.9278,2.018
13-May-1979,0.02,4.117,20.0389,0.9944,2.6279
14-May-1979,0,4.154,19.7889,2.1111,3.3319
15-May-1979,0,4.191,19.0778,2.1389,3.9231
16-May-1979,0,4.227,19.1389,2.6944,4.353
17-May-1979,0,4.263,20.3722,2.6833,4.4067
18-May-1979,0,4.298,20.4944,3.4056,4.568
19-May-1979,0,4.333,20.7444,3.4833,4.7561
20-May-1979,0,4.368,21.8833,2.6111,4.8904
21-May-1979,0,4.402,21.7889,3.7167,5.3203
22-May-1979,0,4.436,19.85,4.9,5.8846
23-May-1979,0,4.469,17.7333,5.2111,5.1054
24-May-1979,0,4.502,18.2778,2.1556,4.7292
25-May-1979,0,4.535,20.4556,4.2333,4.6486
26-May-1979,0,4.566,22.2111,5.1333,4.971
27-May-1979,0,4.598,20.3611,5.2333,5.2666
28-May-1979,0,4.629,17.7444,2.8889,4.9442
29-May-1979,0,4.659,14.7278,-1.2056,4.2993
30-May-1979,0,4.689,14.9278,-1.6611,3.6006
31-May-1979,0,4.718,17.1944,0.4944,3.1976
01-Jun-1979,0,4.747,18.7667,1.0778,3.0632
02-Jun-1979,0,4.775,21.2,1.9389,3.0364
03-Jun-1979,0,4.803,22.7333,3.1389,3.117
04-Jun-1979,0,4.83,23.5778,4.8778,3.3857
05-Jun-1979,0,4.857,24.2333,4.7111,3.5738
06-Jun-1979,0,4.883,22.7722,7.3778,3.6275
07-Jun-1979,0,4.908,18.5111,2.4667,3.4125
08-Jun-1979,0,4.933,16.5167,-1.0778,2.7677
09-Jun-1979,0,4.957,20.5444,0.4722,2.4371
10-Jun-1979,0,4.981,22.9889,3.2389,2.4721
11-Jun-1979,0,5.004,24.2444,4.8278,2.5688
12-Jun-1979,0,5.026,23.85,5.6111,2.6602
13-Jun-1979,0,5.048,21.3944,9.0167,2.8751
14-Jun-1979,0,5.069,19.1444,3.8444,2.6709
15-Jun-1979,0.25,5.089,17.6389,0.05,2.2705
16-Jun-1979,0.04,5.109,16.1667,0.3944,2.0207
17-Jun-1979,1,5.128,10.9,-1.0944,1.8594
18-Jun-1979,0,5.147,11.6722,-1.9778,1.6042
19-Jun-1979,0,5.165,17.5389,0.3056,1.4752
20-Jun-1979,0,5.182,19.0611,3.6056,1.5182
21-Jun-1979,0,5.198,19.5722,3.1778,1.5074
22-Jun-1979,0,5.214,21.5333,1.6556,1.4752
23-Jun-1979,0,5.229,23.7278,4.15,1.4806
24-Jun-1979,0,5.244,24.3722,5.6889,1.4994
25-Jun-1979,0,5.258,24.3889,4.5833,1.5182
26-Jun-1979,0,5.271,24.1222,4.2,1.3946
27-Jun-1979,0,5.283,24.2778,3.6333,1.3059
28-Jun-1979,0,5.295,24.6778,4.5389,1.228
29-Jun-1979,0,5.306,22.5444,6.1667,1.1581
30-Jun-1979,0,5.316,21.7056,5.5,1.1017
01-Jul-1979,0,5.325,21.1444,2.8167,1.0184
02-Jul-1979,0,5.334,20.8778,3.2889,0.9646
03-Jul-1979,0,5.342,20.0667,4.7944,0.9217
04-Jul-1979,0,5.35,19.4889,2.6889,0.8813
05-Jul-1979,0,5.356,19.1778,3.6833,0.8276
06-Jul-1979,0,5.362,19.5111,3.0778,0.79
07-Jul-1979,0,5.367,20.1056,2.0111,0.7416
08-Jul-1979,0,5.372,21.6111,1.9111,0.6959
09-Jul-1979,0,5.376,21.8333,7.2611,0.6503
10-Jul-1979,0,5.379,21.6333,6.6056,0.6046
11-Jul-1979,0,5.381,22.6778,4.7722,0.5965
12-Jul-1979,0,5.382,24.6389,6.45,0.5777
13-Jul-1979,0,5.383,26.9,7.1833,0.5697
14-Jul-1979,0,5.383,27.8444,8.1889,0.5347
15-Jul-1979,0,5.383,27.4389,9.1056,0.5132
16-Jul-1979,0,5.381,28.4389,9.1222,0.5159
17-Jul-1979,0,5.379,28.5611,8.0222,0.5132
18-Jul-1979,0,5.376,28.9722,7.1333,0.4864
19-Jul-1979,0.04,5.373,27.5889,10.1722,0.5079
20-Jul-1979,7.74,5.368,22.35,11.5278,0.5159
21-Jul-1979,10.39,5.363,17.3778,10.0611,0.6153
22-Jul-1979,0.07,5.358,20.9556,7.8889,0.6368
23-Jul-1979,0,5.351,24.2333,6.6333,0.489
24-Jul-1979,0,5.344,26.1111,8.7833,0.4407
25-Jul-1979,0.02,5.336,26.9,9.4056,0.4111
26-Jul-1979,0,5.327,25.9167,8.3222,0.3708
27-Jul-1979,0,5.318,24.7611,7.3389,0.3466
28-Jul-1979,0,5.308,25.0056,6.2389,0.3332
29-Jul-1979,0,5.297,25.8,6.0833,0.3198
30-Jul-1979,0,5.286,27.7,6.3222,0.3063
31-Jul-1979,0,5.273,28.9444,7.8389,0.3117
01-Aug-1979,0,5.26,28.7167,9.9944,0.3386
02-Aug-1979,0,5.247,28.6,8.5944,0.3224
03-Aug-1979,0,5.232,28.3556,8.1,0.3816
04-Aug-1979,0,5.217,26.7056,10.7167,0.3977
05-Aug-1979,0,5.202,25.2833,9.3444,0.3977
06-Aug-1979,0,5.185,26.3833,9.5778,0.3816
07-Aug-1979,0.05,5.168,24.0667,12.0944,0.3654
08-Aug-1979,0.08,5.151,24.4611,10.4,0.3708
09-Aug-1979,0,5.132,25.9611,8.8389,0.3305
10-Aug-1979,0,5.113,27.0444,10.6556,0.3117
11-Aug-1979,0.07,5.094,25.2167,10.2333,0.2983
12-Aug-1979,0.13,5.073,21.8167,7.8778,0.3117
13-Aug-1979,0.39,5.052,19.9278,8.1722,0.4837
14-Aug-1979,0.01,5.031,18.7111,4.6889,0.3628
15-Aug-1979,0.04,5.009,20.0889,4.4611,0.3171
16-Aug-1979,0.02,4.986,21.05,5.2111,0.2902
17-Aug-1979,1.94,4.962,20.3278,7.9,0.2821
18-Aug-1979,0.02,4.938,20.0222,6.8944,0.2848
19-Aug-1979,0.02,4.913,19.2056,6.0889,0.2687
20-Aug-1979,0.89,4.888,17.8167,5.7056,0.2606
21-Aug-1979,0.18,4.862,18.3944,3.9222,0.2875
22-Aug-1979,0.35,4.836,20.9833,3,0.309
23-Aug-1979,0,4.809,20.6278,4.3056,0.3466
24-Aug-1979,0,4.781,21.8444,3.3333,0.3439
25-Aug-1979,0,4.753,22.3833,3.8111,0.3466
26-Aug-1979,0,4.724,22.7833,3.2722,0.3439
27-Aug-1979,0,4.695,23.2167,4.1056,0.3386
28-Aug-1979,1.39,4.665,20.6667,5.3,0.3332
29-Aug-1979,0.88,4.635,16.5556,7.8444,0.3466
30-Aug-1979,0.05,4.604,16.0944,5.2111,0.3681
31-Aug-1979,0,4.573,20.0889,1.8389,0.3466
01-Sep-1979,0,4.541,21.4111,3.4889,0.3359
02-Sep-1979,0,4.509,20.8167,5.3667,0.3063
03-Sep-1979,0,4.476,21.2778,4.9444,0.2848
04-Sep-1979,0,4.443,22.9889,4.9056,0.2768
05-Sep-1979,0,4.409,25.0833,5.2667,0.266
06-Sep-1979,0,4.375,26.3389,6.8944,0.2553
07-Sep-1979,0,4.341,26.5333,7.6889,0.2472
08-Sep-1979,0,4.306,24.7556,9.1889,0.2418
09-Sep-1979,0,4.27,25.2167,5.1389,0.2365
10-Sep-1979,0,4.235,23.7611,5.4,0.2365
11-Sep-1979,0,4.198,25.0278,5.5,0.2338
12-Sep-1979,0,4.162,25.7667,6.2278,0.2284
13-Sep-1979,0,4.125,27.0111,7.7222,0.2284
14-Sep-1979,0,4.088,26.7444,8.0167,0.223
15-Sep-1979,0,4.05,26.9278,7.2778,0.2177
16-Sep-1979,0,4.012,25.7222,7.7722,0.1854
17-Sep-1979,0,3.974,25.3389,6.6056,0.1827
18-Sep-1979,0,3.935,23.7222,5.6944,0.1773
19-Sep-1979,0,3.896,21.6,2.8833,0.172
20-Sep-1979,0,3.857,21.9944,2.3722,0.1666
21-Sep-1979,0,3.817,23.7833,2.6333,0.172
22-Sep-1979,0,3.777,23.1722,4.1889,0.1747
23-Sep-1979,0.02,3.737,21.3778,4.2333,0.1773
24-Sep-1979,0.38,3.697,21.4111,4.8111,0.1827
25-Sep-1979,0.37,3.656,18.6611,3.7611,0.1988
26-Sep-1979,0,3.616,18.0611,0.2,0.1881
27-Sep-1979,0,3.575,20.1,1.35,0.1827
28-Sep-1979,0,3.534,21.7167,2.4111,0.1827
29-Sep-1979,0,3.492,21.55,3.5333,0.1773
30-Sep-1979,0,3.451,21.8389,4.7667,0.1773
01-Oct-1979,0,3.409,21.8556,5.4444,0.1773
02-Oct-1979,0,3.367,22.3556,5.5056,0.1747
03-Oct-1979,0,3.325,21.85,5.9167,0.1693
04-Oct-1979,0,3.283,22.65,5.3111,0.1666
05-Oct-1979,0,3.241,23.0389,5.9944,0.1612
06-Oct-1979,0,3.198,22.4944,6.0778,0.1451
07-Oct-1979,1.03,3.156,18.9333,6.5667,0.1397
08-Oct-1979,0.26,3.113,15.7889,3.3722,0.1424
09-Oct-1979,0.06,3.071,18.6,2.0889,0.1532
10-Oct-1979,0,3.028,20.6556,2.5111,0.1505
11-Oct-1979,0.12,2.986,20.2556,3.1278,0.1424
12-Oct-1979,0,2.943,18.9833,2.8167,0.1451
13-Oct-1979,0.08,2.9,16.2667,3.4778,0.1505
14-Oct-1979,0.02,2.857,13.9778,2.3278,0.1532
15-Oct-1979,0.53,2.815,13.1611,5.0722,0.1532
16-Oct-1979,0,2.772,15.6333,3.1111,0.1558
17-Oct-1979,0,2.729,16.5611,2.2944,0.1585
18-Oct-1979,3.27,2.687,11.5389,2.8,0.1532
19-Oct-1979,38.65,2.644,9.4167,3.4833,0.2177
20-Oct-1979,10.77,2.602,4.6889,-1.1222,0.5643
21-Oct-1979,2.49,2.56,6.0667,-6.6278,0.3224
22-Oct-1979,0.04,2.517,11.9833,-3.8889,0.2848
23-Oct-1979,0.03,2.475,14.6167,-1.3667,0.2633
24-Oct-1979,0,2.433,14.7833,-0.0889,0.2633
25-Oct-1979,11.09,2.391,11.1222,3.0667,0.2687
26-Oct-1979,0.28,2.349,10.4111,-4.8833,0.3439
27-Oct-1979,0,2.308,13.0556,-4.35,0.2848
28-Oct-1979,0.04,2.266,8.2333,-1.3556,0.2606
29-Oct-1979,0.2,2.225,4.3389,-4.8556,0.2418
30-Oct-1979,0.11,2.184,4.5056,-6.4889,0.2177
31-Oct-1979,0.07,2.143,6.5,-3.2111,0.2284
01-Nov-1979,0.03,2.103,7.1056,-6.8778,0.2177
02-Nov-1979,0.01,2.062,8.0333,-5.6167,0.2123
03-Nov-1979,15.68,2.022,3.9722,-1.1222,0.2365
04-Nov-1979,1.97,1.982,3.0111,-3.2278,0.2553
05-Nov-1979,0.02,1.943,5.8944,-6.5056,0.2365
06-Nov-1979,0,1.904,8.2222,-5.6222,0.223
07-Nov-1979,0,1.865,7.7444,-4.4444,0.223
08-Nov-1979,0.02,1.826,8.1167,-5.1667,0.2365
09-Nov-1979,0.02,1.787,8.2889,-5.9722,0.2177
10-Nov-1979,0,1.749,10.4333,-7.6,0.2123
11-Nov-1979,0,1.712,10.1611,-6.5333,0.2123
12-Nov-1979,0,1.674,9.9944,-7.6222,0.2069
13-Nov-1979,0,1.637,11.1889,-6.7,0.2123
14-Nov-1979,0,1.601,10.4944,-5.7222,0.2069
15-Nov-1979,0,1.564,10.7556,-5.5556,0.2069
16-Nov-1979,2.47,1.528,11.2444,-1.7944,0.2177
17-Nov-1979,8.13,1.493,6.8889,-0.7333,0.2311
18-Nov-1979,0.76,1.458,1.9389,-6.6222,0.2284
19-Nov-1979,0.08,1.423,-0.1,-12.8278,0.18
20-Nov-1979,0.03,1.389,1.0111,-13.2667,0.1747
21-Nov-1979,0,1.355,2.9389,-13.0667,0.3009
22-Nov-1979,6.12,1.322,5.8444,-8.6167,0.3144
23-Nov-1979,0.22,1.289,4.5889,-5.0222,0.2687
24-Nov-1979,2.79,1.257,6.5,-1.9833,0.2365
25-Nov-1979,13.29,1.225,5.8833,-1.2333,0.2768
26-Nov-1979,1.76,1.193,2.8611,-2.7222,0.3359
27-Nov-1979,0.01,1.163,2.8278,-9.5944,0.2553
28-Nov-1979,0.02,1.132,4.2222,-7.5667,0.2526
29-Nov-1979,0,1.102,7.3944,-6.4056,0.2553
30-Nov-1979,0,1.073,7.7444,-6.65,0.2472
01-Dec-1979,0,1.044,9.7722,-6.2667,0.2284
02-Dec-1979,0.01,1.016,11.05,-2.1,0.2472
03-Dec-1979,0,0.988,12.6222,-1.6444,0.2365
04-Dec-1979,0,0.961,13.4278,-3.2056,0.223
05-Dec-1979,0,0.935,10.9722,-4.5,0.223
06-Dec-1979,0,0.909,11.2667,-4.8556,0.2177
07-Dec-1979,0,0.883,10.4167,-4.6333,0.223
08-Dec-1979,0,0.858,11.6944,-4.2833,0.2284
09-Dec-1979,0,0.834,13.2056,-4.5111,0.223
10-Dec-1979,0,0.811,10.2111,-2.5,0.2284
11-Dec-1979,0,0.788,2.9222,-11.2111,0.2015
12-Dec-1979,0,0.765,4.7444,-12.9333,0.1558
13-Dec-1979,0,0.743,7.0889,-9.0778,0.1558
14-Dec-1979,0,0.722,9.2667,-8.1,0.1585
15-Dec-1979,0,0.702,10.6111,-7.3611,0.1585
16-Dec-1979,0,0.682,10.8389,-7.0111,0.1639
17-Dec-1979,0,0.663,11.9056,-7.9111,0.1747
18-Dec-1979,0.04,0.644,12.0833,-7.0833,0.1962
19-Dec-1979,0.12,0.627,8.4389,-3.3556,0.2177
20-Dec-1979,6.27,0.609,4.5278,-5.6167,0.2069
21-Dec-1979,6.81,0.593,1.3778,-4.9722,0.2123
22-Dec-1979,2.96,0.577,-0.6222,-9.95,0.1693
23-Dec-1979,34.13,0.562,1.0722,-12.2278,0.1854
24-Dec-1979,44.22,0.547,0.55,-4.6333,0.3466
25-Dec-1979,13.58,0.534,0.0444,-7.65,0.2284
26-Dec-1979,0.52,0.521,-0.2778,-9.3278,0.2015
27-Dec-1979,0.04,0.508,-0.8444,-9.7889,0.2177
28-Dec-1979,0,0.497,-1.0389,-11.7889,0.2472
29-Dec-1979,1.45,0.486,3.0389,-9.2167,0.3117
30-Dec-1979,34.74,0.475,2.6889,-6.1333,0.3466
31-Dec-1979,29.76,0.466,5.2722,-1.5833,0.5885
01-Jan-1980,0.21,0.44,5.3556,-4.4389,0.6261
02-Jan-1980,0.17,0.442,4.6611,-5.6444,0.4165
03-Jan-1980,0.04,0.435,4.3778,-5.8889,0.3601
04-Jan-1980,0,0.429,5.25,-4.6056,0.3332
05-Jan-1980,0,0.424,7.2,-2.7389,0.3117
06-Jan-1980,0.1,0.419,5.9278,-1.75,0.3117
07-Jan-1980,1.31,0.416,5.3389,-3.5167,0.3117
08-Jan-1980,0.56,0.413,4.8167,-1.1222,0.2983
09-Jan-1980,25.93,0.41,4.5722,-1.4111,0.3117
10-Jan-1980,8.68,0.409,2.3056,-4.0556,0.3735
11-Jan-1980,46.5,0.408,5.4556,-5.6556,0.3654
12-Jan-1980,48.14,0.408,8.6611,-0.2944,3.4663
13-Jan-1980,121.18,0.409,6.8389,2.8389,9.1091
14-Jan-1980,18.92,0.41,5.0778,0.7778,8.9478
15-Jan-1980,3.18,0.412,3.7333,-1.3944,3.4663
16-Jan-1980,4.97,0.415,5.4722,-0.8944,2.4533
17-Jan-1980,12.11,0.419,3.0556,-1.1833,1.9266
18-Jan-1980,1.98,0.423,-0.9056,-5.8444,1.6337
19-Jan-1980,0.85,0.428,-1.4444,-7.9278,1.3435
20-Jan-1980,0,0.434,2.1444,-8.5722,1.1447
21-Jan-1980,0.02,0.44,4.7333,-7.8722,1.0829
22-Jan-1980,0,0.447,5.25,-7.2222,0.9861
23-Jan-1980,0,0.455,5.5833,-7.55,0.9136
24-Jan-1980,0,0.464,8.7333,-6.65,0.8599
25-Jan-1980,0,0.473,9.7778,-5.5444,0.8491
26-Jan-1980,0.54,0.483,7.4111,-5.2944,0.7954
27-Jan-1980,0.09,0.494,3.9167,-4.4167,0.7416
28-Jan-1980,8.33,0.506,0.1778,-6.4667,0.7309
29-Jan-1980,6.63,0.518,-0.7833,-10.4667,0.7094
30-Jan-1980,0.06,0.531,1.0222,-12.2722,0.6234
31-Jan-1980,0,0.545,3.0222,-10.0278,0.6207
01-Feb-1980,0,0.559,5.7778,-7.5944,0.6126
02-Feb-1980,0.43,0.574,8.8167,-4.7278,0.5911
03-Feb-1980,0,0.589,9.6556,-3.0444,0.5804
04-Feb-1980,0.01,0.606,9.2222,-3.2056,0.5777
05-Feb-1980,0.15,0.623,12.5222,-2.75,0.5831
06-Feb-1980,0.41,0.641,8.8889,-2.5444,0.653
07-Feb-1980,1.62,0.659,1.9444,-6.2778,0.6126
08-Feb-1980,0.02,0.678,3.7278,-6.8722,0.575
09-Feb-1980,0.01,0.698,6.5333,-9.35,0.5401
10-Feb-1980,0,0.718,6.1833,-7.3611,0.567
11-Feb-1980,0,0.739,6.8278,-7.7222,0.5455
12-Feb-1980,0.01,0.761,7.0778,-6.7778,0.532
13-Feb-1980,0.07,0.783,6.1222,-7.8333,0.5132
14-Feb-1980,16.49,0.806,4.5444,-4.1278,0.5401
15-Feb-1980,18.14,0.829,3.0389,-1.7333,0.6288
16-Feb-1980,25.65,0.853,1.6778,-2.2167,0.6664
17-Feb-1980,34.96,0.878,5.25,-1.4,1.279
18-Feb-1980,55.76,0.903,3.2333,0.4833,3.6006
19-Feb-1980,54.16,0.929,1.4167,-1.4056,2.9826
20-Feb-1980,17.74,0.955,1.4389,-3.8333,1.7788
21-Feb-1980,56.57,0.982,1.2278,-3.5944,1.4618
22-Feb-1980,3.06,1.01,2.55,-4.4056,1.2817
23-Feb-1980,0.29,1.038,5.9056,-6.9,1.1877
24-Feb-1980,0.11,1.067,6.6111,-5.8722,1.1205
25-Feb-1980,0.09,1.096,8.7611,-5.1833,1.0372
26-Feb-1980,0.03,1.126,10.9389,-3.3556,1.0453
27-Feb-1980,6.42,1.156,11.3944,-1.4556,1.1393
28-Feb-1980,6.87,1.187,7.3278,-3.2167,1.2817
29-Feb-1980,0.04,1.218,6.5222,-7.4389,1.0829
01-Mar-1980,0.42,1.25,4.6889,-5.4278,1.0318
02-Mar-1980,13.05,1.282,3.5167,-2.1833,0.9861
03-Mar-1980,9.39,1.315,3.7111,-4.6667,0.9942
04-Mar-1980,1.76,1.348,5.0167,-6.5389,0.962
05-Mar-1980,18.87,1.382,1.8167,-3.7167,0.962
06-Mar-1980,11.59,1.416,-1.2,-6.2222,0.9243
07-Mar-1980,0.07,1.451,2.4833,-7.9,0.884
08-Mar-1980,0.01,1.486,4.3833,-10.15,0.8545
09-Mar-1980,0.07,1.521,6.8611,-9.1778,0.8437
10-Mar-1980,0.01,1.557,7.5111,-7.8222,0.8518
11-Mar-1980,4.64,1.593,4.0833,-5.2889,0.884
12-Mar-1980,0.2,1.629,3.9056,-11.3278,0.7873
13-Mar-1980,0.29,1.666,7.4889,-7.1111,0.7954
14-Mar-1980,0.59,1.704,6.9889,-4.4944,0.8464
15-Mar-1980,0.88,1.741,3.0056,-2.5333,0.8303
16-Mar-1980,0.08,1.779,4.5333,-9.5222,0.7819
17-Mar-1980,1.13,1.818,6.5333,-8.8111,0.7927
18-Mar-1980,1.37,1.856,3.6556,-5.4833,0.8464
19-Mar-1980,0.03,1.895,8.0833,-7.0833,0.7658
20-Mar-1980,1.24,1.935,6.2889,-6.0556,0.7766
21-Mar-1980,8.9,1.974,1.7889,-8.1333,0.7739
22-Mar-1980,0.16,2.014,2.95,-5.85,0.7497
23-Mar-1980,0.02,2.054,6.8444,-7.2667,0.7255
24-Mar-1980,0.04,2.094,3.2556,-8.0556,0.7416
25-Mar-1980,0.13,2.135,1.15,-10.2278,0.6718
26-Mar-1980,0.03,2.176,5.8833,-9.7389,0.653
27-Mar-1980,0,2.217,5.8056,-7.9056,0.6718
28-Mar-1980,0,2.258,6.7889,-8.1833,0.6718
29-Mar-1980,0,2.299,10.6333,-6.4833,0.6986
30-Mar-1980,0,2.341,5.6778,-3.9667,0.8195
31-Mar-1980,3.51,2.382,5.3667,-8.6667,0.7846
01-Apr-1980,11.39,2.424,2.6722,-6.6222,0.8222
02-Apr-1980,3.22,2.466,4.2667,-7.3722,0.8088
03-Apr-1980,0,2.508,7.3111,-7.2944,0.7631
04-Apr-1980,0.65,2.551,7.4667,-4.1167,0.79
05-Apr-1980,33.51,2.593,4.1611,-2.8333,0.919
06-Apr-1980,1.38,2.635,4.3778,-3.1333,0.9055
07-Apr-1980,0.06,2.678,7.8278,-8.8833,0.8464
08-Apr-1980,0.05,2.72,11.0833,-5.5889,0.8625
09-Apr-1980,0,2.763,10.7889,-1.15,1.0264
10-Apr-1980,0,2.806,12.4611,-4.9111,1.185
11-Apr-1980,0.04,2.848,11.0222,-4.1389,1.2468
12-Apr-1980,0,2.891,14.5278,-5.0833,1.2629
13-Apr-1980,0,2.934,16.7333,-3.1778,1.58
14-Apr-1980,0,2.977,12.7833,1.4056,2.0556
15-Apr-1980,0,3.019,14.5833,-3.7222,2.2141
16-Apr-1980,0,3.062,18.0667,-2.4278,2.4183
17-Apr-1980,0,3.104,17.6389,0.5444,2.7677
18-Apr-1980,0,3.147,17.45,2.0333,3.1438
19-Apr-1980,0,3.189,18.2833,-0.3278,3.4932
20-Apr-1980,3.64,3.232,13.7778,1.7167,3.8425
21-Apr-1980,2.18,3.274,5.8333,-4.15,3.4932
22-Apr-1980,15.85,3.316,5.0222,-3.55,2.8751
23-Apr-1980,3,3.358,8.2167,-1.7333,2.4936
24-Apr-1980,0.27,3.4,11.3389,-1.4167,2.3243
25-Apr-1980,0.54,3.442,14.4389,-2.2833,2.6145
26-Apr-1980,1.49,3.483,16.3611,-1.0944,3.117
27-Apr-1980,0.1,3.525,17.5889,1.05,3.4663
28-Apr-1980,1.14,3.566,15.9111,4.2833,3.8156
29-Apr-1980,1.61,3.607,14.2,2.4833,3.9768
30-Apr-1980,0.7,3.648,13.4556,-1.9333,4.138
01-May-1980,0.74,3.689,14.2722,-2.4167,4.0037
02-May-1980,0,3.729,16.8444,-0.1833,4.2724
03-May-1980,0,3.769,17.4056,2,4.9979
04-May-1980,0.82,3.809,17.2556,1.6333,5.6159
05-May-1980,0.13,3.848,15.7,2.5667,5.6159
06-May-1980,0,3.888,14.3722,1.7722,5.6428
07-May-1980,0,3.927,13.1667,-0.3389,5.589
08-May-1980,0.55,3.965,12.3556,0.8278,4.8904
09-May-1980,19.62,4.004,7.3611,-0.7556,4.6486
10-May-1980,3.58,4.042,2.6,-5.1833,3.8962
11-May-1980,2.8,4.08,3.1667,-3.6611,3.2513
12-May-1980,1.76,4.117,7.4556,-0.4056,2.8751
13-May-1980,4.29,4.154,8.8667,-0.8111,2.5796
14-May-1980,11.71,4.191,9.4611,0.4333,2.5796
15-May-1980,0.02,4.227,12.5278,-0.25,2.6333
16-May-1980,0,4.263,14.6111,-0.75,2.7139
17-May-1980,0.02,4.298,15.8444,0.1722,2.9557
18-May-1980,0,4.333,17.9778,0.3056,3.1438
19-May-1980,0,4.368,20.6278,2.5111,3.4932
20-May-1980,1.16,4.402,20.8722,2.8778,4.138
21-May-1980,0.07,4.436,20.0556,3.8722,5.9921
22-May-1980,0.04,4.469,15.9389,3,6.0458
23-May-1980,1.06,4.502,7.8556,-2.5556,5.3472
24-May-1980,1.94,4.535,3.6333,-3.85,4.2993
25-May-1980,0.13,4.566,4.7111,-5.9833,3.6275
26-May-1980,0.18,4.598,8.7222,-5.3722,3.2244
27-May-1980,0.37,4.629,9.5944,-1.9556,2.902
28-May-1980,5.43,4.659,10.1556,0.1611,2.5527
29-May-1980,1.53,4.689,12.0611,0.1444,2.5366
30-May-1980,6.71,4.718,12.1611,0.7667,2.7945
31-May-1980,2.05,4.747,11.2111,1.8222,3.0095
01-Jun-1980,0.07,4.775,12.1833,-0.0667,2.9289
02-Jun-1980,0.02,4.803,10.2833,1.5889,3.1438
03-Jun-1980,0,4.83,7.9056,-0.7722,2.9826
04-Jun-1980,3.7,4.857,7.0056,0.3278,2.7139
05-Jun-1980,0.2,4.883,8.1,-1.45,2.3995
06-Jun-1980,0,4.908,10.8333,-2.9167,2.2571
07-Jun-1980,0,4.933,15.5611,-1.5444,2.4721
08-Jun-1980,0.01,4.957,18.1778,0.2278,3.1438
09-Jun-1980,0,4.981,19.1667,0.8833,3.7619
10-Jun-1980,0,5.004,17.9,1.2056,4.0574
11-Jun-1980,0,5.026,15.0889,2.3167,4.138
12-Jun-1980,0.02,5.048,12.4222,1.9444,3.9768
13-Jun-1980,0,5.069,11.1,-0.9833,3.6275
14-Jun-1980,0.01,5.089,14.3833,1.6556,3.2782
15-Jun-1980,0,5.109,18.6333,0.7778,3.6006
16-Jun-1980,0,5.128,21.5,2.3889,3.9499
17-Jun-1980,0,5.147,22.5333,3.8,4.2724
18-Jun-1980,0,5.165,21.4056,4.2611,4.6486
19-Jun-1980,0,5.182,21.65,3.2,4.6217
20-Jun-1980,0,5.198,20.6889,3.7333,4.7561
21-Jun-1980,0,5.214,20.1722,2.6056,4.568
22-Jun-1980,0,5.229,17.95,3.0222,4.2187
23-Jun-1980,0,5.244,16.0389,3.4389,3.8156
24-Jun-1980,0,5.258,17.4111,1.6556,3.6006
25-Jun-1980,0,5.271,16.9056,5.4056,3.735
26-Jun-1980,0,5.283,18.7167,5.4889,3.8425
27-Jun-1980,0,5.295,20.8389,2.0778,3.6006
28-Jun-1980,0,5.306,24.5278,5.8278,3.4125
29-Jun-1980,0.07,5.316,23.2833,9.6,3.9768
30-Jun-1980,1.4,5.325,18.3167,9.9722,4.4336
01-Jul-1980,2.94,5.334,18.5,9.5944,4.5411
02-Jul-1980,7.35,5.342,16.0889,8.5444,4.6755
03-Jul-1980,0.08,5.35,18.1556,5.9056,3.9768
04-Jul-1980,0.02,5.356,19.0222,2.9278,3.6275
05-Jul-1980,0,5.362,19.3222,3.4778,3.2244
06-Jul-1980,0,5.367,20.1333,5.3,2.9557
07-Jul-1980,0,5.372,20.4667,7.1444,2.7139
08-Jul-1980,0,5.376,20.3056,6.0333,2.5822
09-Jul-1980,0.01,5.379,19.7444,4.2556,2.4398
10-Jul-1980,0,5.381,21.7667,4.1833,2.3377
11-Jul-1980,0,5.382,22.0944,5.1111,2.2759
12-Jul-1980,0,5.383,21.3,6.4056,2.2276
13-Jul-1980,2.31,5.383,20.4833,7,2.2007
14-Jul-1980,0.05,5.383,21.5167,6.1222,2.1228
15-Jul-1980,0,5.381,24.15,6.3556,2.1093
16-Jul-1980,0,5.379,25.0444,8.0278,2.0422
17-Jul-1980,0.01,5.376,25.5,8.5778,2.1013
18-Jul-1980,0,5.373,25.1167,6.7389,2.0368
19-Jul-1980,0,5.368,25.3611,6.1556,1.8514
20-Jul-1980,0,5.363,27.2944,8.5667,1.7036
21-Jul-1980,0,5.358,28.7111,9.8389,1.674
22-Jul-1980,0,5.351,28.75,10.9556,1.6418
23-Jul-1980,0,5.344,28.4333,10.5833,1.6418
24-Jul-1980,0,5.336,28.7111,10.4333,1.5961
25-Jul-1980,0,5.327,29.7778,9.0833,1.4644
26-Jul-1980,0.21,5.318,30.3333,10.3722,1.3328
27-Jul-1980,0.21,5.308,29.6389,11.4389,1.3489
28-Jul-1980,0.04,5.297,26.6778,13.35,1.3193
29-Jul-1980,0.79,5.286,25.7889,10.9722,1.2011
30-Jul-1980,0.37,5.273,26.2056,10.6111,1.1635
31-Jul-1980,0,5.26,25.3944,13.0778,1.0829
01-Aug-1980,0.01,5.247,26.4556,11.5556,1.0238
02-Aug-1980,0,5.232,27.3167,9.3444,0.9646
03-Aug-1980,0,5.217,26.1111,8.5389,0.8975
04-Aug-1980,0,5.202,26.0167,7.6889,0.8276
05-Aug-1980,0,5.185,24.9611,7.3389,0.7658
06-Aug-1980,0,5.168,24.7056,7.4333,0.7201
07-Aug-1980,0,5.151,25.5556,9.2111,0.6771
08-Aug-1980,0,5.132,25.3167,9.2222,0.6395
09-Aug-1980,0,5.113,25.65,7.7778,0.6073
10-Aug-1980,0,5.094,27.5667,8.7111,0.5777
11-Aug-1980,0,5.073,27.8722,10.3389,0.5616
12-Aug-1980,0,5.052,27.0889,9.2722,0.532
13-Aug-1980,0,5.031,25.4389,7.2167,0.4971
14-Aug-1980,0,5.009,23.0333,5.4444,0.4783
15-Aug-1980,0,4.986,20.75,5.5611,0.4702
16-Aug-1980,0.17,4.962,22.1389,6.4111,0.4649
17-Aug-1980,0.01,4.938,23.0944,7.3611,0.4756
18-Aug-1980,0.11,4.913,20.1556,8.5778,0.4675
19-Aug-1980,0,4.888,20.0444,4.5667,0.4514
20-Aug-1980,0.37,4.862,22.9778,4.5333,0.4353
21-Aug-1980,0.01,4.836,23.8222,6.3056,0.4649
22-Aug-1980,3.44,4.809,21.1056,7.4722,0.4541
23-Aug-1980,0.8,4.781,18.8333,5.2778,0.5079
24-Aug-1980,0.07,4.753,20.0611,4.2889,0.524
25-Aug-1980,1.21,4.724,21.5667,5.1556,0.4864
26-Aug-1980,0.01,4.695,21.8222,5.2,0.5079
27-Aug-1980,0,4.665,20.6778,5.3778,0.4541
28-Aug-1980,0,4.635,19.5778,3.3611,0.4353
29-Aug-1980,0,4.604,18.6278,3.1389,0.4272
30-Aug-1980,0,4.573,18.9444,3.5389,0.3735
31-Aug-1980,0,4.541,19.1444,2.6944,0.3681
01-Sep-1980,0,4.509,22.5889,3.4667,0.3628
02-Sep-1980,0,4.476,23.1667,5.3111,0.3466
03-Sep-1980,0,4.443,24.1278,4.9556,0.3251
04-Sep-1980,0,4.409,24.6,6.3778,0.3198
05-Sep-1980,1.45,4.375,24.9111,7.2778,0.352
06-Sep-1980,0.03,4.341,23.4889,7.1111,0.3439
07-Sep-1980,3.51,4.306,19.5833,7.6,0.3789
08-Sep-1980,2.74,4.27,16.4389,5.4056,0.4971
09-Sep-1980,5.86,4.235,18.05,4.05,0.4783
10-Sep-1980,0.02,4.198,17.9667,5.2667,0.4568
11-Sep-1980,0.15,4.162,20.0111,5.0389,0.438
12-Sep-1980,0.03,4.125,20.35,5.4,0.4353
13-Sep-1980,0.02,4.088,16.8222,5.2333,0.3628
14-Sep-1980,0,4.05,12.3778,2.7222,0.3413
15-Sep-1980,0,4.012,17.5278,1.7056,0.3386
16-Sep-1980,0,3.974,21.8722,2.4944,0.3278
17-Sep-1980,0,3.935,23.0278,5.5833,0.3171
18-Sep-1980,0,3.896,19.8611,8.4389,0.3009
19-Sep-1980,0.01,3.857,16.3444,3.9778,0.3036
20-Sep-1980,0,3.817,16.6889,1.3722,0.3009
21-Sep-1980,0,3.777,15.0556,1.8056,0.2983
22-Sep-1980,0,3.737,16.5278,-0.0667,0.2956
23-Sep-1980,0.02,3.697,20.2611,0.1444,0.2929
24-Sep-1980,0,3.656,21.3778,2.1778,0.2795
25-Sep-1980,0,3.616,23.0667,3.7222,0.2714
26-Sep-1980,0,3.575,22.7111,6.5667,0.2633
27-Sep-1980,0,3.534,23.0722,3.7278,0.2606
28-Sep-1980,0,3.492,22.4167,4.4889,0.2499
29-Sep-1980,0,3.451,24.2111,3.1333,0.2445
30-Sep-1980,0,3.409,25.7667,4.3389,0.2365
01-Oct-1980,0,3.367,25.8278,5.85,0.2257
02-Oct-1980,0,3.325,25.2778,6.1389,0.2203
03-Oct-1980,0,3.283,25.4333,6.4667,0.215
04-Oct-1980,0,3.241,24.7,6.1944,0.215
05-Oct-1980,0,3.198,23.7222,6.1333,0.215
06-Oct-1980,0,3.156,23.9222,6.3556,0.2123
07-Oct-1980,0,3.113,23.8444,6.0722,0.2096
08-Oct-1980,0,3.071,23.4111,5.4111,0.2069
09-Oct-1980,0,3.028,21.9778,4.5389,0.2472
10-Oct-1980,0,2.986,21.0778,3.65,0.2553
11-Oct-1980,0,2.943,17.3222,4.55,0.2687
12-Oct-1980,10.73,2.9,11.1222,3.3389,0.3278
13-Oct-1980,0.43,2.857,9.7389,-1.65,0.3386
14-Oct-1980,2.25,2.815,6.2444,-2.9833,0.2956
15-Oct-1980,0.86,2.772,2.9,-3.2333,0.3009
16-Oct-1980,1.14,2.729,3.1333,-3.1,0.2821
17-Oct-1980,1.08,2.687,7.5444,-5.1,0.2741
18-Oct-1980,0.05,2.644,11.4056,-4.8556,0.266
19-Oct-1980,0,2.602,13.4833,-3.45,0.2606
20-Oct-1980,0,2.56,15.4722,-2.1389,0.258
21-Oct-1980,0,2.517,15.1056,-0.7667,0.2499
22-Oct-1980,0,2.475,14.5111,-0.2722,0.2526
23-Oct-1980,0,2.433,15.3389,-1.5389,0.2472
24-Oct-1980,0.01,2.391,15.6833,-0.5,0.2445
25-Oct-1980,1.92,2.349,12.1,1.0611,0.2418
26-Oct-1980,1.44,2.308,7.2056,-2.9111,0.2499
27-Oct-1980,0.11,2.266,6.4444,-1.3944,0.2445
28-Oct-1980,0.01,2.225,9.5722,-5.3333,0.2391
29-Oct-1980,0,2.184,12.9,-5.1333,0.2311
30-Oct-1980,0.01,2.143,14.8,-4.4611,0.2391
31-Oct-1980,0,2.103,16.4222,-1.2056,0.2338
01-Nov-1980,0,2.062,14.7778,-1.2611,0.2096
02-Nov-1980,0.5,2.022,15.8722,-0.7111,0.2069
03-Nov-1980,0,1.982,17.2944,-1.5889,0.2069
04-Nov-1980,0,1.943,18.4222,-0.2722,0.2069
05-Nov-1980,0,1.904,18.75,0.0944,0.2015
06-Nov-1980,0,1.865,16.8389,1.1111,0.2015
07-Nov-1980,0.98,1.826,15.4667,1.1333,0.1962
08-Nov-1980,0,1.787,13.5556,2.4333,0.2042
09-Nov-1980,0,1.749,12.6389,-0.0444,0.1988
10-Nov-1980,0.95,1.712,10.0222,-1.9833,0.1935
11-Nov-1980,22.78,1.674,5.5056,-0.2111,0.2365
12-Nov-1980,3.59,1.637,4.1889,-4.2,0.2553
13-Nov-1980,0.01,1.601,4.1889,-6.8444,0.215
14-Nov-1980,0.11,1.564,6.35,-8.5944,0.1881
15-Nov-1980,0.47,1.528,3.2778,-5.3111,0.2096
16-Nov-1980,0,1.493,2.4333,-8.85,0.1854
17-Nov-1980,0,1.458,7.1778,-6.6222,0.2042
18-Nov-1980,0,1.423,7.9,-6.4944,0.2123
19-Nov-1980,0,1.389,8.1,-7.0278,0.2015
20-Nov-1980,0,1.355,7.7611,-6.6167,0.1988
21-Nov-1980,0.03,1.322,8.7889,-6.6722,0.2042
22-Nov-1980,0.07,1.289,8.3889,-2.3722,0.2177
23-Nov-1980,0.76,1.257,6.0611,-3.6889,0.2096
24-Nov-1980,0.02,1.225,4.2944,-8.0889,0.2042
25-Nov-1980,0.01,1.193,3.7111,-9.4,0.1693
26-Nov-1980,0,1.163,7.5222,-9.2111,0.1827
27-Nov-1980,0.03,1.132,10.6944,-8.15,0.1935
28-Nov-1980,0,1.102,14.8,-4.6833,0.2123
29-Nov-1980,0.18,1.073,11.5611,-1.2389,0.215
30-Nov-1980,1.75,1.044,6.9222,0.5389,0.1935
01-Dec-1980,1.05,1.016,6.9333,-6.3778,0.1827
02-Dec-1980,1.93,0.988,7.1944,-0.8667,0.2069
03-Dec-1980,43.64,0.961,5.8333,0.1667,0.2257
04-Dec-1980,28.83,0.935,2.7056,-2.0444,0.4837
05-Dec-1980,0.02,0.909,0.7611,-9.1278,0.2365
06-Dec-1980,0,0.883,-0.85,-11.1889,0.1827
07-Dec-1980,0,0.858,-1.4722,-11.3667,0.1827
08-Dec-1980,0.04,0.834,0.2278,-13.3667,0.18
09-Dec-1980,0,0.811,2.5167,-12.7111,0.1854
10-Dec-1980,0,0.788,5.0778,-11.7111,0.1908
11-Dec-1980,0.04,0.765,5.7167,-9.8722,0.1988
12-Dec-1980,0,0.743,7.3556,-8.3444,0.2015
13-Dec-1980,0,0.722,7.5611,-7.4722,0.2015
14-Dec-1980,0,0.702,8.3444,-7.6167,0.2015
15-Dec-1980,0,0.682,9.7556,-5.0944,0.2015
16-Dec-1980,0,0.663,10.4111,-4.4389,0.2015
17-Dec-1980,0,0.644,10.5722,-4.0889,0.2042
18-Dec-1980,0,0.627,9.7,-1.9389,0.2123
19-Dec-1980,0,0.609,9.1833,-3.55,0.2096
20-Dec-1980,0,0.593,9.3333,-3.2611,0.215
21-Dec-1980,1.61,0.577,7.7333,-2.8667,0.2203
22-Dec-1980,0.32,0.562,8.6611,-0.4056,0.2606
23-Dec-1980,0.02,0.547,7.2778,-6.4556,0.2338
24-Dec-1980,0,0.534,10.0278,-5.85,0.2177
25-Dec-1980,0,0.521,12.2944,-0.1167,0.2284
26-Dec-1980,0,0.508,12.8111,-1.8667,0.2365
27-Dec-1980,0,0.497,12.6944,-1.0167,0.2391
28-Dec-1980,0,0.486,12.1611,-2.9722,0.2365
29-Dec-1980,0,0.475,11.1167,-5.4222,0.2203
30-Dec-1980,0,0.466,10.4,-5.8722,0.2096
31-Dec-1980,0,0.457,8.9778,-6.3222,0.2015
01-Jan-1981,0,0.44,9.6611,-5.4111,0.1935
02-Jan-1981,0.77,0.442,9.1611,-5.95,0.1881
03-Jan-1981,3.8,0.435,10.2667,-1.7222,0.223
04-Jan-1981,2.54,0.429,7.0167,-1.7278,0.215
05-Jan-1981,0.1,0.424,6.5333,-5.1611,0.2015
06-Jan-1981,0,0.419,6.6889,-6.9222,0.1747
07-Jan-1981,0,0.416,7.3889,-7.1167,0.172
08-Jan-1981,0,0.413,5.9833,-6.6722,0.172
09-Jan-1981,0,0.41,7.6111,-6.7,0.1747
10-Jan-1981,0,0.409,7.3889,-7.1056,0.1773
11-Jan-1981,0,0.408,6.9667,-6.8667,0.1773
12-Jan-1981,0,0.408,7.2889,-5.3722,0.1827
13-Jan-1981,0,0.409,8.85,-5.0278,0.1908
14-Jan-1981,0,0.41,9.2056,-5.45,0.1962
15-Jan-1981,0,0.412,8.0556,-4.3667,0.2015
16-Jan-1981,1.68,0.415,6.55,-2.8111,0.2015
17-Jan-1981,0.57,0.419,7.3611,-3.9167,0.2042
18-Jan-1981,0,0.423,8.7056,-2.8889,0.2015
19-Jan-1981,0.24,0.428,10.3167,-2.2556,0.2015
20-Jan-1981,0.55,0.434,10.3056,-4.4778,0.1935
21-Jan-1981,0.01,0.44,9.4611,-0.7611,0.1988
22-Jan-1981,2.15,0.447,12.3833,2.1056,0.2096
23-Jan-1981,9.79,0.455,7.1167,-0.8056,0.215
24-Jan-1981,0.66,0.464,3.1111,-4.6167,0.2042
25-Jan-1981,0.01,0.473,3.1611,-8.9778,0.1773
26-Jan-1981,5.77,0.483,3.9444,-8.4722,0.1639
27-Jan-1981,57.46,0.494,3.8611,-2.8444,0.4057
28-Jan-1981,35.02,0.506,1.3167,-3.0222,0.4031
29-Jan-1981,31.89,0.518,-0.6056,-5.5833,0.2553
30-Jan-1981,2.77,0.531,-1.0111,-9.4667,0.223
31-Jan-1981,0.03,0.545,1.3944,-11.5222,0.2311
01-Feb-1981,0,0.559,2.2556,-11.9722,0.223
02-Feb-1981,0.03,0.574,2.9056,-9.1944,0.2257
03-Feb-1981,0,0.589,3.2167,-10.5333,0.2284
04-Feb-1981,0,0.606,3.6611,-11.2278,0.2311
05-Feb-1981,0.08,0.623,5.2944,-9.1611,0.2311
06-Feb-1981,0,0.641,2.9889,-9.5389,0.2338
07-Feb-1981,0,0.659,4.0111,-10.3222,0.2365
08-Feb-1981,9.25,0.678,1.9833,-6.6778,0.258
09-Feb-1981,7.2,0.698,3.7333,-4.2889,0.2633
10-Feb-1981,0.05,0.718,3.8833,-7.5556,0.2445
11-Feb-1981,0.55,0.739,6.9556,-4.65,0.2606
12-Feb-1981,0.01,0.761,7.7722,-4.9611,0.2633
13-Feb-1981,7.16,0.783,7.4333,-3.5667,0.2875
14-Feb-1981,10.9,0.806,9.0889,0.4389,0.8276
15-Feb-1981,0,0.829,10.8167,-3.1667,0.704
16-Feb-1981,2.75,0.853,11.6667,-3.3,0.4971
17-Feb-1981,0.92,0.878,11.7056,-3.3944,0.5777
18-Feb-1981,0,0.903,12.9556,-2.6444,0.5186
19-Feb-1981,0.34,0.929,12.9278,-0.3889,0.5293
20-Feb-1981,0.08,0.955,7.7167,-4.4,0.5911
21-Feb-1981,0,0.982,8.4556,-7.1167,0.438
22-Feb-1981,0.03,1.01,11,-7.0889,0.4165
23-Feb-1981,0.03,1.038,10.5889,-5.0556,0.4192
24-Feb-1981,6.66,1.067,5.1389,-4.5889,0.4004
25-Feb-1981,1.34,1.096,1.15,-6.0889,0.3547
26-Feb-1981,0.02,1.126,1.3444,-8.7333,0.3547
27-Feb-1981,0,1.156,3.5167,-10.2389,0.3224
28-Feb-1981,0.96,1.187,4.4722,-8.2389,0.3332
01-Mar-1981,1.23,1.218,2.8556,-5.8444,0.3332
02-Mar-1981,9.85,1.25,3.6,-4.1,0.3305
03-Mar-1981,0.03,1.282,5.8111,-5.9111,0.3144
04-Mar-1981,0.44,1.315,5.2278,-4.9833,0.3305
05-Mar-1981,0.33,1.348,4.15,-3.7167,0.3278
06-Mar-1981,0.69,1.382,5.8056,-3.3722,0.3144
07-Mar-1981,0.07,1.416,6.9,-4.3833,0.3224
08-Mar-1981,0.09,1.451,8.4444,-4.2889,0.3117
09-Mar-1981,0,1.486,10.1889,-4.85,0.3198
10-Mar-1981,0,1.521,10.4944,-4.7167,0.3413
11-Mar-1981,0.5,1.557,8.95,-6.2167,0.3628
12-Mar-1981,1.31,1.593,7.8222,-5.3889,0.3601
13-Mar-1981,5.09,1.629,3.9833,-3.9111,0.3628
14-Mar-1981,0.55,1.666,6.2,-6.1444,0.3493
15-Mar-1981,1.45,1.704,7.7722,-5.8889,0.352
16-Mar-1981,0.74,1.741,7.6611,-3.7833,0.352
17-Mar-1981,0.06,1.779,7.5111,-8.8,0.3332
18-Mar-1981,0.7,1.818,6.2444,-6.0167,0.3466
19-Mar-1981,29.42,1.856,4.0444,-2.2778,0.4272
20-Mar-1981,6.46,1.895,1.4667,-5.5667,0.4192
21-Mar-1981,3.18,1.935,6.6111,-4.9167,0.4165
22-Mar-1981,0.72,1.974,7.3778,-3.5111,0.4165
23-Mar-1981,0.03,2.014,9.6611,-5.9,0.4084
24-Mar-1981,1.62,2.054,10.3111,-5.4,0.3842
25-Mar-1981,27.66,2.094,8.2111,-1.0556,0.489
26-Mar-1981,12.9,2.135,2.4556,-5.6611,0.7013
27-Mar-1981,3.66,2.176,3.6444,-4.6944,0.5723
28-Mar-1981,0.39,2.217,9.2056,-5.1222,0.4783
29-Mar-1981,2.38,2.258,7.5167,-3.1333,0.5777
30-Mar-1981,0.13,2.299,5.4278,-9.2944,0.4998
31-Mar-1981,0.02,2.341,8.7556,-6.95,0.4702
01-Apr-1981,5.64,2.382,5.6111,-1.7667,0.4917
02-Apr-1981,5.01,2.424,3.95,-4.4611,0.5105
03-Apr-1981,0.05,2.466,7.1833,-5.3222,0.4998
04-Apr-1981,0,2.508,11.25,-6.2722,0.4649
05-Apr-1981,0,2.551,14.9389,-3.8611,0.4944
06-Apr-1981,0,2.593,12.9556,-2.4389,0.6422
07-Apr-1981,0,2.635,10.6889,-3.7889,0.747
08-Apr-1981,0,2.678,11.2333,-4.45,0.7282
09-Apr-1981,0,2.72,12.4667,-2.6833,0.8169
10-Apr-1981,0,2.763,10.9944,-1.4556,0.9485
11-Apr-1981,0,2.806,10.0111,-2.4,0.9028
12-Apr-1981,0,2.848,12.2444,-5.8556,0.8679
13-Apr-1981,0.01,2.891,13.9556,-4.4778,0.9055
14-Apr-1981,0.02,2.934,16.55,-2.5944,1.005
15-Apr-1981,0,2.977,15.9444,-1.0611,1.2119
16-Apr-1981,0,3.019,15.7944,-0.6722,1.4886
17-Apr-1981,0,3.062,15.35,0.2056,1.5074
18-Apr-1981,14.88,3.104,12.3056,1.2833,1.5047
19-Apr-1981,6.72,3.147,6.2278,-0.0778,1.3704
20-Apr-1981,0.12,3.189,10.2833,-3.4222,1.0963
21-Apr-1981,0,3.232,13.3056,-1.0333,1.1339
22-Apr-1981,0,3.274,16.8722,0.6111,1.6257
23-Apr-1981,0.01,3.316,19.4722,1.9111,2.284
24-Apr-1981,0,3.358,17.2111,4.5278,2.9289
25-Apr-1981,2.6,3.4,13.6778,3.7667,2.7677
26-Apr-1981,2.11,3.442,9.65,0.5778,2.2813
27-Apr-1981,0.63,3.483,13.7222,-2.4944,1.666
28-Apr-1981,0,3.525,19.6444,-0.6389,1.7009
29-Apr-1981,0,3.566,22.9944,3.4444,2.3538
30-Apr-1981,0,3.607,24.1,5.2833,2.9289
01-May-1981,0,3.648,20.8556,3.1722,3.1976
02-May-1981,0,3.689,17.1389,3.1389,3.0632
03-May-1981,0,3.729,13.9722,-3.4222,2.4586
04-May-1981,0,3.769,13.5667,-2.2167,2.1013
05-May-1981,0,3.809,11.7389,-0.6278,1.9159
06-May-1981,0,3.848,11.0389,-2.6889,1.7063
07-May-1981,0,3.888,13.4833,-4.5833,1.5773
08-May-1981,0,3.927,15.6167,-2.9222,1.5424
09-May-1981,0,3.965,18.4056,-1.0722,1.7116
10-May-1981,0,4.004,18.6611,-0.5889,1.9642
11-May-1981,0,4.042,17.9444,-0.1833,2.0798
12-May-1981,0,4.08,17.5,0.7444,2.0422
13-May-1981,0.58,4.117,17.8333,0.1944,2.0905
14-May-1981,0.64,4.154,14.7778,2.9444,2.3028
15-May-1981,2.76,4.191,9.7889,1.2944,1.9723
16-May-1981,0.23,4.227,8.9722,-2.9444,1.5021
17-May-1981,0.17,4.263,11.7,-2.7222,1.3086
18-May-1981,21.1,4.298,9.35,2.2611,1.4752
19-May-1981,2.71,4.333,7.8111,1.0167,1.6069
20-May-1981,0.12,4.368,8.1444,-2.7,1.322
21-May-1981,0.01,4.402,12.0722,-0.8722,1.1796
22-May-1981,0.1,4.436,14.9278,0.7111,1.2092
23-May-1981,0.03,4.469,16.7778,3.4111,1.2548
24-May-1981,1.67,4.502,16.6222,6.4111,1.4832
25-May-1981,3.44,4.535,13.6944,6.7944,1.8164
26-May-1981,14.41,4.566,12.7722,4.3722,1.8406
27-May-1981,1.32,4.598,16.6778,3.4556,1.9051
28-May-1981,0.09,4.629,19.7778,2.8056,1.8675
29-May-1981,0.99,4.659,21.4611,3.8056,1.8138
30-May-1981,0,4.689,20.5389,4.3333,1.9293
31-May-1981,0,4.718,21.0167,3.4667,1.9589
01-Jun-1981,0,4.747,20.3667,4.0444,1.8352
02-Jun-1981,0.01,4.775,18.8833,6.5944,1.9105
03-Jun-1981,0,4.803,20.3778,2.6944,1.7251
04-Jun-1981,0,4.83,23.8333,5.2278,1.6525
05-Jun-1981,0,4.857,24.3778,6.7889,1.7439
06-Jun-1981,0,4.883,22.1167,7.6222,1.8299
07-Jun-1981,0,4.908,19.95,8.0778,1.6767
08-Jun-1981,0,4.933,19.6333,8.1889,1.5854
09-Jun-1981,0,4.957,20.2556,7.8389,1.5665
10-Jun-1981,0,4.981,19.4722,5.7889,1.4134
11-Jun-1981,0.03,5.004,17.4667,3.5778,1.2307
12-Jun-1981,0,5.026,14.9056,4.1222,1.1097
13-Jun-1981,0,5.048,12.8778,-4.1833,0.962
14-Jun-1981,0,5.069,14.8722,-2.4056,0.8599
15-Jun-1981,0,5.089,19.6444,-0.9889,0.7739
16-Jun-1981,0,5.109,22.3278,4.0889,0.7013
17-Jun-1981,0,5.128,22.6944,4.4722,0.6933
18-Jun-1981,0,5.147,23.8,5.6111,0.6503
19-Jun-1981,0,5.165,25.4889,7.4833,0.6207
20-Jun-1981,0,5.182,26.0444,7.65,0.6126
21-Jun-1981,0,5.198,26.1889,7.4389,0.5885
22-Jun-1981,0,5.214,27.1278,8.2833,0.5482
23-Jun-1981,0,5.229,26.6389,7.7167,0.5132
24-Jun-1981,0,5.244,26.4278,7.55,0.4944
25-Jun-1981,0,5.258,26.1444,10.6,0.4971
26-Jun-1981,0,5.271,26.9278,8.6889,0.4595
27-Jun-1981,0,5.283,26.5444,8.7722,0.4111
28-Jun-1981,0.02,5.295,26.2722,9.0333,0.3842
29-Jun-1981,0,5.306,26.5389,8.8556,0.3762
30-Jun-1981,2,5.316,25.0556,9.5333,0.3896
01-Jul-1981,0.03,5.325,24.75,7.7889,0.4031
02-Jul-1981,0,5.334,25.7389,9.0556,0.3869
03-Jul-1981,0,5.342,27.2944,9.1556,0.3977
04-Jul-1981,0,5.35,27.5667,10.0833,0.3708
05-Jul-1981,0.56,5.356,25.0611,11.3611,0.3601
06-Jul-1981,0.23,5.362,23.35,10.3556,0.3439
07-Jul-1981,0,5.367,22.8278,7.7667,0.3144
08-Jul-1981,0,5.372,23.8167,5.2444,0.2848
09-Jul-1981,0,5.376,24.05,5.7333,0.2687
10-Jul-1981,0,5.379,22.7556,7.6222,0.258
11-Jul-1981,0,5.381,22.1611,4.8778,0.2526
12-Jul-1981,0,5.382,22.4778,4.8667,0.258
13-Jul-1981,0,5.383,23.8444,2.6333,0.2956
14-Jul-1981,0,5.383,26.6167,4.3278,0.2956
15-Jul-1981,0,5.383,27.5333,7.3556,0.3009
16-Jul-1981,0,5.381,26.9,8.9,0.3009
17-Jul-1981,0,5.379,26.1278,7.5167,0.2821
18-Jul-1981,0,5.376,26.5056,4.7333,0.2714
19-Jul-1981,0,5.373,27.6167,4.8278,0.2445
20-Jul-1981,0,5.368,27.4333,6.5389,0.223
21-Jul-1981,0,5.363,27.6889,6.2333,0.2096
22-Jul-1981,0,5.358,27.6056,6.5667,0.2257
23-Jul-1981,0,5.351,27.7944,7.3056,0.2203
24-Jul-1981,0,5.344,26.8167,6.6667,0.2015
25-Jul-1981,0,5.336,26.1167,6.1889,0.2042
26-Jul-1981,0,5.327,26.2111,7.1778,0.2069
27-Jul-1981,0,5.318,27.7556,7.8722,0.2015
28-Jul-1981,0,5.308,27.5278,7.6778,0.1908
29-Jul-1981,0,5.297,26.4722,7.2667,0.1451
30-Jul-1981,0,5.286,25.0444,4.9778,0.137
31-Jul-1981,0,5.273,25.0611,5.6222,0.1344
01-Aug-1981,0,5.26,25.05,5.4833,0.1317
02-Aug-1981,0,5.247,24.4556,3.7778,0.1935
03-Aug-1981,0,5.232,24.5556,3.3611,0.1988
04-Aug-1981,0,5.217,25.9444,4.2056,0.1935
05-Aug-1981,0,5.202,28.0111,4.4,0.2177
06-Aug-1981,0,5.185,30.1222,6.6056,0.223
07-Aug-1981,0,5.168,31.0667,9.6667,0.2311
08-Aug-1981,0,5.151,31.3333,9.5944,0.2203
09-Aug-1981,0.07,5.132,31.3778,10.1889,0.215
10-Aug-1981,0.01,5.113,28.6278,10.9778,0.2096
11-Aug-1981,0,5.094,27.8333,8.9778,0.2177
12-Aug-1981,0,5.073,27.9389,8.4278,0.223
13-Aug-1981,0.08,5.052,27.2,9.05,0.2284
14-Aug-1981,0,5.031,26.6556,8.6944,0.2526
15-Aug-1981,0,5.009,26.6611,8.5667,0.2257
16-Aug-1981,0.01,4.986,27.4722,8.5167,0.2177
17-Aug-1981,0.05,4.962,26.4444,10.7111,0.2096
18-Aug-1981,0.35,4.938,25.5833,9.3556,0.2311
19-Aug-1981,0.18,4.913,24.0778,8.4611,0.2177
20-Aug-1981,0,4.888,24.0278,5.3222,0.1988
21-Aug-1981,0,4.862,24.9444,3.9056,0.1881
22-Aug-1981,0,4.836,25.9722,5.15,0.1773
23-Aug-1981,0,4.809,26.1722,5.8389,0.1693
24-Aug-1981,0.01,4.781,25.7167,6.9778,0.172
25-Aug-1981,0,4.753,26.5778,7.0333,0.137
26-Aug-1981,0,4.724,27.2444,8.3278,0.1263
27-Aug-1981,0.02,4.695,28.3611,8.3,0.129
28-Aug-1981,0.02,4.665,27.9722,9.6889,0.129
29-Aug-1981,0,4.635,27.1222,8.5333,0.1236
30-Aug-1981,0,4.604,25.8667,9.4778,0.1344
31-Aug-1981,0,4.573,25.2833,6.6222,0.1344
01-Sep-1981,0,4.541,26.1667,7.1611,0.1397
02-Sep-1981,0,4.509,25.2556,6.9333,0.129
03-Sep-1981,0,4.476,25.45,6.5889,0.1236
04-Sep-1981,0,4.443,25.1667,6.1556,0.1236
05-Sep-1981,0,4.409,24.8389,5.6944,0.1344
06-Sep-1981,0,4.375,23.7556,5.4611,0.137
07-Sep-1981,0,4.341,24.2611,5.45,0.1397
08-Sep-1981,0.02,4.306,23.8222,7.7556,0.1532
09-Sep-1981,0,4.27,25.4833,9.0222,0.1612
10-Sep-1981,0,4.235,26.6778,8.3,0.1585
11-Sep-1981,0.19,4.198,26.6167,8.6,0.1182
12-Sep-1981,0.97,4.162,24.8722,9.6611,0.1129
13-Sep-1981,0.47,4.125,24.5056,9.45,0.1209
14-Sep-1981,0.05,4.088,25.2111,8.1556,0.1344
15-Sep-1981,0.05,4.05,26,8.1111,0.1236
16-Sep-1981,0.04,4.012,26.25,8.2444,0.1155
17-Sep-1981,0.14,3.974,24.8167,8.2611,0.1129
18-Sep-1981,0,3.935,25.1,7.0556,0.1209
19-Sep-1981,0,3.896,23.9056,10.1611,0.1048
20-Sep-1981,0,3.857,22.7889,7.2889,0.0887
21-Sep-1981,0,3.817,21.5944,3.9889,0.0833
22-Sep-1981,0,3.777,21.4889,2.4167,0.0833
23-Sep-1981,0,3.737,19.4333,1.7667,0.086
24-Sep-1981,4.59,3.697,17.3333,2.6056,0.0833
25-Sep-1981,3.67,3.656,16.1278,3.5444,0.1075
26-Sep-1981,0.03,3.616,19.3278,2.1278,0.1397
27-Sep-1981,0,3.575,19.0111,3.6444,0.1209
28-Sep-1981,0,3.534,17.0278,4.4833,0.1075
29-Sep-1981,0,3.492,15.5056,4.4778,0.1236
30-Sep-1981,0,3.451,17.0444,0.9,0.1263
01-Oct-1981,0.64,3.409,16.7944,1.2444,0.1317
02-Oct-1981,1.04,3.367,16.1889,3.1556,0.137
03-Oct-1981,1.21,3.325,13.1278,4.7111,0.1532
04-Oct-1981,0.01,3.283,12.6222,-2.7778,0.1747
05-Oct-1981,0.08,3.241,15.1944,-1.8333,0.1747
06-Oct-1981,2.34,3.198,16.55,0.0111,0.1505
07-Oct-1981,8.47,3.156,11.8111,2.8111,0.129
08-Oct-1981,0.06,3.113,10.3611,-3.2278,0.1585
09-Oct-1981,0.01,3.071,13.2333,-1.6778,0.1397
10-Oct-1981,12.94,3.028,9.95,2.6111,0.1505
11-Oct-1981,3.17,2.986,5.0278,0.25,0.2096
12-Oct-1981,2.81,2.943,3.45,-5.5833,0.172
13-Oct-1981,6.38,2.9,2.5,-4.7722,0.1612
14-Oct-1981,0.05,2.857,3.8389,-4.0889,0.1639
15-Oct-1981,0,2.815,5.2778,-3.75,0.1558
16-Oct-1981,0.02,2.772,9.2556,-5.2556,0.1532
17-Oct-1981,0,2.729,13.75,-3.5222,0.1451
18-Oct-1981,0.03,2.687,15.3556,-1.6389,0.1505
19-Oct-1981,0,2.644,16.3667,-1.05,0.1558
20-Oct-1981,0,2.602,16.7944,-0.9167,0.1532
21-Oct-1981,0,2.56,16.3556,-1.0056,0.1478
22-Oct-1981,0,2.517,16.3,-1.9111,0.1451
23-Oct-1981,0,2.475,16.0333,-1.4444,0.137
24-Oct-1981,0,2.433,15.5556,-0.7278,0.137
25-Oct-1981,0,2.391,16.55,0.1722,0.137
26-Oct-1981,0.86,2.349,14.3222,3.0333,0.1344
27-Oct-1981,8.24,2.308,10.1778,2.0056,0.1317
28-Oct-1981,51.04,2.266,5.5444,0.1222,0.3198
29-Oct-1981,6.81,2.225,3.1,-3.0833,0.2768
30-Oct-1981,0.08,2.184,6.2833,-6.6056,0.1962
31-Oct-1981,0,2.143,9.6278,-4.1222,0.2042
01-Nov-1981,0,2.103,13.1611,-3.5278,0.2096
02-Nov-1981,0,2.062,14.1944,-2.6444,0.215
03-Nov-1981,0,2.022,14.4833,-2.5444,0.2177
04-Nov-1981,0.1,1.982,13.5944,-2.1111,0.2177
05-Nov-1981,0.3,1.943,12.3722,-1.6444,0.2069
06-Nov-1981,1.55,1.904,10.7444,-0.5667,0.2069
07-Nov-1981,0.02,1.865,11.4,-2.1722,0.2015
08-Nov-1981,0,1.826,11.9444,-3.3833,0.1962
09-Nov-1981,0.01,1.787,11.5778,-2.4722,0.1854
10-Nov-1981,0.18,1.749,10.0111,-0.85,0.1854
11-Nov-1981,0,1.712,10.4278,-2.6722,0.1854
12-Nov-1981,40.84,1.674,8.1278,-0.0833,0.1854
13-Nov-1981,81.45,1.637,5.1389,0.4556,1.4886
14-Nov-1981,17.41,1.601,5.2111,0.0556,2.9289
15-Nov-1981,5.93,1.564,8.0778,0.0278,1.0345
16-Nov-1981,1.42,1.528,9.95,1.85,1.0721
17-Nov-1981,36.18,1.493,7.7222,-1.8556,1.2495
18-Nov-1981,0.07,1.458,3.8778,-8.3278,0.8169
19-Nov-1981,0,1.423,7.2333,-5.9389,0.6771
20-Nov-1981,0.11,1.389,8.8778,-3.5,0.5965
21-Nov-1981,29.03,1.355,7.9278,-1.4222,0.5589
22-Nov-1981,5.52,1.322,7.5722,0.2222,1.2092
23-Nov-1981,10.52,1.289,7.1111,2.7667,1.6283
24-Nov-1981,17.03,1.257,4.6222,-1.6111,1.9642
25-Nov-1981,0.03,1.225,1.1167,-8.9444,1.2226
26-Nov-1981,6.36,1.193,-0.9889,-7.6444,0.9512
27-Nov-1981,1.65,1.163,-3.5111,-9.4278,0.8276
28-Nov-1981,5.22,1.132,-2.5333,-7.8722,0.7766
29-Nov-1981,0.08,1.102,0.9556,-9.6278,0.6959
30-Nov-1981,0,1.073,2.9611,-9.4833,0.6126
01-Dec-1981,0,1.044,6.5722,-7.3167,0.618
02-Dec-1981,0,1.016,8.9556,-5.9444,0.6126
03-Dec-1981,0,0.988,7.3722,-7.2722,0.5589
04-Dec-1981,0,0.961,8.8389,-4.7889,0.5562
05-Dec-1981,0,0.935,11.1389,-3.3389,0.5347
06-Dec-1981,0,0.909,10.8667,-1.1111,0.5105
07-Dec-1981,0,0.883,11.2056,-2.2944,0.4837
08-Dec-1981,0.81,0.858,10.6611,-4.9889,0.4675
09-Dec-1981,2.81,0.834,10.7389,-3.5722,0.4837
10-Dec-1981,0.57,0.811,8.6556,-2.1444,0.5159
11-Dec-1981,1.23,0.788,5.4333,-6.4,0.4702
12-Dec-1981,8.72,0.765,4.6944,-6.6833,0.4541
13-Dec-1981,1.3,0.743,5.9556,-3.2833,0.4702
14-Dec-1981,0.56,0.722,8.95,-1.7944,0.4864
15-Dec-1981,2.13,0.702,8.0722,-0.4111,0.481
16-Dec-1981,0,0.682,6.1778,-5.7556,0.4702
17-Dec-1981,0.77,0.663,6.5778,-6.3389,0.4326
18-Dec-1981,5.77,0.644,6.3944,-4.4444,0.4514
19-Dec-1981,53.8,0.627,7.7,1.1333,2.7408
20-Dec-1981,40.08,0.609,6.4278,1.2389,7.7655
21-Dec-1981,4.4,0.593,2.8611,-3.0444,3.9499
22-Dec-1981,0.03,0.577,0.2556,-10.2722,2.2571
23-Dec-1981,0,0.562,0.4611,-8.5111,1.7439
24-Dec-1981,0,0.547,3.35,-7.5278,1.4456
25-Dec-1981,0.44,0.534,5.5,-3.8056,1.3032
26-Dec-1981,2.84,0.521,5.95,-4.0833,1.1581
27-Dec-1981,2,0.508,4.0278,-1.9167,1.0721
28-Dec-1981,6.14,0.497,3.5167,-6.05,0.9512
29-Dec-1981,24.23,0.486,3.3222,-4.1333,0.962
30-Dec-1981,9.13,0.475,4.2056,-2.05,1.0426
31-Dec-1981,16.01,0.466,2.1111,-4.1111,0.9163
01-Jan-1982,10.14,0.44,0.0444,-6.8222,0.8088
02-Jan-1982,6.95,0.442,-3.1889,-8.5889,0.7739
03-Jan-1982,6.56,0.435,-2.4333,-13.6222,0.7013
04-Jan-1982,89.14,0.429,-0.4944,-8.8556,0.7497
05-Jan-1982,31.06,0.424,1.0278,-4.6,0.653
06-Jan-1982,0.25,0.419,-2.0722,-12.0333,0.618
07-Jan-1982,1.35,0.416,-4.2056,-12.7444,0.5643
08-Jan-1982,0.37,0.413,-1.5778,-12.6556,0.5374
09-Jan-1982,0.3,0.41,1.2889,-11.7167,0.524
10-Jan-1982,0,0.409,1.7222,-10.3611,0.5105
11-Jan-1982,0.67,0.408,2.5944,-9.0056,0.524
12-Jan-1982,0.98,0.408,2.7833,-10.5556,0.5374
13-Jan-1982,0,0.409,2.2778,-10.4056,0.5643
14-Jan-1982,0,0.41,4.0278,-9.8722,0.5777
15-Jan-1982,0,0.412,4.5833,-8.8944,0.5911
16-Jan-1982,0,0.415,6.5722,-8.7611,0.6046
17-Jan-1982,0.85,0.419,6.0722,-7.1889,0.6261
18-Jan-1982,7.36,0.423,2.8944,-5.4278,0.6073
19-Jan-1982,6.01,0.428,-1.0556,-9.2889,0.5885
20-Jan-1982,20.55,0.434,-3.1389,-9.2056,0.5697
21-Jan-1982,5.53,0.44,-2.4444,-10.0333,0.5589
22-Jan-1982,0.07,0.447,-1.2333,-14.0278,0.5374
23-Jan-1982,0.01,0.455,3.2778,-12.1222,0.5455
24-Jan-1982,0.08,0.464,6.5111,-6.9,0.5508
25-Jan-1982,0.56,0.473,9.4944,-5.3611,0.5589
26-Jan-1982,17.67,0.483,6.6667,-3.0611,0.7094
27-Jan-1982,1.16,0.494,3.9111,-8.95,0.6368
28-Jan-1982,4.84,0.506,2.9889,-7.2889,0.6368
29-Jan-1982,0.85,0.518,2.8111,-8.9056,0.5858
30-Jan-1982,0.23,0.531,4.3833,-8.9222,0.5213
31-Jan-1982,0,0.545,5.9333,-8.85,0.5293
01-Feb-1982,0,0.559,3.8333,-9.5667,0.5293
02-Feb-1982,0,0.574,5.3111,-8.6278,0.5186
03-Feb-1982,0.51,0.589,4.4889,-8.0333,0.5293
04-Feb-1982,0.57,0.606,0.5944,-9.35,0.5186
05-Feb-1982,0,0.623,-1.0944,-13.2611,0.446
06-Feb-1982,0,0.641,0.8556,-13.6278,0.4675
07-Feb-1982,0.73,0.659,1.75,-12.4722,0.5159
08-Feb-1982,1.91,0.678,1.0444,-9.2389,0.5052
09-Feb-1982,0.34,0.698,0.5944,-8.7889,0.4568
10-Feb-1982,0,0.718,1.6833,-10.4556,0.4353
11-Feb-1982,0,0.739,4.1611,-10.8222,0.4353
12-Feb-1982,0.95,0.761,6.4333,-10.1333,0.4246
13-Feb-1982,10.51,0.783,6.8056,-5.5,0.4837
14-Feb-1982,17.34,0.806,6.3222,-0.0778,2.026
15-Feb-1982,51.1,0.829,6.4222,1.05,5.4816
16-Feb-1982,10.8,0.853,7.1667,1.1889,12.7366
17-Feb-1982,0.71,0.878,7.7333,-2.0667,6.8788
18-Feb-1982,0,0.903,8.8,-5.7333,4.353
19-Feb-1982,0,0.929,12.2889,-3.4056,3.3588
20-Feb-1982,0,0.955,14.6333,-0.95,2.9557
21-Feb-1982,0,0.982,13.7722,-0.6611,2.8483
22-Feb-1982,0.01,1.01,10.9722,0.4667,2.9289
23-Feb-1982,1.06,1.038,8.2056,-6.4278,2.8214
24-Feb-1982,0,1.067,8.1,-7.3833,2.4801
25-Feb-1982,0,1.096,8.3111,-6.1278,2.2034
26-Feb-1982,0.09,1.126,7.3667,-4.8111,1.9642
27-Feb-1982,0.07,1.156,8.1778,-3.0556,1.7412
28-Feb-1982,0.97,1.187,8.85,-3.7556,1.5907
01-Mar-1982,12.38,1.218,6.1111,-2.3278,1.4886
02-Mar-1982,22.16,1.25,2.2111,-3.3389,1.5128
03-Mar-1982,3.16,1.282,1.3833,-5.85,1.4403
04-Mar-1982,0,1.315,2.9944,-7.4278,1.3408
05-Mar-1982,0,1.348,4.1833,-9.9833,1.2522
06-Mar-1982,0.02,1.382,6.0333,-10.4444,1.1715
07-Mar-1982,0.43,1.416,6.45,-5.7611,1.1286
08-Mar-1982,0.42,1.451,8.6389,-4.1,1.0936
09-Mar-1982,0.75,1.486,8.9333,-4.75,1.0641
10-Mar-1982,12.65,1.521,8.5,-0.9111,1.0426
11-Mar-1982,10.12,1.557,6.0222,-0.1167,1.2172
12-Mar-1982,0.26,1.593,7.2389,-5.05,1.3193
13-Mar-1982,0.83,1.629,8.3833,-5.3444,1.2575
14-Mar-1982,7.69,1.666,5.1,-2.2222,1.2172
15-Mar-1982,1.77,1.704,1.8167,-4.6111,1.1823
16-Mar-1982,4.64,1.741,-0.0722,-7.0278,1.1124
17-Mar-1982,9.92,1.779,-1.1722,-7.7056,1.056
18-Mar-1982,3.16,1.818,-0.4389,-9.1944,1.013
19-Mar-1982,0.07,1.856,0.5167,-7.9722,0.9646
20-Mar-1982,0.03,1.895,2.6389,-11.0278,0.919
21-Mar-1982,0,1.935,4.4389,-9.1111,0.8813
22-Mar-1982,0,1.974,5.7056,-8.55,0.8518
23-Mar-1982,0.14,2.014,8.1667,-7.6222,0.8222
24-Mar-1982,0.23,2.054,9.8889,-6.2167,0.8061
25-Mar-1982,0.18,2.094,8.1722,-2.9667,0.7954
26-Mar-1982,2.55,2.135,5.8167,-1.6889,0.7954
27-Mar-1982,5.36,2.176,6.4778,-2.9111,0.7927
28-Mar-1982,12.12,2.217,1.9389,-4.3,0.7954
29-Mar-1982,15,2.258,-2.3722,-8.45,0.8034
30-Mar-1982,20.78,2.299,-1.1722,-7.1444,0.7685
31-Mar-1982,34.26,2.341,-1.0333,-5.9222,0.7416
01-Apr-1982,8.93,2.382,-0.6389,-8.4111,0.7389
02-Apr-1982,2.68,2.424,1.3556,-7.9389,0.7443
03-Apr-1982,10.53,2.466,2.3667,-4.1,0.7739
04-Apr-1982,6.95,2.508,1.8,-6.5444,0.8222
05-Apr-1982,0.46,2.551,2.8611,-7.3222,0.8249
06-Apr-1982,6.33,2.593,1.5111,-8.0944,0.8384
07-Apr-1982,0.09,2.635,1.9444,-9.8333,0.8142
08-Apr-1982,1.41,2.678,5.1778,-8.5556,0.79
09-Apr-1982,0.37,2.72,8.3833,-7.4389,0.7954
10-Apr-1982,54.64,2.763,9.1,-3.0056,1.1366
11-Apr-1982,43.45,2.806,7.0667,0.6167,12.656
12-Apr-1982,0.76,2.848,6.4722,-0.4778,9.324
13-Apr-1982,0.69,2.891,6.6833,-1.7056,5.5353
14-Apr-1982,0.41,2.934,6.6278,-1.7222,4.2455
15-Apr-1982,0,2.977,7.3167,-4.2389,3.5738
16-Apr-1982,0,3.019,8.4667,-6.35,3.1438
17-Apr-1982,0,3.062,11.1556,-5.3389,2.902
18-Apr-1982,0.57,3.104,11.7278,-4.1056,2.902
19-Apr-1982,0,3.147,11.4056,-3.7,2.9557
20-Apr-1982,0,3.189,10.4889,-4.0056,2.902
21-Apr-1982,0,3.232,12.2722,-5.4333,2.7677
22-Apr-1982,0,3.274,14.3889,-4.3,2.687
23-Apr-1982,0,3.316,15.25,-2.1056,2.8214
24-Apr-1982,0.88,3.358,14.1389,-1.1278,3.1707
25-Apr-1982,0,3.4,13.6,-0.9556,3.2782
26-Apr-1982,2.89,3.442,13.75,1.0778,3.2244
27-Apr-1982,0,3.483,15.4944,-1.2833,3.2782
28-Apr-1982,0,3.525,15.9056,-0.8111,3.5738
29-Apr-1982,0,3.566,14.2778,-1.1944,3.9231
30-Apr-1982,0,3.607,15.9944,-1.2667,3.7081
01-May-1982,0,3.648,16.2444,-0.5833,4.2187
02-May-1982,0,3.689,16.65,0.5611,4.7561
03-May-1982,0,3.729,16.8056,0.6889,5.2397
04-May-1982,0,3.769,15.7722,1.1389,5.6965
05-May-1982,0,3.809,15.2722,-1.25,5.3741
06-May-1982,0,3.848,16.5556,-0.9389,4.8635
07-May-1982,0,3.888,16.7833,1.4333,4.8098
08-May-1982,0.13,3.927,13.1,0.05,5.0785
09-May-1982,4.76,3.965,6.7667,-1.7944,4.7829
10-May-1982,3.99,4.004,5.5889,-4.7056,4.0306
11-May-1982,0.32,4.042,8.3556,-4.8889,3.4932
12-May-1982,0.04,4.08,12.3833,-2.4833,3.1707
13-May-1982,0.09,4.117,14.2889,-1.1944,3.2513
14-May-1982,1.2,4.154,14.3611,0.8,3.6006
15-May-1982,0.11,4.191,14.9778,0.9222,3.7081
16-May-1982,0.01,4.227,16.4889,0.5278,4.0037
17-May-1982,0.26,4.263,15.1278,1.3056,4.4336
18-May-1982,0.15,4.298,12.6389,-1.3444,4.9173
19-May-1982,0,4.333,14.7833,-2.2056,4.6755
20-May-1982,0,4.368,17.8056,-0.4667,4.5948
21-May-1982,0,4.402,18.7333,2.3667,4.9442
22-May-1982,0,4.436,19.3556,3.0667,5.3203
23-May-1982,0.28,4.469,20.4167,3.9611,5.6965
24-May-1982,0,4.502,20.8111,5.8444,6.0727
25-May-1982,0,4.535,21.6944,4.3833,6.1533
26-May-1982,0,4.566,19.8667,5.6333,6.5295
27-May-1982,0,4.598,17.1667,5.0889,7.255
28-May-1982,0,4.629,14.4611,-2.0667,7.1207
29-May-1982,0,4.659,13.9611,-0.8278,5.9384
30-May-1982,0,4.689,14.8556,-1.2056,5.1591
31-May-1982,0,4.718,14.5,-0.5444,4.8635
01-Jun-1982,0,4.747,14.2778,-1.9111,4.6486
02-Jun-1982,0,4.775,14.5444,-1.9222,4.4605
03-Jun-1982,0,4.803,13.6111,-2.6944,4.3261
04-Jun-1982,0.06,4.83,12.55,-0.5889,4.0843
05-Jun-1982,1.55,4.857,11.0833,-3.6944,3.7619
06-Jun-1982,0.02,4.883,12.7889,-3.4333,3.4394
07-Jun-1982,0,4.908,14.8056,-2.0667,3.3051
08-Jun-1982,0,4.933,17,-0.5611,3.3319
09-Jun-1982,0,4.957,20.0667,0.5944,3.4932
10-Jun-1982,0,4.981,21.1278,2.8333,3.8156
11-Jun-1982,0.01,5.004,19.9056,4.6944,4.2187
12-Jun-1982,0,5.026,16.7556,5.3389,4.4605
13-Jun-1982,0,5.048,16.2944,1.4667,4.4336
14-Jun-1982,0,5.069,19.5333,3.6278,4.1918
15-Jun-1982,0.05,5.089,22.4444,4.6167,4.3799
16-Jun-1982,2.73,5.109,23.7444,6.8,4.7561
17-Jun-1982,4.8,5.128,22.1556,8.1611,5.1591
18-Jun-1982,15.79,5.147,21.0333,6.6444,5.3203
19-Jun-1982,0.81,5.165,19.6389,6.1444,5.589
20-Jun-1982,0.6,5.182,20.5111,5.5833,5.2935
21-Jun-1982,1.11,5.198,21.0889,5.1111,5.0516
22-Jun-1982,0.2,5.214,21.0667,5.0167,4.8635
23-Jun-1982,0.87,5.229,20.7111,4.9111,4.7561
24-Jun-1982,0.88,5.244,19.6222,5.4778,4.7292
25-Jun-1982,0,5.258,19.6722,4.0833,4.4336
26-Jun-1982,0,5.271,19.75,4.7056,4.2724
27-Jun-1982,1.4,5.283,18.1944,6.2333,4.353
28-Jun-1982,3.53,5.295,15.2444,7.4389,4.4336
29-Jun-1982,11.43,5.306,11.8833,3.9111,4.5411
30-Jun-1982,7.92,5.316,11.8278,3.3167,4.0843
01-Jul-1982,0.51,5.325,15.8111,4.6444,3.0901
02-Jul-1982,0,5.334,17.2722,4.7889,2.8483
03-Jul-1982,0,5.342,16.3889,5.1111,2.8483
04-Jul-1982,0,5.35,16.4444,5.4,2.8214
05-Jul-1982,0,5.356,18.6889,3.0444,2.6655
06-Jul-1982,0.25,5.362,19.8722,3.9278,2.4828
07-Jul-1982,0,5.367,19.4389,7.0167,2.4989
08-Jul-1982,0,5.372,19.9,7.75,2.4721
09-Jul-1982,0,5.376,21.75,4.2833,2.3915
10-Jul-1982,0,5.379,23.3167,5.9556,2.3646
11-Jul-1982,0,5.381,24.8,7.0222,2.4183
12-Jul-1982,0,5.382,24.9667,8.3778,2.4721
13-Jul-1982,0,5.383,24.5889,8.0611,2.4452
14-Jul-1982,0,5.383,24.5167,7.8222,2.3646
15-Jul-1982,0,5.383,23.5056,6.9722,2.2571
16-Jul-1982,0,5.381,22.2278,6.6611,2.2302
17-Jul-1982,0,5.379,23.0611,5.2111,2.0959
18-Jul-1982,0,5.376,24.3111,6.2556,1.9078
19-Jul-1982,0,5.373,24.8444,7.5833,1.8138
20-Jul-1982,0,5.368,25.2167,7.8778,1.7734
21-Jul-1982,0,5.363,25.6556,8.55,1.7331
22-Jul-1982,0,5.358,25.2556,8.4111,1.7197
23-Jul-1982,0,5.351,25.1056,11.2556,1.666
24-Jul-1982,0.58,5.344,25.0167,10.9667,1.5854
25-Jul-1982,0.03,5.336,24.5222,9.7667,1.5585
26-Jul-1982,0.24,5.327,24.7944,9.5222,1.7734
27-Jul-1982,1.79,5.318,24.7778,10.6111,1.6928
28-Jul-1982,0,5.308,25.75,9.8389,1.6848
29-Jul-1982,0.12,5.297,27.2833,9.7167,1.5934
30-Jul-1982,0,5.286,27.95,9.9,1.4913
31-Jul-1982,0,5.273,26.9944,8.3611,1.3785
01-Aug-1982,0,5.26,24.6167,9.7944,1.271
02-Aug-1982,0,5.247,22.7,5.2,1.1474
03-Aug-1982,0,5.232,21.8944,5.7722,1.0399
04-Aug-1982,0,5.217,23.2889,6.3167,0.9673
05-Aug-1982,0,5.202,24.3833,6.3556,0.9163
06-Aug-1982,0.15,5.185,25.3889,7.8556,0.8706
07-Aug-1982,2.46,5.168,23.6333,10.7722,0.833
08-Aug-1982,0.03,5.151,23.1444,8.5056,0.9136
09-Aug-1982,0,5.132,23.6056,8.1,0.8921
10-Aug-1982,0,5.113,22.9833,5.9167,0.8303
11-Aug-1982,0,5.094,22.6944,7.2611,0.7685
12-Aug-1982,0,5.073,23.5056,5.8778,0.7094
13-Aug-1982,0,5.052,23.7611,7.0111,0.6691
14-Aug-1982,0,5.031,23.2833,6.3944,0.6315
15-Aug-1982,0,5.009,23.2944,6.5389,0.6153
16-Aug-1982,0,4.986,24.2111,7.1611,0.5858
17-Aug-1982,0,4.962,25.0889,7.0167,0.5562
18-Aug-1982,0.08,4.938,25.1556,9.2222,0.5374
19-Aug-1982,0.66,4.913,24.5222,8.7611,0.5347
20-Aug-1982,0.52,4.888,25.95,9.6278,0.5858
21-Aug-1982,1.07,4.862,27.3944,10.8278,0.5535
22-Aug-1982,0.75,4.836,26.7,11.2389,0.5508
23-Aug-1982,0.56,4.809,25.1222,13.0222,0.5697
24-Aug-1982,0.01,4.781,25.1389,10.4833,0.5697
25-Aug-1982,0.04,4.753,25.4111,9.4278,0.575
26-Aug-1982,0.28,4.724,24.7167,9.7667,0.5347
27-Aug-1982,0.19,4.695,23.8444,7.5056,0.4864
28-Aug-1982,0.38,4.665,21.8167,9.0333,0.4622
29-Aug-1982,0.05,4.635,20.15,8.7278,0.4917
30-Aug-1982,0,4.604,20.9278,5.3278,0.4917
31-Aug-1982,0,4.573,22.6889,4.2667,0.4864
01-Sep-1982,0,4.541,24.4056,5.9333,0.489
02-Sep-1982,0,4.509,25.2,7.5333,0.4487
03-Sep-1982,0,4.476,24.2167,9.0333,0.4487
04-Sep-1982,0,4.443,23.6167,6.2944,0.4487
05-Sep-1982,0,4.409,25.0056,6.4667,0.4326
06-Sep-1982,0.06,4.375,24.1611,9.25,0.4246
07-Sep-1982,0.19,4.341,25.0667,7.9111,0.4165
08-Sep-1982,0,4.306,25.4778,7.8333,0.4031
09-Sep-1982,0.13,4.27,23.2778,7.7556,0.3896
10-Sep-1982,0.68,4.235,20.9556,6.8111,0.3735
11-Sep-1982,0.01,4.198,18.6833,0.4556,0.395
12-Sep-1982,0,4.162,18.3944,1.9556,0.3816
13-Sep-1982,0,4.125,17.1167,4.4667,0.3735
14-Sep-1982,0.34,4.088,15.45,1.2111,0.3896
15-Sep-1982,15.3,4.05,10.9056,1.8333,0.4111
16-Sep-1982,11.56,4.012,8.8389,1.0667,0.5589
17-Sep-1982,0.46,3.974,11.0111,2.7889,0.5428
18-Sep-1982,3.37,3.935,12.3556,4.0389,0.481
19-Sep-1982,1.68,3.896,12.8722,4.8556,0.4568
20-Sep-1982,0.02,3.857,16.3278,1.2278,0.4111
21-Sep-1982,0,3.817,20.0056,1.2389,0.3816
22-Sep-1982,2.85,3.777,21.9167,3.1056,0.3601
23-Sep-1982,9.28,3.737,20.8944,3.4722,0.3547
24-Sep-1982,28.45,3.697,15.9389,7.2389,0.7416
25-Sep-1982,19.47,3.656,12.9722,9.2611,1.0479
26-Sep-1982,1.06,3.616,12.4667,6.5833,1.7278
27-Sep-1982,2.48,3.575,10.1389,0.9889,0.8599
28-Sep-1982,0.02,3.534,10.4444,-1.7833,0.7201
29-Sep-1982,7.33,3.492,8.7833,-2.3611,0.6771
30-Sep-1982,1.16,3.451,8.4944,-2.2,0.6664
01-Oct-1982,0,3.409,12.1389,-2.3333,0.6664
02-Oct-1982,0,3.367,14.6222,-1.05,0.6153
03-Oct-1982,0,3.325,14.5833,0.9111,0.5697
04-Oct-1982,0,3.283,13.6556,1.3167,0.5132
05-Oct-1982,0.02,3.241,12.9833,-1.6389,0.489
06-Oct-1982,2.12,3.198,13.7889,-1.6167,0.4649
07-Oct-1982,0.17,3.156,12.0611,-2.0056,0.4487
08-Oct-1982,0,3.113,10.4333,-3.8389,0.4541
09-Oct-1982,0,3.071,11.8444,-2.5111,0.4434
10-Oct-1982,0,3.028,12.7333,-1.7,0.4272
11-Oct-1982,0,2.986,14.1111,-2.2889,0.4219
12-Oct-1982,0,2.943,14.6611,-0.5833,0.4219
13-Oct-1982,0,2.9,15.0889,0.2056,0.4111
14-Oct-1982,0.97,2.857,15.9,1.0222,0.4057
15-Oct-1982,0.05,2.815,15.8556,1.3389,0.4192
16-Oct-1982,0,2.772,16.1889,0.5889,0.4031
17-Oct-1982,0,2.729,15.1333,0.9333,0.3842
18-Oct-1982,0,2.687,12.6444,-3.2278,0.3654
19-Oct-1982,0,2.644,10.6667,0.0333,0.3654
20-Oct-1982,0.03,2.602,11.0389,0.7444,0.3654
21-Oct-1982,2.69,2.56,11.6222,1.1167,0.352
22-Oct-1982,2.31,2.517,11.5667,5.0722,0.4649
23-Oct-1982,37.53,2.475,11.5722,4.6611,0.704
24-Oct-1982,42.29,2.433,9.5167,4.4611,1.0883
25-Oct-1982,69.14,2.391,8.6056,3.6778,3.0364
26-Oct-1982,24.92,2.349,6.1556,0.15,4.3799
27-Oct-1982,0.02,2.308,5.5722,-6.0611,1.8487
28-Oct-1982,0.51,2.266,7.8722,-5.05,1.3462
29-Oct-1982,12.36,2.225,9.3222,-0.5222,1.1662
30-Oct-1982,19.59,2.184,7.35,2.0667,2.1631
31-Oct-1982,2.3,2.143,7.9,-0.7222,1.7412
01-Nov-1982,0,2.103,9.3222,-4.3111,1.3704
02-Nov-1982,0,2.062,8.5167,-5.3222,1.1635
03-Nov-1982,0,2.022,10.0389,-5.1333,1.0479
04-Nov-1982,0,1.982,11.2944,-5.0611,0.97
05-Nov-1982,0,1.943,12.3611,-3.8556,0.9055
06-Nov-1982,0,1.904,11.0444,-3.0278,0.8706
07-Nov-1982,0.16,1.865,6.6222,-3.4278,0.8357
08-Nov-1982,8.73,1.826,2.3833,-4.9889,0.7766
09-Nov-1982,8.3,1.787,-1.6,-8.2278,0.7497
10-Nov-1982,9.99,1.749,-0.5444,-7.3,0.7685
11-Nov-1982,0.14,1.712,2.1778,-9.0278,0.6986
12-Nov-1982,0.02,1.674,3,-8.8333,0.6798
13-Nov-1982,0,1.637,4.3889,-8.8889,0.6637
14-Nov-1982,0.01,1.601,5.8556,-8.8222,0.6583
15-Nov-1982,0.02,1.564,6.9167,-7.3889,0.6449
16-Nov-1982,0.79,1.528,7.95,-6.8444,0.6288
17-Nov-1982,4.56,1.493,6.1722,-3.4,0.6395
18-Nov-1982,83.32,1.458,3.0611,-0.8278,2.0341
19-Nov-1982,6.91,1.423,1.5556,-5.2333,1.7305
20-Nov-1982,0.27,1.389,1.4278,-7.4222,1.0291
21-Nov-1982,1.28,1.355,2.8222,-9.7944,0.8787
22-Nov-1982,11.73,1.322,0.9667,-5.8167,0.8652
23-Nov-1982,9.27,1.289,-0.0222,-5.3944,0.8007
24-Nov-1982,0.7,1.257,1.7778,-6.25,0.747
25-Nov-1982,0.02,1.225,2.8333,-6.2389,0.7013
26-Nov-1982,0.06,1.193,2.3611,-5.4389,0.6718
27-Nov-1982,2.09,1.163,4.4056,-5.1167,0.6959
28-Nov-1982,17.7,1.132,3.3278,-2.9167,0.7148
29-Nov-1982,20.17,1.102,1.6611,-2.0056,0.8249
30-Nov-1982,95.01,1.073,-0.1889,-3.8389,0.8599
01-Dec-1982,1.7,1.044,-0.0556,-6.45,0.7604
02-Dec-1982,0.14,1.016,1.0389,-8.5333,0.7604
03-Dec-1982,0.01,0.988,4.4833,-6.6889,0.7927
04-Dec-1982,0,0.961,7.3278,-6.8278,0.7712
05-Dec-1982,0,0.935,5.7944,-6.8167,0.7443
06-Dec-1982,0,0.909,5.4111,-5.8111,0.7282
07-Dec-1982,0.83,0.883,0.35,-7.8444,0.704
08-Dec-1982,0.86,0.858,0.1944,-8.4389,0.6261
09-Dec-1982,0,0.834,1.8611,-9.9667,0.6073
10-Dec-1982,0,0.811,4.8333,-8.3833,0.6556
11-Dec-1982,0.61,0.788,5.25,-7.2278,0.6261
12-Dec-1982,4.12,0.765,5.1167,-6.9556,0.618
13-Dec-1982,1.84,0.743,4.5111,-7.4611,0.6476
14-Dec-1982,0.08,0.722,3.3389,-9.5056,0.5723
15-Dec-1982,0.11,0.702,7.8444,-6.2389,0.6153
16-Dec-1982,0.33,0.682,9.3611,0.3111,0.6153
17-Dec-1982,7.45,0.663,5.7889,-1.4389,0.6422
18-Dec-1982,0.69,0.644,5.2889,-7.8278,0.5992
19-Dec-1982,0.17,0.627,5.6722,-7.5889,0.5965
20-Dec-1982,28.53,0.609,6.0333,-4.1889,0.6422
21-Dec-1982,46.92,0.593,3.7611,-0.65,1.0372
22-Dec-1982,29.15,0.577,1.9778,-2.1222,2.2222
23-Dec-1982,6.53,0.562,-0.4667,-7.2611,1.6901
24-Dec-1982,0.06,0.547,-1.3944,-10.5333,1.0587
25-Dec-1982,0,0.534,-0.0444,-12.85,0.8545
26-Dec-1982,0.01,0.521,1.8111,-7.9556,0.8652
27-Dec-1982,0.05,0.508,0.2611,-6.6167,0.8195
28-Dec-1982,0,0.497,-0.3611,-10.8444,0.7362
29-Dec-1982,0,0.486,-0.7611,-10.4611,0.704
30-Dec-1982,0,0.475,-1.1722,-12.3778,0.6341
31-Dec-1982,1.97,0.466,0.0278,-12.0667,0.661
01-Jan-1983,0,0.44,2.0556,-11.4333,0.6153
02-Jan-1983,0,0.442,1.2278,-10.6778,0.6637
03-Jan-1983,0,0.435,5.3222,-7.7889,0.6637
04-Jan-1983,0,0.429,8.7722,-4.5389,0.6153
05-Jan-1983,0,0.424,8.9722,-3.7278,0.5965
06-Jan-1983,0,0.419,9.05,-3.6167,0.6288
07-Jan-1983,0,0.416,10.0889,-2.55,0.6341
08-Jan-1983,0,0.413,10.8833,-3.2611,0.6368
09-Jan-1983,0,0.41,10.0667,-5.4944,0.6234
10-Jan-1983,0,0.409,9.2333,-5.3889,0.5965
11-Jan-1983,0,0.408,9.5722,-5.9111,0.5804
12-Jan-1983,0,0.408,9.4556,-6.4333,0.5723
13-Jan-1983,0,0.409,9.6833,-7.2056,0.5858
14-Jan-1983,0.01,0.41,7.2611,-5.9667,0.5831
15-Jan-1983,0.4,0.412,6.6778,-4.4611,0.5858
16-Jan-1983,13.74,0.415,4.0278,-2.6056,0.5938
17-Jan-1983,2.44,0.419,4.9389,-4.2,0.5777
18-Jan-1983,14.48,0.423,5.1667,-3.4944,0.5723
19-Jan-1983,5.72,0.428,2.0167,-5.3389,0.5992
20-Jan-1983,0.2,0.434,0.6778,-9.0722,0.532
21-Jan-1983,6.63,0.44,0.55,-11.2778,0.5293
22-Jan-1983,72.27,0.447,1.2889,-7.6611,0.9002
23-Jan-1983,4.14,0.455,3.4222,-7.6111,0.8115
24-Jan-1983,47.49,0.464,3.4167,-4.9833,1.7573
25-Jan-1983,1.16,0.473,3.4444,-7.7833,1.0211
26-Jan-1983,21.07,0.483,5.5333,-5.1722,0.9324
27-Jan-1983,31.84,0.494,4.6889,-2.3333,1.2548
28-Jan-1983,2.11,0.506,2.2944,-8.9778,0.8921
29-Jan-1983,11.57,0.518,1.8222,-5.9222,0.8464
30-Jan-1983,0.19,0.531,1.5222,-7.5,0.7685
31-Jan-1983,0,0.545,2.5056,-9.8,0.6933
01-Feb-1983,0,0.559,1.0111,-10.1111,0.6771
02-Feb-1983,0.27,0.574,-0.3222,-9.9611,0.6718
03-Feb-1983,0.17,0.589,-0.3944,-7.5222,0.6852
04-Feb-1983,0.3,0.606,-0.6833,-10.1722,0.6368
05-Feb-1983,5.49,0.623,-0.6833,-7.7444,0.6315
06-Feb-1983,17.13,0.641,1.7111,-5.7722,0.6207
07-Feb-1983,30.47,0.659,3.2611,-2.4833,0.9028
08-Feb-1983,4.13,0.678,3.1722,-2.8833,1.1957
09-Feb-1983,2.57,0.698,3.6889,-1.9444,0.8545
10-Feb-1983,0.13,0.718,5.5889,-2.35,0.7766
11-Feb-1983,0,0.739,7.9278,-3.8667,0.7712
12-Feb-1983,19.12,0.761,6.6111,-1.1667,1.0023
13-Feb-1983,9.97,0.783,4.8333,-4.4833,1.6095
14-Feb-1983,0.09,0.806,4.1778,-7.8,1.0829
15-Feb-1983,0.34,0.829,8.0944,-6.0389,0.9835
16-Feb-1983,0.17,0.853,8.5833,-5.2833,0.9297
17-Feb-1983,0.47,0.878,9.1556,-5.35,0.9082
18-Feb-1983,29.91,0.903,6.7833,-3.9944,1.0318
19-Feb-1983,0.23,0.929,4.9889,-8.9111,0.8894
20-Feb-1983,0.01,0.955,7.4778,-7.4667,0.9028
21-Feb-1983,0.03,0.982,9.8667,-4.95,0.9002
22-Feb-1983,0.18,1.01,10.6667,-2.1778,0.9002
23-Feb-1983,0.01,1.038,9.8389,-1.7278,0.9646
24-Feb-1983,0.02,1.067,7.4278,-4.6722,1.005
25-Feb-1983,21.06,1.096,4.0833,-3.15,1.005
26-Feb-1983,12.7,1.126,3.5667,-3.3833,1.0076
27-Feb-1983,23.9,1.156,2.3889,-2.8222,1.0076
28-Feb-1983,26.76,1.187,2.2444,-3.2222,1.0479
01-Mar-1983,49.35,1.218,2.5611,-1.8,2.5796
02-Mar-1983,7.94,1.25,3.6778,-1.9056,1.7654
03-Mar-1983,3.85,1.282,3.7278,-2.4167,1.4188
04-Mar-1983,1.17,1.315,4.7667,-3.7389,1.2387
05-Mar-1983,1.19,1.348,5.2444,-4.1278,1.1689
06-Mar-1983,1.51,1.382,6.7778,-3.6389,1.1554
07-Mar-1983,3.6,1.416,7.0278,-0.7667,1.1554
08-Mar-1983,0,1.451,9.5889,-1.5944,1.2253
09-Mar-1983,0.29,1.486,11.2611,-2.5278,1.3811
10-Mar-1983,3.26,1.521,10.9722,-1.6167,1.4376
11-Mar-1983,1.71,1.557,8.1778,-2.0444,1.5101
12-Mar-1983,19.63,1.593,5.8556,-1.85,1.494
13-Mar-1983,51.2,1.629,4.9556,-0.7944,4.1918
14-Mar-1983,0.56,1.666,3.8111,-6.0778,2.9289
15-Mar-1983,1.21,1.704,4.0833,-8.3222,2.1335
16-Mar-1983,7.59,1.741,3.7389,-7.0722,1.8003
17-Mar-1983,10.05,1.779,2.7556,-5.0222,1.6069
18-Mar-1983,5.36,1.818,1.3278,-5.0389,1.4671
19-Mar-1983,0.7,1.856,3.9889,-6.8667,1.3005
20-Mar-1983,4.93,1.895,2.8333,-7.4778,1.2307
21-Mar-1983,6.52,1.935,1.7778,-4.9556,1.1769
22-Mar-1983,15.84,1.974,2.5056,-5.8333,1.1071
23-Mar-1983,14.45,2.014,2.3111,-6.3611,1.0587
24-Mar-1983,8.34,2.054,1.3167,-5.9056,1.0587
25-Mar-1983,2.35,2.094,2.0389,-5.6889,0.9969
26-Mar-1983,3.13,2.135,3.2,-9.3167,0.9458
27-Mar-1983,6.69,2.176,3.4389,-5.3556,0.9405
28-Mar-1983,4.82,2.217,3.1722,-5.1167,0.9539
29-Mar-1983,1.54,2.258,7.1889,-3.2389,1.0103
30-Mar-1983,3.4,2.299,9.7722,0.4778,1.2092
31-Mar-1983,5.62,2.341,8.7556,-2.1222,1.5531
01-Apr-1983,3.57,2.382,9.6333,-3.7333,1.4403
02-Apr-1983,2.24,2.424,6.8944,-2.7722,1.5236
03-Apr-1983,1.8,2.466,3.0611,-7.25,1.408
04-Apr-1983,0.44,2.508,2.2389,-6.1889,1.2602
05-Apr-1983,0.27,2.551,2.7,-6.6444,1.1554
06-Apr-1983,0.15,2.593,5.5611,-8.1444,1.0829
07-Apr-1983,0,2.635,7.35,-8.45,1.0479
08-Apr-1983,0.1,2.678,8.9,-5.1111,1.0829
09-Apr-1983,0.25,2.72,8.55,-3.6667,1.228
10-Apr-1983,2.43,2.763,4.1944,-3.4222,1.2737
11-Apr-1983,3.14,2.806,2.1333,-6.6333,1.2092
12-Apr-1983,11.88,2.848,1.8778,-7.6222,1.1071
13-Apr-1983,3.84,2.891,3.7611,-7.5222,1.0963
14-Apr-1983,0.03,2.934,6.4278,-7.5444,1.0345
15-Apr-1983,0,2.977,9.0167,-5.6,1.0345
16-Apr-1983,0.04,3.019,11.3944,-4.0556,1.0963
17-Apr-1983,0.06,3.062,10.35,-2.4944,1.236
18-Apr-1983,0.8,3.104,9.2889,-1.9111,1.2952
19-Apr-1983,9.72,3.147,9.6722,-1.7389,1.4994
20-Apr-1983,8.48,3.189,8.8667,-0.3667,1.7009
21-Apr-1983,0.85,3.232,8.6222,-1.4611,1.5854
22-Apr-1983,2.97,3.274,8.8167,-2.0278,1.8057
23-Apr-1983,16.13,3.316,7.9389,-1.6,1.9589
24-Apr-1983,35.96,3.358,5.5444,-4.5,1.8057
25-Apr-1983,16.91,3.4,5.4056,-4.9056,1.709
26-Apr-1983,15.8,3.442,6.0056,-5.2389,1.5827
27-Apr-1983,1.59,3.483,6.7944,-2.8389,1.4994
28-Apr-1983,15.86,3.525,7.2778,-1.3778,1.6122
29-Apr-1983,26.8,3.566,6.3222,-1.5944,1.7305
30-Apr-1983,2.68,3.607,5.6222,-2.9833,1.717
01-May-1983,0.59,3.648,5.1056,-4.2333,1.6633
02-May-1983,0.07,3.689,7.9389,-3.8667,1.5397
03-May-1983,1.26,3.729,10.8833,-3.2778,1.7197
04-May-1983,4.62,3.769,8.0722,-2.0556,2.1765
05-May-1983,3.91,3.809,5.0667,-3.2222,1.9374
06-May-1983,0.56,3.848,8.0167,-5.8111,1.8433
07-May-1983,0,3.888,10.05,-4.8611,1.9535
08-May-1983,0,3.927,9.2333,-3.0944,2.2517
09-May-1983,0,3.965,7.9278,-5.3,2.3619
10-May-1983,1.96,4.004,6.35,-4.5833,2.4183
11-May-1983,0.08,4.042,8.6333,-3.7944,2.0825
12-May-1983,1.1,4.08,9.7889,-4.0056,2.0556
13-May-1983,0,4.117,11.0056,-3.2444,2.1899
14-May-1983,0,4.154,11.9611,-2.0222,2.4667
15-May-1983,0.09,4.191,12.2056,-0.9833,3.0095
16-May-1983,1.01,4.227,11.8778,-3.2389,3.4932
17-May-1983,0,4.263,13.8778,-2.7,3.4125
18-May-1983,0,4.298,16.0722,0.2111,3.8425
19-May-1983,0,4.333,16.9444,1.1944,4.6755
20-May-1983,0,4.368,18.4667,1.2778,5.2397
21-May-1983,0,4.402,20.3667,0.8889,5.8846
22-May-1983,0,4.436,21.2333,2.4667,7.7924
23-May-1983,0,4.469,22.8833,3.2389,9.4046
24-May-1983,0,4.502,23.25,4.0722,11.1512
25-May-1983,0,4.535,24.0722,4.6333,12.3604
26-May-1983,0,4.566,24.7278,5.45,13.3546
27-May-1983,3.05,4.598,24.8889,5.5556,14.51
28-May-1983,1.31,4.629,25.0222,6.8722,16.1222
29-May-1983,0,4.659,23.0556,5.5167,17.1702
30-May-1983,0,4.689,21.1833,3.2722,15.8535
31-May-1983,0.11,4.718,15.9222,1.6889,13.4352
01-Jun-1983,0.75,4.747,13.1556,-0.4056,9.6733
02-Jun-1983,0.53,4.775,12.9611,1.9444,7.6043
03-Jun-1983,2.4,4.803,14.1278,2.4944,6.7176
04-Jun-1983,0.42,4.83,16.1111,2.3111,6.7982
05-Jun-1983,0.57,4.857,18.6222,2.0389,6.9057
06-Jun-1983,0.03,4.883,19.5444,3.3167,7.9536
07-Jun-1983,3.42,4.908,18.6944,6.0556,8.4642
08-Jun-1983,1.32,4.933,18.6333,3.7667,7.7924
09-Jun-1983,0.15,4.957,19.0722,3.3,8.0611
10-Jun-1983,8.4,4.981,17.9722,3.3889,9.6733
11-Jun-1983,0.75,5.004,15.8722,3.1278,12.6291
12-Jun-1983,0.07,5.026,16.3056,0.9278,9.4046
13-Jun-1983,0.02,5.048,18.95,1.3,7.5237
14-Jun-1983,0,5.069,19.8944,2.8222,7.7924
15-Jun-1983,0.03,5.089,20.9111,5.15,9.4046
16-Jun-1983,0.04,5.109,21.9111,4.3222,10.3451
17-Jun-1983,0,5.128,21.4889,5.7333,11.6886
18-Jun-1983,0,5.147,19.5056,4.4556,11.5543
19-Jun-1983,0,5.165,18.0833,1.1944,8.4642
20-Jun-1983,0,5.182,18.4278,1.5778,7.2013
21-Jun-1983,0,5.198,18.6278,2.25,6.8251
22-Jun-1983,0,5.214,19.8889,3.7944,7.3625
23-Jun-1983,0.05,5.229,19.3889,5.8944,8.3298
24-Jun-1983,0,5.244,20.2333,4.3444,7.7387
25-Jun-1983,0,5.258,20.6833,4.2556,7.2013
26-Jun-1983,0,5.271,20.0556,4.3111,7.2281
27-Jun-1983,0,5.283,19.6667,2.5611,6.9057
28-Jun-1983,0,5.295,19.6778,3.3222,6.5026
29-Jun-1983,0,5.306,19.7222,4.2444,6.422
30-Jun-1983,0,5.316,18.5278,3.8222,6.1802
01-Jul-1983,1.55,5.325,17.0444,5.9611,5.9384
02-Jul-1983,0,5.334,18.5833,4.1,6.3414
03-Jul-1983,0,5.342,21.5333,3.1667,6.7445
04-Jul-1983,0,5.35,24.55,4.9444,6.1265
05-Jul-1983,0,5.356,23.9056,7.9778,6.9863
06-Jul-1983,0,5.362,21.4333,8.2667,7.5237
07-Jul-1983,0,5.367,18.6611,5.6056,6.6907
08-Jul-1983,0,5.372,16.0667,3.9667,5.6159
09-Jul-1983,0,5.376,16.9833,0.9833,4.8367
10-Jul-1983,0,5.379,19.5,1.5111,4.1112
11-Jul-1983,0,5.381,23.0111,3.2222,3.8425
12-Jul-1983,0,5.382,25.7,5.9,3.8156
13-Jul-1983,0,5.383,25.7389,7.1333,4.0574
14-Jul-1983,0,5.383,23.2556,7.9111,4.2993
15-Jul-1983,0,5.383,19.9333,4.9611,4.353
16-Jul-1983,0,5.381,18.4167,2.5056,3.8425
17-Jul-1983,0,5.379,18.1278,3.7333,3.4394
18-Jul-1983,0,5.376,18.8444,2.4389,3.1707
19-Jul-1983,0,5.373,18.7389,2.7889,2.9557
20-Jul-1983,0,5.368,20.7667,0.7611,2.7677
21-Jul-1983,0,5.363,23.5667,2.9167,2.5849
22-Jul-1983,0,5.358,23.4167,6.1889,2.5608
23-Jul-1983,0,5.351,22.9389,4.4667,2.6306
24-Jul-1983,0,5.344,22.1889,5.0889,2.4721
25-Jul-1983,0,5.336,21.7,4.6444,2.3861
26-Jul-1983,0,5.327,21.9444,4.2944,2.2652
27-Jul-1983,0,5.318,22.6056,5.4389,2.1362
28-Jul-1983,0,5.308,24.1778,6.1167,2.1335
29-Jul-1983,0,5.297,25.8056,7.4778,2.2061
30-Jul-1983,0,5.286,26.8722,8.0833,2.2061
31-Jul-1983,0.5,5.273,26.1,9.3944,2.1819
01-Aug-1983,0,5.26,25.9556,8.6444,2.0986
02-Aug-1983,0,5.247,25.4444,9.0889,1.9965
03-Aug-1983,0.02,5.232,25.3778,8.7889,1.94
04-Aug-1983,0.02,5.217,26.2667,7.2778,1.8487
05-Aug-1983,0.01,5.202,27.7833,8.1944,1.6848
06-Aug-1983,1.4,5.185,28.3278,10.5,1.5934
07-Aug-1983,3.08,5.168,25.9556,12.7722,1.6069
08-Aug-1983,10.09,5.151,23.8833,12.2,2.0287
09-Aug-1983,2.3,5.132,22.7556,9.6056,1.9132
10-Aug-1983,2.12,5.113,21.3722,10.9833,2.1899
11-Aug-1983,0.06,5.094,22.2667,7.8889,1.8621
12-Aug-1983,0.28,5.073,24.0667,8.5111,1.545
13-Aug-1983,0.3,5.052,23.7167,9.6333,1.4268
14-Aug-1983,6.64,5.031,22.3,8.9,1.3677
15-Aug-1983,0.1,5.009,22.2056,9.9889,1.6391
16-Aug-1983,0.52,4.986,22.85,8.3889,1.4671
17-Aug-1983,0.37,4.962,21.3444,9.6667,1.3193
18-Aug-1983,3.61,4.938,19.4833,8.7,1.2925
19-Aug-1983,15.35,4.913,18.0278,9.4333,1.3005
20-Aug-1983,2.42,4.888,16.7222,7.3056,1.314
21-Aug-1983,1.71,4.862,16.5889,5.7333,1.2844
22-Aug-1983,9.56,4.836,16.0722,6.3389,1.1877
23-Aug-1983,0.75,4.809,17.1556,4.5556,1.0829
24-Aug-1983,0.08,4.781,18.5389,4.3444,1.005
25-Aug-1983,0.06,4.753,20.3111,3.4167,0.9539
26-Aug-1983,0.06,4.724,21.7611,3.2778,0.8894
27-Aug-1983,0.07,4.695,22.2722,4.4944,0.884
28-Aug-1983,0.03,4.665,22.0556,5.3722,0.8652
29-Aug-1983,0.52,4.635,20.4056,4.75,0.8518
30-Aug-1983,4.22,4.604,20.3889,5.7056,0.8222
31-Aug-1983,13.89,4.573,18.5556,8.0444,0.8357
01-Sep-1983,8.35,4.541,18.3778,9.0722,1.5155
02-Sep-1983,0.04,4.509,19.7667,5.6667,1.2548
03-Sep-1983,0,4.476,20.7611,4.4889,1.0184
04-Sep-1983,0,4.443,23.6556,4.8167,0.9002
05-Sep-1983,0,4.409,25.4944,6.5944,0.841
06-Sep-1983,0,4.375,24.4833,7.9056,0.8007
07-Sep-1983,0,4.341,23.0056,7.9722,0.7658
08-Sep-1983,0,4.306,20.5944,8.2667,0.7416
09-Sep-1983,0,4.27,21.0556,4.6556,0.7282
10-Sep-1983,0,4.235,23.3944,3.9667,0.7336
11-Sep-1983,0,4.198,25.6222,5.2444,0.7121
12-Sep-1983,0,4.162,25.9056,7.4111,0.6933
13-Sep-1983,0,4.125,25.2833,8.25,0.6744
14-Sep-1983,0,4.088,24.9611,6.7944,0.661
15-Sep-1983,0,4.05,25.4,6.0389,0.6315
16-Sep-1983,0,4.012,24.9,7.9778,0.618
17-Sep-1983,0,3.974,23.9056,7.6778,0.6126
18-Sep-1983,0,3.935,22.2556,6.6944,0.6046
19-Sep-1983,0,3.896,19.2278,5.4167,0.5911
20-Sep-1983,0.07,3.857,19.4556,2.1944,0.5777
21-Sep-1983,1.81,3.817,20.2833,3.2722,0.5616
22-Sep-1983,9.22,3.777,16.7889,6.7222,0.5938
23-Sep-1983,1.63,3.737,13.9833,6.6444,0.6422
24-Sep-1983,1.9,3.697,15.3444,4.2778,0.6422
25-Sep-1983,1.16,3.656,16.85,4.3,0.6449
26-Sep-1983,2.45,3.616,16.7722,4.3667,0.6315
27-Sep-1983,1.02,3.575,15.2389,3.0222,0.8545
28-Sep-1983,8.43,3.534,13.3167,4.2333,0.6771
29-Sep-1983,14.97,3.492,10.9222,3.2611,0.7067
30-Sep-1983,8.08,3.451,8.8056,3.0111,0.9136
01-Oct-1983,9.57,3.409,8.7278,3.4167,0.8088
02-Oct-1983,1.54,3.367,10.2333,3.0889,0.7631
03-Oct-1983,0.08,3.325,12.9722,0.9389,0.6664
04-Oct-1983,0.04,3.283,15.7611,0.85,0.6126
05-Oct-1983,0,3.241,17.9111,2.7889,0.5777
06-Oct-1983,0.24,3.198,18.4667,4.1944,0.5535
07-Oct-1983,0.76,3.156,17.3222,5.6,0.5401
08-Oct-1983,0.21,3.113,15.9833,3.8389,0.5562
09-Oct-1983,0.23,3.071,13.9833,5.4111,0.5267
10-Oct-1983,0,3.028,14.4111,0.2056,0.5132
11-Oct-1983,0.03,2.986,16.0611,0.3778,0.5052
12-Oct-1983,0,2.943,16.9278,1.3278,0.4971
13-Oct-1983,0.75,2.9,14.6722,2.4278,0.481
14-Oct-1983,0,2.857,11.1667,-1.3278,0.4783
15-Oct-1983,0,2.815,11.9611,-1.9778,0.4756
16-Oct-1983,0,2.772,12.7333,-1.4889,0.4702
17-Oct-1983,0,2.729,14.1167,-0.7889,0.4649
18-Oct-1983,0,2.687,14.8833,-0.2944,0.4595
19-Oct-1983,0,2.644,15.8889,0.3611,0.4219
20-Oct-1983,0,2.602,16.9056,1.0611,0.4138
21-Oct-1983,0,2.56,17.0056,0.6,0.4031
22-Oct-1983,0,2.517,17.1944,1.2944,0.3977
23-Oct-1983,4.02,2.475,14.5333,3.4167,0.3977
24-Oct-1983,0.26,2.433,13.2833,1.5611,0.4407
25-Oct-1983,0,2.391,15.0556,-0.7444,0.4004
26-Oct-1983,0,2.349,16.6111,0,0.3896
27-Oct-1983,0,2.308,16.5722,0.6111,0.3842
28-Oct-1983,0.09,2.266,15.6111,1.4611,0.3789
29-Oct-1983,4.98,2.225,13.8722,2.4556,0.3762
30-Oct-1983,8.48,2.184,9.9389,4.9056,0.4299
31-Oct-1983,21.42,2.143,7.2833,3.6056,0.489
01-Nov-1983,3.93,2.103,8.0667,1.1833,0.8652
02-Nov-1983,0.03,2.062,12.5056,0.0167,0.6798
03-Nov-1983,0,2.022,14.7944,0.3333,0.5697
04-Nov-1983,0.01,1.982,13.9833,2.0444,0.5428
05-Nov-1983,0.12,1.943,12.8111,2.0944,0.5052
06-Nov-1983,2.05,1.904,11.6889,1.4167,0.4729
07-Nov-1983,0.34,1.865,8.3944,-0.4167,0.6288
08-Nov-1983,0.1,1.826,6.8444,-7,0.6126
09-Nov-1983,5.9,1.787,7.4,-2.9556,0.5079
10-Nov-1983,18.9,1.749,7.7444,0.3,0.524
11-Nov-1983,47.58,1.712,6.2833,0.6278,2.1254
12-Nov-1983,14.72,1.674,4.4611,-2.5222,1.2952
13-Nov-1983,12.54,1.637,3.6222,-4.2,1.1447
14-Nov-1983,0.87,1.601,5.0611,-7.8222,0.8599
15-Nov-1983,0.03,1.564,7.7833,-4.9944,0.8706
16-Nov-1983,25.86,1.528,6.2,-1.4444,1.0614
17-Nov-1983,62.13,1.493,4.3278,-1.4667,3.8962
18-Nov-1983,0.16,1.458,1.9333,-5.6556,1.8997
19-Nov-1983,58.07,1.423,3.5778,-4.7,1.5074
20-Nov-1983,46.07,1.389,-0.05,-5.6722,2.7408
21-Nov-1983,1.8,1.355,-2.3,-9.7222,1.6713
22-Nov-1983,2.87,1.322,-2.6056,-11.2444,1.3167
23-Nov-1983,28.55,1.289,0.6167,-7.9278,1.2656
24-Nov-1983,37.39,1.257,1.7722,-5.1056,3.9499
25-Nov-1983,3.58,1.225,-0.3222,-8.4889,2.5204
26-Nov-1983,0.1,1.193,0.2167,-10.2389,1.6955
27-Nov-1983,0,1.163,1.8056,-9.1556,1.4241
28-Nov-1983,0.66,1.132,3.3444,-9.05,1.2737
29-Nov-1983,0,1.102,3.8333,-8.0333,1.1796
30-Nov-1983,0.12,1.073,4.1056,-5.4889,1.1178
01-Dec-1983,0.74,1.044,4.4611,-2.65,1.056
02-Dec-1983,2.8,1.016,4.4667,-2.6778,1.0184
03-Dec-1983,29.64,0.988,3.0778,-2.7611,1.0721
04-Dec-1983,12.86,0.961,0.1944,-7.6333,0.9217
05-Dec-1983,0.19,0.935,0.9611,-11.5389,0.9297
06-Dec-1983,0.46,0.909,5.0444,-6.9667,0.962
07-Dec-1983,1.08,0.883,7.7,-3.1944,0.9458
08-Dec-1983,3.82,0.858,6.5833,-1.5,1.0238
09-Dec-1983,8.54,0.834,4.4222,-1.4722,1.1366
10-Dec-1983,23.59,0.811,3.2833,-1.6556,1.1904
11-Dec-1983,11.57,0.788,3.7833,-3.3,1.2737
12-Dec-1983,13.35,0.765,2.8944,-7.8333,1.0506
13-Dec-1983,1.89,0.743,6.6,-4.3667,1.1823
14-Dec-1983,0.05,0.722,8.2,-0.7111,1.3865
15-Dec-1983,0.09,0.702,8.7722,-2.1611,1.3005
16-Dec-1983,8.25,0.682,7.7611,-2.7,1.1527
17-Dec-1983,4.74,0.663,5.4556,-3.4111,1.1984
18-Dec-1983,0.03,0.644,6.4611,-5.3444,1.0587
19-Dec-1983,0.15,0.627,4.7333,-2.1667,1.0211
20-Dec-1983,0.36,0.609,1.3667,-6.1889,0.9432
21-Dec-1983,0.1,0.593,-1.4278,-8.8,0.8437
22-Dec-1983,2.1,0.577,-1.1111,-7.3778,0.8222
23-Dec-1983,9.86,0.562,-1.2389,-7.2722,0.8572
24-Dec-1983,36.52,0.547,1.0222,-5.4889,1.1312
25-Dec-1983,36.97,0.534,3.3778,-3.7667,3.4394
26-Dec-1983,17.63,0.521,3.7222,-0.9778,3.3051
27-Dec-1983,2.54,0.508,4.35,-2.4389,2.55
28-Dec-1983,0.1,0.497,1.9056,-7.5111,1.8971
29-Dec-1983,1.3,0.486,5.5667,-4.7333,1.7439
30-Dec-1983,8.88,0.475,5.8444,-1.6056,2.026
31-Dec-1983,0.09,0.466,5.5944,-3.3389,1.9427
01-Jan-1984,0.02,0.44,3.6833,-4.5389,1.6418
02-Jan-1984,0.05,0.442,4.2722,-4.7333,1.4698
03-Jan-1984,0,0.435,5.7056,-4.8389,1.3731
04-Jan-1984,0,0.429,5.7444,-3.6056,1.2952
05-Jan-1984,0,0.424,5.1333,-3.9333,1.2414
06-Jan-1984,0.03,0.419,4.3278,-3.7778,1.1823
07-Jan-1984,0,0.416,5.8556,-3.9,1.1501
08-Jan-1984,0,0.413,6.0778,-4.0667,1.1151
09-Jan-1984,0.03,0.41,5.8333,-4.4944,1.056
10-Jan-1984,0.71,0.409,5.9444,-5.4778,1.0345
11-Jan-1984,0,0.408,3.4056,-6.1167,0.9861
12-Jan-1984,0.14,0.408,2.8944,-7.1444,0.9297
13-Jan-1984,2.04,0.409,-0.9833,-8.1,0.9163
14-Jan-1984,1.1,0.41,-0.3389,-10.3778,0.8706
15-Jan-1984,2,0.412,-1.0611,-9.2556,0.8491
16-Jan-1984,3.13,0.415,-1.25,-7.2278,0.8572
17-Jan-1984,0.54,0.419,-0.5944,-12.8222,0.7497
18-Jan-1984,0,0.423,0.5722,-12.0944,0.7524
19-Jan-1984,0,0.428,4.3222,-9.3833,0.8169
20-Jan-1984,0.47,0.434,4.3833,-10.7167,0.7282
21-Jan-1984,0.4,0.44,4.7222,-6.9944,0.7658
22-Jan-1984,0,0.447,5.7556,-6.9444,0.7255
23-Jan-1984,0,0.455,7,-5.9222,0.7067
24-Jan-1984,0,0.464,9.9389,-4.5389,0.7067
25-Jan-1984,0,0.473,10.4278,-4.1111,0.6933
26-Jan-1984,0.04,0.483,7.1167,-4.85,0.6718
27-Jan-1984,0.01,0.494,7.5333,-6.6222,0.6207
28-Jan-1984,0,0.506,9.3222,-4.9778,0.6503
29-Jan-1984,0,0.518,9.0944,-5.1833,0.6368
30-Jan-1984,0,0.531,9.4222,-4.75,0.6395
31-Jan-1984,0,0.545,9.8278,-4.1167,0.6395
01-Feb-1984,0,0.559,7.4833,-5.8778,0.6315
02-Feb-1984,0.43,0.574,7.5222,-6.0389,0.6207
03-Feb-1984,0,0.589,7.9944,-7.0889,0.5938
04-Feb-1984,0,0.606,8.8833,-6.3944,0.6073
05-Feb-1984,0,0.623,9.8778,-6.0556,0.6153
06-Feb-1984,0,0.641,9.8833,-6.5833,0.6126
07-Feb-1984,0.15,0.659,8.8,-6.8944,0.6046
08-Feb-1984,1.07,0.678,9.8833,-5.8222,0.6126
09-Feb-1984,6.95,0.698,5.8556,-4.1444,0.6341
10-Feb-1984,2.37,0.718,3.0667,-10.4944,0.6019
11-Feb-1984,1.36,0.739,0.8944,-9.9667,0.5697
12-Feb-1984,12.32,0.761,4.9333,-6.5278,0.6341
13-Feb-1984,15.96,0.783,4.9778,-4.0167,0.6959
14-Feb-1984,0.69,0.806,3.5444,-8.9222,0.6476
15-Feb-1984,18.42,0.829,3.6222,-6.0111,0.7846
16-Feb-1984,7.11,0.853,1.0389,-7.0167,0.884
17-Feb-1984,0.05,0.878,0.8389,-11.3056,0.6879
18-Feb-1984,0,0.903,2.8444,-11.4556,0.6422
19-Feb-1984,0.16,0.929,5.2444,-9.8056,0.6664
20-Feb-1984,0.44,0.955,6.3222,-8.0611,0.6503
21-Feb-1984,7.54,0.982,3.6556,-6.6167,0.6906
22-Feb-1984,0.2,1.01,2.4556,-10.9333,0.5723
23-Feb-1984,0.22,1.038,3.4278,-10.9611,0.6207
24-Feb-1984,0.69,1.067,2.9389,-6.7556,0.6261
25-Feb-1984,0.03,1.096,3.1389,-7.5611,0.5965
26-Feb-1984,0,1.126,6.0611,-10.1889,0.5589
27-Feb-1984,0.04,1.156,7.7056,-7.9889,0.5938
28-Feb-1984,0,1.187,8.8333,-5.5556,0.6126
29-Feb-1984,0,1.218,9.4389,-5.0889,0.5965
01-Mar-1984,0,1.25,9.85,-2.6389,0.6449
02-Mar-1984,0,1.282,10.0056,-3.3889,0.6906
03-Mar-1984,0,1.315,8.9389,-5.2722,0.6691
04-Mar-1984,0,1.348,8.2333,-6.4556,0.6718
05-Mar-1984,0,1.382,8.4944,-8.1944,0.6261
06-Mar-1984,0,1.416,10.4389,-6.4556,0.6718
07-Mar-1984,0,1.451,11.5222,-4.6444,0.704
08-Mar-1984,0,1.486,11.6667,-4.1111,0.7362
09-Mar-1984,0,1.521,10.8278,-2.7833,0.7981
10-Mar-1984,0,1.557,10.6833,-2.1111,0.841
11-Mar-1984,0,1.593,9.1444,-3.5611,0.8572
12-Mar-1984,0.74,1.629,7.8333,-1.3722,0.8169
13-Mar-1984,31.74,1.666,6.9056,-1.2444,0.9539
14-Mar-1984,3.42,1.704,4.8056,-1.7222,1.271
15-Mar-1984,14.81,1.741,3.5833,-3.0944,1.0023
16-Mar-1984,6.42,1.779,6.1722,-6.2722,0.9136
17-Mar-1984,2.24,1.818,5.5,-7.1944,0.9109
18-Mar-1984,0,1.856,8.9778,-7.2,0.8921
19-Mar-1984,0,1.895,12.8167,-3.9444,0.8921
20-Mar-1984,0,1.935,14.2222,-2.5056,0.97
21-Mar-1984,0,1.974,12.1889,-0.3444,1.1662
22-Mar-1984,0,2.014,10.6944,-5.1167,1.1044
23-Mar-1984,0,2.054,12.5833,-3.8389,1.0883
24-Mar-1984,0,2.094,12.4889,-1.5111,1.2172
25-Mar-1984,0.81,2.135,10.7778,-3.3278,1.2763
26-Mar-1984,2.68,2.176,9.0222,0,1.4698
27-Mar-1984,0.13,2.217,8.3778,-3.9556,1.6445
28-Mar-1984,0.15,2.258,9.8333,-4.0056,1.5155
29-Mar-1984,0.06,2.299,8.0611,-3.8389,1.4832
30-Mar-1984,0.06,2.341,5.9611,-4.7778,1.3677
31-Mar-1984,5.59,2.382,4.4389,-4.4722,1.2978
01-Apr-1984,0.48,2.424,4.7167,-5.7056,1.2011
02-Apr-1984,0,2.466,8.2889,-5.8333,1.1312
03-Apr-1984,0.01,2.508,10.4278,-4.5833,1.1232
04-Apr-1984,0.02,2.551,9.7611,-1.9333,1.2172
05-Apr-1984,2.18,2.593,6.8389,-0.8056,1.1581
06-Apr-1984,4.53,2.635,9.3778,-1.6722,1.1312
07-Apr-1984,3.38,2.678,11.5833,-3.3722,1.1689
08-Apr-1984,4.38,2.72,7.8222,-2.8111,1.4403
09-Apr-1984,2.3,2.763,6.5333,-9.1611,1.2334
10-Apr-1984,17.71,2.806,7.1667,-3.6389,1.2844
11-Apr-1984,0,2.848,9.6833,-4.0278,1.2495
12-Apr-1984,0.04,2.891,13.15,-3.2556,1.2575
13-Apr-1984,0,2.934,16.0278,-2.0611,1.3919
14-Apr-1984,0,2.977,18.7278,-0.25,1.7358
15-Apr-1984,0.09,3.019,18.6722,1.4167,2.1899
16-Apr-1984,0.13,3.062,15.4,0.75,2.6682
17-Apr-1984,5.83,3.104,10.9167,0.6944,2.8214
18-Apr-1984,6.14,3.147,5.9167,-1.7611,2.3297
19-Apr-1984,5.47,3.189,4.0389,-4.2444,2.0045
20-Apr-1984,0.44,3.232,6.4722,-5.3278,1.7627
21-Apr-1984,0.06,3.274,11.4944,-5.8,1.5746
22-Apr-1984,0,3.316,15.0611,-2.9444,1.5612
23-Apr-1984,0,3.358,15.2389,0.0722,1.7869
24-Apr-1984,0,3.4,11.5167,-1.5056,2.1658
25-Apr-1984,0.01,3.442,5.8778,-6.5833,2.1228
26-Apr-1984,2.18,3.483,2.4944,-8.4778,1.76
27-Apr-1984,0.99,3.525,3.8056,-6.8444,1.623
28-Apr-1984,4.01,3.566,7.6667,-6.3556,1.4859
29-Apr-1984,0,3.607,10.0444,-3.0611,1.4241
30-Apr-1984,1.28,3.648,9.25,-0.9611,1.4564
01-May-1984,8.87,3.689,7.1833,-1.4722,1.5477
02-May-1984,2.07,3.729,9.9722,0.5556,1.5343
03-May-1984,1,3.769,11.8,3.0389,1.9481
04-May-1984,0.04,3.809,11.1278,3.4,2.7139
05-May-1984,0.05,3.848,10.9667,-4.2444,2.4425
06-May-1984,0.08,3.888,13.5056,-5.2333,2.3538
07-May-1984,0,3.927,16.6667,-3.0444,2.4721
08-May-1984,0.07,3.965,19.3333,-0.3667,3.0095
09-May-1984,0,4.004,18.4333,3.7278,3.7081
10-May-1984,0,4.042,18.5944,3.6556,4.0574
11-May-1984,0,4.08,18.7333,5.2556,4.9979
12-May-1984,0,4.117,19.8667,3.0556,5.3741
13-May-1984,0,4.154,18.2056,4,5.7234
14-May-1984,0.05,4.191,13.7444,4.7167,6.2071
15-May-1984,1.43,4.227,9.7222,-2.9444,4.6486
16-May-1984,0.25,4.263,11.6556,-4.3667,3.52
17-May-1984,0.14,4.298,13.8278,-0.0444,3.4394
18-May-1984,0,4.333,18.5722,0.1389,3.5469
19-May-1984,0,4.368,20.9444,2.6611,4.0037
20-May-1984,0,4.402,20.3889,4.9944,4.8635
21-May-1984,0.02,4.436,20.0778,3.0611,5.186
22-May-1984,0,4.469,21.55,4.4667,4.9173
23-May-1984,0,4.502,20.3167,5.3111,5.2935
24-May-1984,0,4.535,19.3167,5.9278,5.6428
25-May-1984,0,4.566,20.3889,2.35,5.0785
26-May-1984,0,4.598,22.1889,3.5222,4.8367
27-May-1984,0,4.629,23.8778,3.7889,4.5411
28-May-1984,0.07,4.659,24.9389,5.7778,4.6486
29-May-1984,0,4.689,25.05,7.3833,5.0785
30-May-1984,0,4.718,21.4833,8.5611,5.5622
31-May-1984,0,4.747,20.3111,5.7556,5.2129
01-Jun-1984,0,4.775,19.3111,1.1611,4.568
02-Jun-1984,0,4.803,18.4778,1.2,3.9768
03-Jun-1984,0.36,4.83,16.7056,0.9278,3.6275
04-Jun-1984,14.12,4.857,14.3,3.8556,3.9231
05-Jun-1984,0.17,4.883,12.4111,0.4333,4.1649
06-Jun-1984,5.05,4.908,11.8833,1.0833,3.5738
07-Jun-1984,0.85,4.933,12.6889,-0.5278,3.0095
08-Jun-1984,0.03,4.957,13.7778,-1.1944,2.679
09-Jun-1984,0.04,4.981,14.2611,-1.05,2.5312
10-Jun-1984,0.23,5.004,13.8167,-1.2056,2.5446
11-Jun-1984,0.04,5.026,14.9944,0.8444,2.378
12-Jun-1984,0.08,5.048,15.4167,2.9222,2.4506
13-Jun-1984,7.48,5.069,16.2667,2.3111,2.3807
14-Jun-1984,17.17,5.089,16.1056,2.5722,2.5688
15-Jun-1984,0.78,5.109,18.2278,2.2611,2.6226
16-Jun-1984,0.19,5.128,20.8,4.7056,2.5097
17-Jun-1984,0.03,5.147,21.3,5.6444,2.7139
18-Jun-1984,0,5.165,21.4,5.35,2.7408
19-Jun-1984,0,5.182,20.7167,5.9611,2.687
20-Jun-1984,0,5.198,18.7056,2.1667,2.5634
21-Jun-1984,0,5.214,19.25,1.4389,2.3404
22-Jun-1984,0.02,5.229,20.6611,3.1944,2.1711
23-Jun-1984,0.01,5.244,23.8333,4.6167,2.1899
24-Jun-1984,0.18,5.258,24.3611,6.0833,2.2867
25-Jun-1984,0,5.271,24.0389,5.9111,2.2974
26-Jun-1984,0,5.283,24.8667,6.3667,2.2249
27-Jun-1984,0,5.295,26.1556,6.4667,2.112
28-Jun-1984,0.09,5.306,25.8278,7.8389,2.1523
29-Jun-1984,0,5.316,24.0889,10.2667,2.2383
30-Jun-1984,0,5.325,23.1056,5.4333,2.026
01-Jul-1984,0,5.334,25.7333,6.8778,1.7923
02-Jul-1984,0,5.342,28.4833,9.3389,1.7788
03-Jul-1984,0,5.35,29.3167,10.7444,1.752
04-Jul-1984,0,5.356,29.6333,10.65,1.6552
05-Jul-1984,0.22,5.362,28.6944,10.8389,1.5934
06-Jul-1984,0.47,5.367,26.7389,10.9611,1.5907
07-Jul-1984,0.01,5.372,25.6889,9.75,1.4779
08-Jul-1984,0.12,5.376,24.9944,8.9389,1.4026
09-Jul-1984,0.01,5.379,24.8778,7.2889,1.2253
10-Jul-1984,0.01,5.381,26.1222,6.55,1.1151
11-Jul-1984,0.01,5.382,26.9778,7.9389,1.0345
12-Jul-1984,0,5.383,27.1333,8.1278,0.97
13-Jul-1984,0,5.383,27.3,9.1778,0.9297
14-Jul-1984,0,5.383,27.1556,11.1333,0.9888
15-Jul-1984,0.06,5.381,26.9333,12.25,0.9297
16-Jul-1984,4.92,5.379,26.3222,11.6,0.8948
17-Jul-1984,2.73,5.376,25.7833,12.0444,0.9781
18-Jul-1984,2.33,5.373,25.4444,12.0056,1.0641
19-Jul-1984,2.75,5.368,24.9111,10.9889,0.9163
20-Jul-1984,2.85,5.363,23.4889,10.3722,0.8679
21-Jul-1984,0.87,5.358,22.3056,9.1389,0.8222
22-Jul-1984,0.33,5.351,20.9722,7.1056,0.7712
23-Jul-1984,4.72,5.344,20.0333,7.7833,0.8195
24-Jul-1984,0.2,5.336,21.9722,7.7167,0.8518
25-Jul-1984,0.07,5.327,24.5222,8.3444,0.7201
26-Jul-1984,0,5.318,25.9944,8.7611,0.653
27-Jul-1984,0,5.308,25.1278,9.0389,0.6234
28-Jul-1984,0,5.297,23.6056,7.8833,0.5885
29-Jul-1984,0.3,5.286,23.7111,7.7778,0.5535
30-Jul-1984,0.3,5.273,24.2111,8.6056,0.5401
31-Jul-1984,0.34,5.26,23.6,8.6889,0.5723
01-Aug-1984,0,5.247,23.5389,9.4222,0.5723
02-Aug-1984,0.08,5.232,23.3444,7.05,0.5267
03-Aug-1984,0,5.217,23.2556,6.3722,0.4917
04-Aug-1984,0,5.202,24.2056,7.5611,0.4649
05-Aug-1984,0,5.185,23.6,6.7222,0.4487
06-Aug-1984,0,5.168,24.7222,6.4833,0.4353
07-Aug-1984,0,5.151,27.5778,7.9611,0.4246
08-Aug-1984,0,5.132,28.4778,9.7833,0.4487
09-Aug-1984,0,5.113,27.8556,10.8667,0.446
10-Aug-1984,0.1,5.094,26.2667,11.15,0.446
11-Aug-1984,0.01,5.073,24.8333,9.4278,0.4434
12-Aug-1984,0.04,5.052,23.4556,10.2833,0.4353
13-Aug-1984,0.04,5.031,22.2167,12.1944,0.4434
14-Aug-1984,0.03,5.009,24.2444,9.4,0.4675
15-Aug-1984,0.03,4.986,23.55,9.8667,0.438
16-Aug-1984,0.01,4.962,23.8111,8.35,0.4487
17-Aug-1984,0,4.938,24.9556,8.9722,0.4272
18-Aug-1984,0,4.913,25.15,8.5389,0.4004
19-Aug-1984,0,4.888,24.5778,8.2278,0.3896
20-Aug-1984,0.46,4.862,24.2167,7.3111,0.3869
21-Aug-1984,0.64,4.836,23.6056,8.6111,0.4111
22-Aug-1984,2.91,4.809,22.9667,8.3722,0.4138
23-Aug-1984,0.02,4.781,22.3667,7.95,0.4057
24-Aug-1984,0.06,4.753,21.4444,7.2722,0.4004
25-Aug-1984,0.04,4.724,20.8333,5.8222,0.3977
26-Aug-1984,0.14,4.695,23.1778,6.3,0.3923
27-Aug-1984,0.05,4.665,23.8833,7.5444,0.3735
28-Aug-1984,0,4.635,24.65,8.9778,0.3681
29-Aug-1984,0.02,4.604,24.5611,10.1167,0.4004
30-Aug-1984,0.21,4.573,22.7278,9.4944,0.3977
31-Aug-1984,0.01,4.541,18.5167,3.2722,0.3896
01-Sep-1984,0.02,4.509,21.0833,4.1222,0.3896
02-Sep-1984,0,4.476,23.5333,4.9389,0.3762
03-Sep-1984,1.19,4.443,25.0556,6.4944,0.3413
04-Sep-1984,0.16,4.409,24.9389,8.7278,0.3278
05-Sep-1984,0.5,4.375,23.5167,9.5889,0.3251
06-Sep-1984,0,4.341,22.7222,8.2944,0.3493
07-Sep-1984,0,4.306,23.3389,6.5944,0.3386
08-Sep-1984,0,4.27,26.0333,7.4222,0.3386
09-Sep-1984,0,4.235,26.6222,8.45,0.3359
10-Sep-1984,0,4.198,25.1111,7.9944,0.3144
11-Sep-1984,0,4.162,22.7333,8.7556,0.2929
12-Sep-1984,0.03,4.125,22.4667,7,0.2956
13-Sep-1984,0.22,4.088,23.45,7.1556,0.2848
14-Sep-1984,0,4.05,24.1667,8.3,0.2875
15-Sep-1984,0,4.012,24.1889,7.5722,0.2768
16-Sep-1984,0.08,3.974,24.7111,7.7222,0.2768
17-Sep-1984,0.9,3.935,25.1833,8.9333,0.2687
18-Sep-1984,2.78,3.896,23.2222,11.0889,0.2633
19-Sep-1984,2.66,3.857,21.2889,9.5056,0.3117
20-Sep-1984,0.24,3.817,18.4778,7.0167,0.3144
21-Sep-1984,0.01,3.777,16.9111,3.7278,0.2848
22-Sep-1984,0,3.737,18.5333,2.5222,0.2821
23-Sep-1984,0,3.697,15.1556,4.5667,0.2687
24-Sep-1984,0,3.656,13.1278,-1.0556,0.266
25-Sep-1984,0,3.616,16.65,-2.6,0.2741
26-Sep-1984,0,3.575,19.35,0.5278,0.2795
27-Sep-1984,0,3.534,20.8056,2.6056,0.2714
28-Sep-1984,0,3.492,20.4278,2.7222,0.2606
29-Sep-1984,0.35,3.451,20.4389,3.4111,0.2606
30-Sep-1984,7.57,3.409,14.8389,3.4278,0.2606
01-Oct-1984,2.11,3.367,8.3944,-0.6389,0.309
02-Oct-1984,0.63,3.325,12.75,2.0833,0.3171
03-Oct-1984,0.65,3.283,14.5722,1.5722,0.3117
04-Oct-1984,0,3.241,15.7889,2.5111,0.2848
05-Oct-1984,0,3.198,15.7722,1.9778,0.2768
06-Oct-1984,0,3.156,17.5556,2.5611,0.2714
07-Oct-1984,0,3.113,18.95,3.3722,0.2633
08-Oct-1984,0,3.071,18.7167,3.8444,0.258
09-Oct-1984,0.68,3.028,17.5222,2.8278,0.2526
10-Oct-1984,1.62,2.986,14.9444,1.7333,0.2526
11-Oct-1984,29.43,2.943,11.1611,0.6333,0.3681
12-Oct-1984,0.01,2.9,12.7833,-2.5333,0.3789
13-Oct-1984,0.8,2.857,12.5556,2.0278,0.3466
14-Oct-1984,0,2.815,8.8889,-1.8333,0.3842
15-Oct-1984,1.2,2.772,5.4389,-4.1111,0.3251
16-Oct-1984,34.51,2.729,1.4444,-5.0278,0.309
17-Oct-1984,2.81,2.687,1.8056,-4.7667,0.3386
18-Oct-1984,1.51,2.644,3.9,-8.0611,0.2983
19-Oct-1984,3.25,2.602,5.7611,-2.5167,0.3708
20-Oct-1984,0.44,2.56,5.5944,-1.4944,0.3681
21-Oct-1984,0.02,2.517,6.2222,-3.5556,0.3439
22-Oct-1984,0.02,2.475,7.7667,-4.8389,0.3305
23-Oct-1984,0,2.433,8.1944,-3.9444,0.3251
24-Oct-1984,0,2.391,10.8667,-1.8722,0.3224
25-Oct-1984,0.41,2.349,11.4611,-1.4778,0.3386
26-Oct-1984,0.95,2.308,9.6667,-0.3056,0.3413
27-Oct-1984,0.47,2.266,7.1556,-3.5667,0.3628
28-Oct-1984,0.82,2.225,7.4944,-3.0278,0.3305
29-Oct-1984,0.47,2.184,8.7833,-0.4667,0.3251
30-Oct-1984,0.19,2.143,8.5833,-3.1111,0.3251
31-Oct-1984,0.02,2.103,8.6833,-4.0778,0.3251
01-Nov-1984,1.94,2.062,11.8389,-5.2444,0.3063
02-Nov-1984,13.29,2.022,10.0389,0.7111,0.3439
03-Nov-1984,0.55,1.982,9.9667,-1.1833,0.5079
04-Nov-1984,0.22,1.943,10.9111,-4.3056,0.438
05-Nov-1984,0.16,1.904,11.2444,-3.4889,0.4004
06-Nov-1984,11.92,1.865,9.4167,-2.0056,0.4004
07-Nov-1984,7.94,1.826,5.1556,-3.1833,0.4031
08-Nov-1984,21.63,1.787,2.7111,-4.1444,0.4246
09-Nov-1984,1.71,1.749,3.0667,-7.5889,0.3305
10-Nov-1984,7.67,1.712,5.4,-6.0333,0.4111
11-Nov-1984,3.03,1.674,9.1,-0.2167,0.4622
12-Nov-1984,5.12,1.637,8,0.2667,0.524
13-Nov-1984,32.91,1.601,5.0556,-2.5389,0.4944
14-Nov-1984,0.2,1.564,2.8111,-7.7556,0.3816
15-Nov-1984,0.87,1.528,4.0556,-6.3444,0.4192
16-Nov-1984,2.1,1.493,3.9611,-4.2389,0.4353
17-Nov-1984,0.88,1.458,5.1556,-6.1944,0.4111
18-Nov-1984,3.06,1.423,5.6389,-4.0778,0.4111
19-Nov-1984,0.9,1.389,5.1111,-7.1778,0.3869
20-Nov-1984,2.03,1.355,5.1111,-5.1611,0.3896
21-Nov-1984,11.11,1.322,1.8167,-4.4778,0.4111
22-Nov-1984,2.33,1.289,1.8111,-3.9611,0.4004
23-Nov-1984,0.21,1.257,3.1222,-6.3,0.3789
24-Nov-1984,25.84,1.225,2.2667,-5.2167,0.4837
25-Nov-1984,4.17,1.193,-1.25,-9.6944,0.4084
26-Nov-1984,0.46,1.163,-0.5389,-13.8167,0.3359
27-Nov-1984,36.71,1.132,3.4056,-7.2056,0.4622
28-Nov-1984,2.9,1.102,1.1778,-4.2444,0.7201
29-Nov-1984,0.12,1.073,0.8222,-9.0667,0.4541
30-Nov-1984,0.04,1.044,2.8556,-7.9833,0.4487
01-Dec-1984,0.07,1.016,3.55,-8.2667,0.4219
02-Dec-1984,0.89,0.988,3.2389,-8.0667,0.3923
03-Dec-1984,1.96,0.961,2.3556,-4.9778,0.4326
04-Dec-1984,0.14,0.935,2.6222,-6.4778,0.4031
05-Dec-1984,1.84,0.909,2.1222,-4.9611,0.3977
06-Dec-1984,0.04,0.883,4.4278,-5.9111,0.3869
07-Dec-1984,0.01,0.858,4.4833,-6.45,0.3708
08-Dec-1984,1.24,0.834,5.8556,-5.3611,0.3896
09-Dec-1984,0.3,0.811,4.9444,-4.6333,0.3789
10-Dec-1984,5.52,0.788,4.0778,-4.5722,0.3842
11-Dec-1984,0.06,0.765,3.3667,-3.4389,0.3816
12-Dec-1984,2.13,0.743,2.8167,-4.2111,0.3762
13-Dec-1984,0.04,0.722,-0.6889,-7.8167,0.3466
14-Dec-1984,0.51,0.702,0.5222,-11.3389,0.2983
15-Dec-1984,12.39,0.682,1.0278,-7.5667,0.3977
16-Dec-1984,1.24,0.663,-2.6222,-9.9667,0.3493
17-Dec-1984,0.14,0.644,-4.2056,-15.2278,0.2929
18-Dec-1984,0.37,0.627,-4.5167,-14.8556,0.258
19-Dec-1984,1.11,0.609,-2.4889,-13.3111,0.3601
20-Dec-1984,0,0.593,-0.5944,-13.6556,0.309
21-Dec-1984,0,0.577,0.65,-13.7111,0.3493
22-Dec-1984,0,0.562,1.35,-12.65,0.309
23-Dec-1984,0,0.547,3.5944,-11.7556,0.3278
24-Dec-1984,0,0.534,2.6611,-10.6111,0.3439
25-Dec-1984,0.04,0.521,3.95,-11.1611,0.3359
26-Dec-1984,0.01,0.508,3.6111,-8.7444,0.3493
27-Dec-1984,0,0.497,4.1667,-9.3667,0.3681
28-Dec-1984,0,0.486,3.9222,-7.9778,0.3977
29-Dec-1984,0,0.475,4.0889,-9.7667,0.4299
30-Dec-1984,0,0.466,6.0111,-8.1389,0.4031
31-Dec-1984,0,0.457,3.9833,-9.4889,0.3762
01-Jan-1985,0,0.44,4.1,-9.7722,0.3628
02-Jan-1985,0,0.442,4.1444,-9.1778,0.3681
03-Jan-1985,0,0.435,4.9778,-8.5444,0.3762
04-Jan-1985,0,0.429,5.0833,-8.7111,0.3869
05-Jan-1985,0.03,0.424,4.6611,-6.4222,0.3762
06-Jan-1985,0.67,0.419,2.2278,-3.2667,0.3762
07-Jan-1985,7.23,0.416,0.6278,-4.0944,0.3681
08-Jan-1985,0.24,0.413,1.4667,-6.2611,0.3493
09-Jan-1985,0.03,0.41,1.2778,-5.7444,0.3708
10-Jan-1985,0.01,0.409,2.9056,-6.3889,0.3305
11-Jan-1985,0.03,0.408,2.5167,-9.0333,0.3117
12-Jan-1985,0,0.408,2.4056,-9.7722,0.2956
13-Jan-1985,0,0.409,3.8889,-9.8111,0.2741
14-Jan-1985,0,0.41,5.0889,-9.3611,0.2633
15-Jan-1985,0,0.412,6.2,-7.6667,0.258
16-Jan-1985,0,0.415,6.65,-7.3278,0.2633
17-Jan-1985,0,0.419,7.0889,-7.8389,0.2768
18-Jan-1985,0,0.423,9.7889,-6.3889,0.2902
19-Jan-1985,0,0.428,8.4167,-5.4889,0.3009
20-Jan-1985,0,0.434,8.8056,-6.3,0.2956
21-Jan-1985,0,0.44,6.4056,-7.6833,0.2821
22-Jan-1985,0,0.447,3.0611,-9.0667,0.258
23-Jan-1985,0,0.455,1.55,-9.8556,0.3063
24-Jan-1985,0.02,0.464,2.3278,-11.3667,0.2606
25-Jan-1985,0.2,0.473,1.8611,-10.2111,0.3117
26-Jan-1985,8.33,0.483,-0.2556,-7.1556,0.3413
27-Jan-1985,0.1,0.494,1.3389,-9.9333,0.3117
28-Jan-1985,5.01,0.506,0.1167,-8.5444,0.309
29-Jan-1985,0.01,0.518,-0.1778,-11.8222,0.2983
30-Jan-1985,0.01,0.531,-0.7611,-11.8889,0.3063
31-Jan-1985,2.11,0.545,-1.45,-13.1778,0.2391
01-Feb-1985,3.79,0.559,-2.7833,-15.6222,0.2687
02-Feb-1985,4.46,0.574,-2.6556,-12.7056,0.2956
03-Feb-1985,1.08,0.589,-3.1556,-13.5,0.309
04-Feb-1985,0,0.606,-2.8611,-13.4222,0.2956
05-Feb-1985,0.64,0.623,0.4833,-14.95,0.2821
06-Feb-1985,0.84,0.641,1.9,-12.1056,0.2956
07-Feb-1985,10.13,0.659,1.2278,-7.7111,0.2821
08-Feb-1985,29.03,0.678,-0.0222,-4.2222,0.2633
09-Feb-1985,0.78,0.698,-0.3167,-11.1222,0.2526
10-Feb-1985,0.19,0.718,1.2778,-13.6611,0.2526
11-Feb-1985,0.03,0.739,6.2556,-10.7,0.3224
12-Feb-1985,0,0.761,8.45,-7.3278,0.3278
13-Feb-1985,0,0.783,8.2444,-7.3278,0.3278
14-Feb-1985,0,0.806,9.8222,-6.7333,0.3278
15-Feb-1985,0.01,0.829,12.6,-5.0611,0.3466
16-Feb-1985,0,0.853,12.0167,-4.4611,0.3762
17-Feb-1985,0,0.878,9.6833,-3.5944,0.395
18-Feb-1985,0,0.903,8.95,-4.6944,0.3923
19-Feb-1985,0,0.929,9.1556,-5.2167,0.4192
20-Feb-1985,0,0.955,5.0667,-6.95,0.4434
21-Feb-1985,0.02,0.982,5.4778,-8.7722,0.3789
22-Feb-1985,0,1.01,8.8111,-5.5833,0.3842
23-Feb-1985,0,1.038,9.7167,-4.7,0.3816
24-Feb-1985,0,1.067,11.3111,-5.9667,0.3869
25-Feb-1985,0,1.096,9.9667,-5.2667,0.4246
26-Feb-1985,0,1.126,8.7056,-5.9,0.4326
27-Feb-1985,0,1.156,8.9167,-3.9278,0.4541
28-Feb-1985,0.14,1.187,9.8167,-6.2778,0.438
01-Mar-1985,2.61,1.218,8.5333,-4.8944,0.446
02-Mar-1985,6.27,1.25,2.5778,-8.1667,0.4649
03-Mar-1985,0.78,1.282,-0.2889,-13.1444,0.4084
04-Mar-1985,2.56,1.315,-1.0944,-9.9167,0.3816
05-Mar-1985,7.93,1.348,-0.7556,-7.6778,0.395
06-Mar-1985,11.92,1.382,-2.4,-8.7,0.395
07-Mar-1985,14.66,1.416,-1.1611,-8.3611,0.3842
08-Mar-1985,0.04,1.451,3.6056,-13.3778,0.3359
09-Mar-1985,2.05,1.486,8.6444,-9.7278,0.3923
10-Mar-1985,9.73,1.521,5.9556,-3.6944,0.4326
11-Mar-1985,2.23,1.557,2.95,-4.6333,0.4192
12-Mar-1985,1.19,1.593,5.6,-7.4222,0.4084
13-Mar-1985,0.01,1.629,6.9333,-7.4556,0.4353
14-Mar-1985,0,1.666,8.2167,-6.7611,0.4299
15-Mar-1985,0.34,1.704,8.7444,-6.8833,0.4434
16-Mar-1985,0.21,1.741,9.8222,-6.1222,0.4514
17-Mar-1985,0.36,1.779,9.2167,-4.9222,0.4702
18-Mar-1985,8.05,1.818,6.4389,-1.8111,0.5052
19-Mar-1985,0.02,1.856,9.3333,-3.7333,0.4783
20-Mar-1985,0,1.895,10.4778,-4.5,0.5132
21-Mar-1985,0,1.935,8.3556,-3.4389,0.567
22-Mar-1985,0.01,1.974,8.8778,-7.3722,0.5428
23-Mar-1985,0.7,2.014,10.4833,-4.9389,0.575
24-Mar-1985,2.22,2.054,7.4167,-1.7778,0.6691
25-Mar-1985,3.85,2.094,1.5111,-5.2833,0.618
26-Mar-1985,24.06,2.135,-0.8,-8.7611,0.5428
27-Mar-1985,19.33,2.176,-1.5,-7.2278,0.4299
28-Mar-1985,6.69,2.217,-0.0389,-8.3444,0.395
29-Mar-1985,1.73,2.258,1.5944,-7.9167,0.481
30-Mar-1985,0,2.299,8.5389,-7.9944,0.532
31-Mar-1985,0,2.341,12.4333,-5.25,0.7228
01-Apr-1985,0,2.382,15.6667,-2.3444,1.0372
02-Apr-1985,0,2.424,17.45,-0.8167,1.314
03-Apr-1985,0,2.466,16.3722,-0.6722,1.5236
04-Apr-1985,0,2.508,14.6944,-0.3556,1.5074
05-Apr-1985,0,2.551,17.7111,-0.5222,1.537
06-Apr-1985,0,2.593,18.9278,0.6389,1.8702
07-Apr-1985,0,2.635,18.5389,0.8944,2.0986
08-Apr-1985,0,2.678,18.35,1.1444,2.3915
09-Apr-1985,0,2.72,17.9889,0.8389,2.4721
10-Apr-1985,0.04,2.763,16.1833,0.3833,2.6333
11-Apr-1985,0,2.806,16.0111,-0.3389,2.6548
12-Apr-1985,0,2.848,17.6222,-0.1389,2.5742
13-Apr-1985,0,2.891,20.5944,1.0278,2.7677
14-Apr-1985,0.08,2.934,20.5056,2.5222,3.1438
15-Apr-1985,0.05,2.977,17.1944,2.6056,3.4394
16-Apr-1985,0.79,3.019,12.9111,2.1278,3.2782
17-Apr-1985,9.57,3.062,9.4944,-0.7556,2.7139
18-Apr-1985,1.52,3.104,10.5889,-1.3889,2.0986
19-Apr-1985,0.15,3.147,7.3611,-1.0611,2.0099
20-Apr-1985,0.87,3.189,4.0611,-4.3389,1.7573
21-Apr-1985,1.99,3.232,7.3278,-2.8444,1.5262
22-Apr-1985,0.06,3.274,12.0333,-2.1056,1.4053
23-Apr-1985,0,3.316,13.0833,-2.2278,1.4967
24-Apr-1985,0.03,3.358,11.4389,-3.6556,1.6498
25-Apr-1985,0,3.4,7.9611,-4.2,1.5773
26-Apr-1985,0.01,3.442,9.9278,-5.2222,1.3543
27-Apr-1985,0.42,3.483,15.9333,-2.4222,1.3005
28-Apr-1985,0,3.525,16.75,-1.3222,1.5155
29-Apr-1985,0,3.566,17.2222,0.5389,1.7197
30-Apr-1985,0,3.607,19.8167,-0.0333,1.8433
01-May-1985,0,3.648,19.2833,1.6944,2.4076
02-May-1985,0,3.689,17.6333,3.3778,2.9557
03-May-1985,0,3.729,15.5333,1.4833,3.0095
04-May-1985,0,3.769,14.6556,-1.9389,2.6199
05-May-1985,0.12,3.809,16.5444,-1.2889,2.3807
06-May-1985,0,3.848,15.4778,0.3833,2.6011
07-May-1985,0,3.888,13.8444,1.1667,2.5581
08-May-1985,0.05,3.927,12.2111,0.2833,2.3324
09-May-1985,0.17,3.965,9.8111,-0.5833,2.1604
10-May-1985,0.03,4.004,8.1556,-2.5056,1.7976
11-May-1985,0,4.042,11.3667,-3.6667,1.5665
12-May-1985,0,4.08,14.3611,-2.8,1.631
13-May-1985,0,4.117,17.5222,-1.0444,1.6901
14-May-1985,0,4.154,17.3333,2.0667,1.9803
15-May-1985,0,4.191,15.1667,-0.3667,2.1873
16-May-1985,0,4.227,15.9222,-0.6389,2.0341
17-May-1985,0,4.263,17.0722,0.2389,2.155
18-May-1985,0,4.298,18.1222,1.0833,2.3512
19-May-1985,0.04,4.333,18.1111,1.8722,2.4775
20-May-1985,0,4.368,16.5222,1.0722,2.4586
21-May-1985,0,4.402,18.4056,1.0556,2.241
22-May-1985,0,4.436,20.5111,3.2611,2.3055
23-May-1985,0.23,4.469,20.5833,4.8944,2.3968
24-May-1985,0,4.502,19.5,4.3944,2.6118
25-May-1985,0,4.535,17.3056,2.7111,2.679
26-May-1985,0,4.566,16.05,1.25,2.4667
27-May-1985,0,4.598,14.8278,1.1778,2.3189
28-May-1985,0.15,4.629,12.2222,1.1111,2.0556
29-May-1985,0,4.659,10.8389,0.9667,1.8406
30-May-1985,0,4.689,12.9222,-2.9667,1.5934
31-May-1985,3.48,4.718,10.2667,2.6167,1.5182
01-Jun-1985,0.68,4.747,9.4056,-1.9444,1.3274
02-Jun-1985,5.68,4.775,10.1111,-0.6889,1.314
03-Jun-1985,0.37,4.803,14.6667,0.3722,1.3086
04-Jun-1985,0.7,4.83,18.2611,3.0222,1.2844
05-Jun-1985,0,4.857,20.3056,4.6056,1.3919
06-Jun-1985,0.14,4.883,22.8722,6.1222,1.6257
07-Jun-1985,0,4.908,23.4833,6.85,1.8138
08-Jun-1985,0,4.933,24.2278,6.4944,1.9884
09-Jun-1985,0,4.957,24.8389,6.1833,1.8594
10-Jun-1985,0,4.981,24.05,5.3944,1.7358
11-Jun-1985,0,5.004,25.6333,7.0111,1.5585
12-Jun-1985,0,5.026,26.3944,7.3722,1.4779
13-Jun-1985,0,5.048,26.0389,7.6778,1.4644
14-Jun-1985,0,5.069,26.7278,6.5056,1.3838
15-Jun-1985,0,5.089,27.6667,7.3889,1.2925
16-Jun-1985,0,5.109,28.1778,8.9111,1.2522
17-Jun-1985,0,5.128,28.3889,9.9611,1.2038
18-Jun-1985,0.64,5.147,28.0167,10.4778,1.1474
19-Jun-1985,0.98,5.165,26.95,10.5278,1.099
20-Jun-1985,0.2,5.182,26.0833,9.9611,1.0318
21-Jun-1985,0,5.198,24.7667,8.8611,0.9539
22-Jun-1985,0,5.214,25.65,8.6056,0.8652
23-Jun-1985,0,5.229,23.5444,7.4722,0.8007
24-Jun-1985,0,5.244,20.3833,6.0389,0.7228
25-Jun-1985,0,5.258,18.9556,2.0889,0.6583
26-Jun-1985,0,5.271,22.9167,2.5944,0.6046
27-Jun-1985,0.01,5.283,23.5167,4.35,0.5616
28-Jun-1985,0.02,5.295,23.1778,7.1944,0.5267
29-Jun-1985,0,5.306,22.2167,7.2,0.4944
30-Jun-1985,0,5.316,23.0389,4.4778,0.4622
01-Jul-1985,0,5.325,24.4167,6.0556,0.4514
02-Jul-1985,0,5.334,26.2056,7.4611,0.4434
03-Jul-1985,0,5.342,26.9944,8.3556,0.4568
04-Jul-1985,0,5.35,26.9667,8.8167,0.4434
05-Jul-1985,0,5.356,27.0222,9.9222,0.4272
06-Jul-1985,0,5.362,26.35,10.7833,0.4057
07-Jul-1985,0,5.367,26.8833,10.4278,0.395
08-Jul-1985,0.12,5.372,27.7333,10.7667,0.3977
09-Jul-1985,0.19,5.376,27.3278,10.7722,0.3789
10-Jul-1985,0.16,5.379,25.7444,11.7556,0.3735
11-Jul-1985,0.34,5.381,24.5833,10.2944,0.3816
12-Jul-1985,0.09,5.382,25.9,9.7389,0.3816
13-Jul-1985,0,5.383,27.4389,10.4833,0.3601
14-Jul-1985,0.01,5.383,28.05,9.7,0.3439
15-Jul-1985,0,5.383,27.7333,9.7667,0.3278
16-Jul-1985,0,5.381,26.4556,9.9833,0.3171
17-Jul-1985,0,5.379,25.7722,9.7222,0.3117
18-Jul-1985,0.45,5.376,25.3556,9.3889,0.3009
19-Jul-1985,4.2,5.373,24.7667,9.6556,0.3601
20-Jul-1985,2.73,5.368,21.9333,10.7944,0.3681
21-Jul-1985,0.86,5.363,21.3833,10.8056,0.5455
22-Jul-1985,0.03,5.358,22.6389,7.6111,0.4138
23-Jul-1985,0.09,5.351,24.4833,8.0611,0.352
24-Jul-1985,0.58,5.344,26.6778,9.1222,0.3332
25-Jul-1985,1.53,5.336,25.4944,10.2278,0.3547
26-Jul-1985,0.66,5.327,25.3833,9.8722,0.3789
27-Jul-1985,3.19,5.318,25.4389,8.3667,0.4165
28-Jul-1985,2.39,5.308,23.8833,8.8222,0.395
29-Jul-1985,2.15,5.297,21.3278,5.8333,0.3439
30-Jul-1985,1.23,5.286,18.6222,4.8611,0.3224
31-Jul-1985,0,5.273,18.2889,5.2556,0.3198
01-Aug-1985,0,5.26,19.4167,4.3667,0.309
02-Aug-1985,0,5.247,20.9444,4.8722,0.3036
03-Aug-1985,0.09,5.232,24.1,7.4333,0.2902
04-Aug-1985,0,5.217,24.3333,8.6889,0.2714
05-Aug-1985,0,5.202,24.7333,7.1222,0.2553
06-Aug-1985,0,5.185,25.4889,7.4278,0.2445
07-Aug-1985,0,5.168,24.9222,7.5667,0.266
08-Aug-1985,0,5.151,23.7,8.5722,0.266
09-Aug-1985,0,5.132,23,6.4222,0.2687
10-Aug-1985,0,5.113,23.1278,6.8611,0.2606
11-Aug-1985,0,5.094,21.1278,6.7556,0.2526
12-Aug-1985,0,5.073,23.0222,4.4889,0.2983
13-Aug-1985,0,5.052,23.5,5.8889,0.2983
14-Aug-1985,0,5.031,24.3056,7.5722,0.3009
15-Aug-1985,0.02,5.009,25.6111,7.6111,0.2902
16-Aug-1985,0.27,4.986,24.6722,7.2667,0.2821
17-Aug-1985,0.97,4.962,22.0333,7.5611,0.2768
18-Aug-1985,0.23,4.938,20.6778,6.3889,0.2902
19-Aug-1985,0,4.913,22.3111,4.45,0.2821
20-Aug-1985,0,4.888,22.7056,4.4,0.2741
21-Aug-1985,0,4.862,23.7944,4.7056,0.258
22-Aug-1985,0,4.836,25.2722,4.8389,0.2499
23-Aug-1985,0.02,4.809,25.4944,6.8667,0.2499
24-Aug-1985,0.04,4.781,26.5667,8.8278,0.2418
25-Aug-1985,0,4.753,25.8278,8.9833,0.2338
26-Aug-1985,0,4.724,24.3833,9.6222,0.2311
27-Aug-1985,0,4.695,23.4556,9.4333,0.2257
28-Aug-1985,0,4.665,22.7778,8.9778,0.2257
29-Aug-1985,0.15,4.635,22.8889,8.3056,0.2257
30-Aug-1985,0.02,4.604,22.2833,9.5611,0.223
31-Aug-1985,0.02,4.573,22.4944,10.9944,0.215
01-Sep-1985,0.06,4.541,20.9611,10.5889,0.215
02-Sep-1985,0.49,4.509,17.7389,8.0944,0.215
03-Sep-1985,4.34,4.476,16.25,5.8056,0.223
04-Sep-1985,5.76,4.443,16.7,5.3222,0.2848
05-Sep-1985,1.25,4.409,16.1889,5.9944,0.3063
06-Sep-1985,2.57,4.375,16.1667,7.9833,0.2821
07-Sep-1985,2,4.341,12.2389,7.2111,0.2848
08-Sep-1985,21.6,4.306,11.5944,5.5444,0.2741
09-Sep-1985,8.27,4.27,7.3056,2.2111,0.3896
10-Sep-1985,12.97,4.235,8.3167,-0.1444,0.3762
11-Sep-1985,7.67,4.198,8.3278,-1.2444,0.4192
12-Sep-1985,0.16,4.162,14.2278,-2,0.3547
13-Sep-1985,0.02,4.125,16.7111,0.4944,0.3305
14-Sep-1985,0.04,4.088,16.4167,4.0444,0.2983
15-Sep-1985,0,4.05,16.5722,1.1667,0.2848
16-Sep-1985,0.02,4.012,15.8389,1.3,0.2553
17-Sep-1985,0.89,3.974,13.8889,2.1333,0.2284
18-Sep-1985,5.68,3.935,11.4389,2.1444,0.2257
19-Sep-1985,0,3.896,14.0444,-0.5778,0.2418
20-Sep-1985,0.06,3.857,17.0944,0.0556,0.223
21-Sep-1985,0,3.817,19.5722,1.1667,0.2096
22-Sep-1985,0,3.777,19.2333,3.0167,0.2015
23-Sep-1985,0,3.737,20.0778,2.4778,0.215
24-Sep-1985,0,3.697,21.8167,3.7444,0.215
25-Sep-1985,0,3.656,20.95,4.2111,0.215
26-Sep-1985,1.79,3.616,20.9722,4.4167,0.1962
27-Sep-1985,0.01,3.575,20.2944,4.4444,0.1935
28-Sep-1985,0,3.534,17.9389,2.5833,0.1935
29-Sep-1985,0,3.492,17.5667,0.3389,0.1935
30-Sep-1985,0.02,3.451,16.5667,0.9778,0.1908
01-Oct-1985,0,3.409,16.95,0.8667,0.1881
02-Oct-1985,0,3.367,18.6833,2.2833,0.1854
03-Oct-1985,0,3.325,21.1389,3.5222,0.1827
04-Oct-1985,0,3.283,21.1444,4.4,0.18
05-Oct-1985,2.8,3.241,21.8278,4.8833,0.1773
06-Oct-1985,10.33,3.198,16.1722,6,0.1773
07-Oct-1985,9.6,3.156,10.3222,4.2222,0.2526
08-Oct-1985,13.99,3.113,4.5556,0.0444,0.2875
09-Oct-1985,6.26,3.071,3.5222,-4.0722,0.3063
10-Oct-1985,0.03,3.028,6.8556,-4.4833,0.2821
11-Oct-1985,0,2.986,11.9556,-2.2889,0.3198
12-Oct-1985,0,2.943,10.2667,-1.2056,0.3224
13-Oct-1985,0,2.9,9.1722,-1.7833,0.2956
14-Oct-1985,0,2.857,12.1556,-4.3778,0.2687
15-Oct-1985,0,2.815,14.4278,-2.65,0.2526
16-Oct-1985,0,2.772,16.5889,-1.6389,0.2472
17-Oct-1985,0,2.729,15.3222,-0.7167,0.2418
18-Oct-1985,0,2.687,15.7333,0.2,0.2365
19-Oct-1985,0,2.644,15.7944,-0.0667,0.2311
20-Oct-1985,14.88,2.602,13.1278,1.8556,0.2257
21-Oct-1985,9.45,2.56,6.8222,-2.4167,0.2741
22-Oct-1985,0.32,2.517,6,-3.9556,0.2445
23-Oct-1985,0.16,2.475,12.6278,0.2944,0.2956
24-Oct-1985,0,2.433,13.9833,-0.1833,0.3305
25-Oct-1985,0.01,2.391,14.7722,-0.1667,0.3493
26-Oct-1985,0,2.349,14.05,-0.6944,0.3198
27-Oct-1985,0,2.308,15.5556,-0.5,0.2983
28-Oct-1985,0,2.266,15.1667,0.8056,0.2875
29-Oct-1985,0,2.225,13.6333,-0.7278,0.2768
30-Oct-1985,0,2.184,12.6167,-0.2278,0.266
31-Oct-1985,0.01,2.143,11.2556,-4.1222,0.2553
01-Nov-1985,0,2.103,12.4611,-3.2167,0.2472
02-Nov-1985,0,2.062,14.4333,-2.3667,0.2526
03-Nov-1985,0,2.022,14.9389,-1.1889,0.2499
04-Nov-1985,0,1.982,13.8944,1.1278,0.2472
05-Nov-1985,0,1.943,10.95,-0.9444,0.2472
06-Nov-1985,0,1.904,12.4778,-3.4944,0.2445
07-Nov-1985,0,1.865,13.4778,-1.8333,0.2445
08-Nov-1985,0.22,1.826,9.6778,0.6444,0.2391
09-Nov-1985,1.71,1.787,2.9389,-5.5333,0.2257
10-Nov-1985,30.69,1.749,-1.1889,-7.2944,0.1935
11-Nov-1985,8.4,1.712,-4.3944,-12.8111,0.1693
12-Nov-1985,0.4,1.674,-4.3889,-12.3556,0.1962
13-Nov-1985,0.01,1.637,-1.45,-14.7167,0.1773
14-Nov-1985,0,1.601,-0.2833,-13.1444,0.1612
15-Nov-1985,0.93,1.564,0.7556,-11.0778,0.18
16-Nov-1985,1.63,1.528,2.3278,-6.4333,0.2418
17-Nov-1985,3.06,1.493,-0.0667,-8.5278,0.2311
18-Nov-1985,0.2,1.458,-1.9222,-10.65,0.2391
19-Nov-1985,0.08,1.423,-1.3333,-13.4667,0.2177
20-Nov-1985,1.02,1.389,1.1556,-10.6167,0.2687
21-Nov-1985,0,1.355,1.8944,-10.8111,0.2795
22-Nov-1985,0.12,1.322,3.7722,-6.8,0.2875
23-Nov-1985,14.08,1.289,1.5667,-3.2389,0.2795
24-Nov-1985,24.52,1.257,1.9167,-2.7667,0.3332
25-Nov-1985,5.12,1.225,5.3833,-2.9444,0.4729
26-Nov-1985,0.05,1.193,4.3389,-7.5056,0.3601
27-Nov-1985,2.52,1.163,3.3389,-3.8778,0.3332
28-Nov-1985,22.01,1.132,2.4611,-2.6611,0.3332
29-Nov-1985,20.39,1.102,0.6444,-3.3556,0.3762
30-Nov-1985,1.09,1.073,0.9389,-7.9167,0.2929
01-Dec-1985,7.81,1.044,2.8722,-5.7722,0.3386
02-Dec-1985,54.41,1.016,4.3333,-3.6,0.9512
03-Dec-1985,0.99,0.988,5.6056,-2.8556,0.7094
04-Dec-1985,0.73,0.961,5.9944,-5.5111,0.4864
05-Dec-1985,1.06,0.935,6.0222,-4.6167,0.438
06-Dec-1985,0.19,0.909,5.0056,-5.75,0.395
07-Dec-1985,8.85,0.883,5.0778,-4.5111,0.4031
08-Dec-1985,0.67,0.858,0.6444,-8.1944,0.3789
09-Dec-1985,0.53,0.834,-1.8222,-9.2278,0.3654
10-Dec-1985,1.14,0.811,-4.8611,-12.4611,0.3547
11-Dec-1985,0,0.788,-5.5333,-14.6556,0.3251
12-Dec-1985,0.02,0.765,-2.0611,-15.7889,0.2714
13-Dec-1985,0,0.743,1.1,-12.9278,0.3036
14-Dec-1985,0,0.722,2.1333,-10.3389,0.3413
15-Dec-1985,0,0.702,3.7111,-9.5556,0.3493
16-Dec-1985,0,0.682,5.6444,-8.4333,0.3493
17-Dec-1985,0,0.663,5.9889,-7.9611,0.3547
18-Dec-1985,0,0.644,7.1056,-7.1167,0.3762
19-Dec-1985,0,0.627,7.3167,-6.7667,0.3681
20-Dec-1985,0,0.609,7.2944,-6.7,0.3601
21-Dec-1985,0,0.593,6.6667,-6.95,0.352
22-Dec-1985,0,0.577,6.2444,-6.6222,0.3493
23-Dec-1985,0,0.562,6.3222,-6.9444,0.3493
24-Dec-1985,0,0.547,6.0722,-5.8611,0.3439
25-Dec-1985,0,0.534,5.8889,-5.9278,0.3413
26-Dec-1985,0,0.521,5.3056,-6.55,0.3386
27-Dec-1985,0.01,0.508,4.8611,-7.8333,0.3359
28-Dec-1985,0.03,0.497,5.6833,-6.7111,0.3359
29-Dec-1985,8.54,0.486,4.5278,-5.0222,0.3842
30-Dec-1985,15.53,0.475,4.1778,-2.2389,0.5589
31-Dec-1985,0.89,0.466,3.7556,-2.6722,0.5267
01-Jan-1986,0.09,0.44,7.7333,-2.4667,0.438
02-Jan-1986,0.18,0.442,6.9611,-5.7833,0.395
03-Jan-1986,0.27,0.435,6.2,-3.5944,0.4004
04-Jan-1986,27.6,0.429,4.45,-2.2278,0.4111
05-Jan-1986,10.78,0.424,6.0556,-1.8611,0.8518
06-Jan-1986,0.09,0.419,6.7222,-4.0611,0.7416
07-Jan-1986,0,0.416,6.35,-5.2111,0.5508
08-Jan-1986,0,0.413,9.2056,-3.9889,0.5186
09-Jan-1986,1.07,0.41,9.9,-4.5444,0.4756
10-Jan-1986,0,0.409,11.8222,-4.0722,0.4541
11-Jan-1986,0,0.408,10.0667,-3.5667,0.4487
12-Jan-1986,0,0.408,8.3833,-3.7444,0.4326
13-Jan-1986,0.31,0.409,8.35,-3.65,0.4272
14-Jan-1986,3.56,0.41,7.7333,-3.2556,0.4246
15-Jan-1986,5.1,0.412,4.95,-2.8667,0.4084
16-Jan-1986,28.07,0.415,7.1722,-0.3444,0.4219
17-Jan-1986,3.14,0.419,8.9,1.4833,1.0963
18-Jan-1986,1.48,0.423,10.9833,-1.2667,0.8357
19-Jan-1986,0.43,0.428,11.9944,0.8111,0.7309
20-Jan-1986,0.34,0.434,6.6778,-3.6667,0.7067
21-Jan-1986,0.09,0.44,4.2556,-5.4056,0.6046
22-Jan-1986,0.51,0.447,7.7833,-4.0333,0.5697
23-Jan-1986,5.14,0.455,5.8111,-3.4944,0.5374
24-Jan-1986,0.12,0.464,5.2222,-8.4111,0.4864
25-Jan-1986,0,0.473,8.1667,-7.6111,0.4783
26-Jan-1986,0,0.483,10.0278,-5.6667,0.4783
27-Jan-1986,0,0.494,11.0944,-4.3944,0.4756
28-Jan-1986,1.52,0.506,12.85,-1.9833,0.4756
29-Jan-1986,2.58,0.518,11.8778,-0.9333,0.4649
30-Jan-1986,9.26,0.531,7.5667,0.2833,0.4944
31-Jan-1986,3.59,0.545,5.6667,-1.3889,0.4944
01-Feb-1986,1.99,0.559,5.5778,-4.2444,0.4649
02-Feb-1986,14.33,0.574,2.2611,-2.7722,0.4702
03-Feb-1986,2.94,0.589,1.2111,-3.9833,0.4326
04-Feb-1986,0.21,0.606,1.7667,-6.2333,0.4568
05-Feb-1986,0.46,0.623,1.9056,-8.5389,0.4057
06-Feb-1986,0.04,0.641,-1.0556,-8.8111,0.3762
07-Feb-1986,0.1,0.659,-1.2111,-12.8278,0.3601
08-Feb-1986,1.09,0.678,-1.5889,-10.5111,0.3601
09-Feb-1986,0.01,0.698,0.7667,-13.1556,0.3574
10-Feb-1986,0.17,0.718,4.7222,-11.2167,0.395
11-Feb-1986,0.68,0.739,3.3333,-8.1056,0.4031
12-Feb-1986,35.17,0.761,4.3944,-5.2944,0.4407
13-Feb-1986,19.94,0.783,5.75,-0.9611,1.3193
14-Feb-1986,59.5,0.806,7.7278,-0.2833,1.9642
15-Feb-1986,76.1,0.829,2.7389,-1.4889,3.1976
16-Feb-1986,53.43,0.853,3.4833,-1.3944,3.0632
17-Feb-1986,116.32,0.878,3.8556,-0.6611,12.2798
18-Feb-1986,46.34,0.903,4.2111,0.9444,9.7808
19-Feb-1986,73.12,0.929,3.05,-1.7111,11.2318
20-Feb-1986,9.42,0.955,2.2667,-3.7611,4.353
21-Feb-1986,0.24,0.982,4.5222,-3.8444,2.8751
22-Feb-1986,0,1.01,8.6167,-1.9722,2.3216
23-Feb-1986,0,1.038,11.75,-1.8944,2.112
24-Feb-1986,0.05,1.067,14.4833,-1.5889,2.1013
25-Feb-1986,0,1.096,15.2222,-1.5944,2.3727
26-Feb-1986,0,1.126,14.8667,-0.6556,2.4479
27-Feb-1986,0,1.156,15.5889,-0.6833,2.4291
28-Feb-1986,0,1.187,15.7944,-0.5056,2.4425
01-Mar-1986,0.33,1.218,12.8167,0.3778,2.4452
02-Mar-1986,0.04,1.25,12.0167,0.3167,2.3162
03-Mar-1986,0,1.282,13.1444,0.1611,2.3565
04-Mar-1986,0,1.315,14.1667,-0.55,2.4801
05-Mar-1986,0,1.348,14.3333,-0.6667,2.4909
06-Mar-1986,5.19,1.382,11.9778,-0.4444,2.4936
07-Mar-1986,24.49,1.416,8.2722,1.1611,2.5796
08-Mar-1986,82.72,1.451,3.6278,-0.4944,12.0379
09-Mar-1986,7.79,1.486,1.7556,-4.2944,6.6907
10-Mar-1986,24.29,1.521,2.1444,-2.9111,4.6755
11-Mar-1986,4.17,1.557,2.6111,-3.3778,3.7619
12-Mar-1986,2.12,1.593,2.7944,-4.2,3.1707
13-Mar-1986,4.04,1.629,1.4333,-5.9278,2.7408
14-Mar-1986,0.48,1.666,1.7722,-9.4889,2.3565
15-Mar-1986,16.4,1.704,0.4944,-7.5833,2.0986
16-Mar-1986,6.12,1.741,0.9444,-6.7889,1.932
17-Mar-1986,1.78,1.779,2.5,-8.2389,1.7949
18-Mar-1986,1.04,1.818,5.4722,-7.1722,1.6525
19-Mar-1986,0,1.856,8.9278,-6.0667,1.5424
20-Mar-1986,0.03,1.895,12.7444,-4.1111,1.4994
21-Mar-1986,0.03,1.935,13.65,-2.2944,1.5477
22-Mar-1986,0,1.974,13.1111,-2.5833,1.5907
23-Mar-1986,0,2.014,13.3389,-1.9389,1.6337
24-Mar-1986,0,2.054,10.3889,0.2778,1.6525
25-Mar-1986,0,2.094,12.2278,-3.0111,1.6606
26-Mar-1986,0.04,2.135,15.3389,-2.15,1.7493
27-Mar-1986,0.15,2.176,17.1944,-0.4944,2.0502
28-Mar-1986,0.58,2.217,17.4722,0.4056,2.3915
29-Mar-1986,0.64,2.258,16.9444,1.2056,2.644
30-Mar-1986,0.02,2.299,15.9556,1.4667,3.117
31-Mar-1986,1.06,2.341,13.6278,0.3667,3.3319
01-Apr-1986,3.17,2.382,11.1667,-0.4667,3.4125
02-Apr-1986,0.96,2.424,5.9,-7.7111,3.2513
03-Apr-1986,0.01,2.466,8.7056,-7.1222,2.7945
04-Apr-1986,4.75,2.508,10.6389,-3.9778,2.5608
05-Apr-1986,2.53,2.551,8.6167,-0.4167,2.5312
06-Apr-1986,8.08,2.593,8.0778,-0.1722,2.4479
07-Apr-1986,7.72,2.635,7.3222,-0.8111,2.378
08-Apr-1986,0.04,2.678,7.25,-1.6889,2.2679
09-Apr-1986,0.06,2.72,12.4889,-1.7889,2.1416
10-Apr-1986,0,2.763,14.1278,-1.1389,2.2491
11-Apr-1986,0.07,2.806,14.1111,-1.0222,2.5258
12-Apr-1986,1.57,2.848,9.2278,-1.15,2.8214
13-Apr-1986,0.34,2.891,7.8944,-7.6,2.6467
14-Apr-1986,0.08,2.934,10.4333,-4.1333,2.37
15-Apr-1986,1.6,2.977,7.8056,-0.7111,2.2732
16-Apr-1986,1.17,3.019,4.7667,-3.9944,2.2034
17-Apr-1986,0.1,3.062,6.1778,-3.9444,2.0798
18-Apr-1986,0.01,3.104,10.0833,-5.4167,1.9454
19-Apr-1986,0,3.147,14.9389,-2.8889,2.0233
20-Apr-1986,0.04,3.189,18.5,-0.9667,2.4049
21-Apr-1986,0,3.232,20,1.5333,3.1976
22-Apr-1986,0,3.274,17.0611,2.5278,4.0843
23-Apr-1986,0,3.316,12.95,1.2889,4.4336
24-Apr-1986,0.1,3.358,10.9833,-2.3889,3.8425
25-Apr-1986,0.04,3.4,7.9833,0.3778,3.5738
26-Apr-1986,0,3.442,9.9667,-4.4833,3.2782
27-Apr-1986,0,3.483,14.5833,-2.3,3.2244
28-Apr-1986,0,3.525,13.9333,2.5444,4.1112
29-Apr-1986,0,3.566,13.4667,-2.5833,4.4605
30-Apr-1986,0,3.607,15.1611,-2.3778,4.0843
01-May-1986,0,3.648,13.35,0.4611,4.1918
02-May-1986,0,3.689,12.3611,3.6722,4.4336
03-May-1986,9.84,3.729,9.1278,0.45,4.7292
04-May-1986,1.42,3.769,6.0278,-3.5667,3.8693
05-May-1986,4.23,3.809,4.5667,-4.8,3.2513
06-May-1986,1.9,3.848,3.1056,-7.8222,2.902
07-May-1986,0.11,3.888,7.3278,-7.7611,2.6118
08-May-1986,0.82,3.927,10.0222,-2.6667,2.4801
09-May-1986,1.5,3.965,14.2278,-3.0167,2.5366
10-May-1986,0.27,4.004,12.4389,-0.25,2.9289
11-May-1986,0,4.042,12.1833,-3.3833,3.0095
12-May-1986,0.04,4.08,14.3556,-1.8611,3.1707
13-May-1986,0,4.117,15.8167,-1.1,3.4663
14-May-1986,0.74,4.154,14.4167,0.3222,3.6544
15-May-1986,0.03,4.191,15.2444,-0.7111,3.8693
16-May-1986,0.02,4.227,15.6167,0.0944,4.0306
17-May-1986,0,4.263,18.6722,0.2056,4.0574
18-May-1986,0,4.298,19.8889,1.4389,4.5411
19-May-1986,0,4.333,18.9444,2.9611,5.1591
20-May-1986,0.07,4.368,15.0056,3.2444,5.4278
21-May-1986,0,4.402,10.6278,1.1556,4.568
22-May-1986,0,4.436,12.3889,-4.3667,3.8962
23-May-1986,0,4.469,15.4889,0.6889,3.8425
24-May-1986,0,4.502,20.7611,1.6333,3.7887
25-May-1986,0,4.535,23.5278,3.5944,4.6755
26-May-1986,0,4.566,23.1167,6.0222,5.4278
27-May-1986,0,4.598,23.0167,5.5333,5.9115
28-May-1986,0.7,4.629,24.4833,6.5667,6.2339
29-May-1986,0,4.659,25.4833,7.7889,6.6907
30-May-1986,0.09,4.689,25.6611,8.8,6.5564
31-May-1986,7.6,4.718,24.9833,8.9444,6.9863
01-Jun-1986,3.4,4.747,23.0833,6.85,7.1207
02-Jun-1986,0.13,4.775,22.3444,7.1667,6.3683
03-Jun-1986,0,4.803,21.8722,6.2833,6.6101
04-Jun-1986,0,4.83,20.0944,4.5111,6.0996
05-Jun-1986,0,4.857,18.6333,3.5222,5.3203
06-Jun-1986,0,4.883,17.4333,2.4222,4.7829
07-Jun-1986,0,4.908,17.7667,2.4222,4.353
08-Jun-1986,0.03,4.933,18.8667,2.2889,3.735
09-Jun-1986,0,4.957,20.8833,3.8944,3.5469
10-Jun-1986,0,4.981,22.95,4.1722,3.4394
11-Jun-1986,1.39,5.004,22.9056,5.7722,3.4932
12-Jun-1986,0.41,5.026,22.3111,7.5333,3.4932
13-Jun-1986,0,5.048,22.7778,6.6889,3.6812
14-Jun-1986,0.05,5.069,21.4444,7.3611,3.8962
15-Jun-1986,0,5.089,20.6167,4.3556,3.6812
16-Jun-1986,0,5.109,20.8889,4.6333,3.4394
17-Jun-1986,0,5.128,20.0667,4.9833,3.3857
18-Jun-1986,0,5.147,18.6278,6.0611,3.3857
19-Jun-1986,0,5.165,18.6111,1.0556,3.0632
20-Jun-1986,0,5.182,21.1833,1.6556,2.7139
21-Jun-1986,0.05,5.198,23.1389,3.5056,2.5822
22-Jun-1986,0.05,5.214,25,6.2056,2.6333
23-Jun-1986,0,5.229,26.2722,7.0111,2.6467
24-Jun-1986,0,5.244,25.7833,8.7833,2.6844
25-Jun-1986,0,5.258,24.6667,7.4556,2.636
26-Jun-1986,0,5.271,24.8611,8.2444,2.55
27-Jun-1986,0,5.283,23.5944,9.8278,2.4775
28-Jun-1986,0,5.295,21.6667,6.6056,2.3861
29-Jun-1986,0,5.306,21.4944,3.7,2.1604
30-Jun-1986,0,5.316,22.8556,5.3944,1.9992
01-Jul-1986,0,5.325,26,8.0111,1.9508
02-Jul-1986,0,5.334,25.0611,8.8,2.0153
03-Jul-1986,0,5.342,23.8,8.0056,1.9723
04-Jul-1986,0,5.35,21.7056,9.7278,1.889
05-Jul-1986,0,5.356,19.9167,4.0167,1.7466
06-Jul-1986,0,5.362,20.2056,6.1,1.5934
07-Jul-1986,0,5.367,20.0944,5.3889,1.5021
08-Jul-1986,0,5.372,20.1833,5.3278,1.4214
09-Jul-1986,0,5.376,21.3389,5.2556,1.3489
10-Jul-1986,0,5.379,23.45,6.1,1.271
11-Jul-1986,0,5.381,25.2389,8.3167,1.2226
12-Jul-1986,0,5.382,25.3056,9.4111,1.2575
13-Jul-1986,0,5.383,24.9333,9.5056,1.2522
14-Jul-1986,0.13,5.383,24.0722,8.3667,1.1957
15-Jul-1986,0,5.383,21.9056,7.9833,1.0883
16-Jul-1986,0,5.381,19.5556,6.7444,1.0103
17-Jul-1986,0,5.379,19.3056,3.7944,0.9405
18-Jul-1986,0,5.376,21.5111,4,0.8894
19-Jul-1986,0,5.373,24.25,6.0222,0.8464
20-Jul-1986,0,5.368,25.7556,7.7,0.8169
21-Jul-1986,1.69,5.363,24.9833,8.6056,0.79
22-Jul-1986,18,5.358,21.8556,8.8278,0.7981
23-Jul-1986,7.3,5.351,17.9556,8.8056,0.927
24-Jul-1986,4.57,5.344,18.8444,7.0167,0.9163
25-Jul-1986,7.7,5.336,18.2278,6.3333,0.9458
26-Jul-1986,1.34,5.327,18.8278,5.0889,1.1178
27-Jul-1986,0.06,5.318,20.3611,5.5333,0.9028
28-Jul-1986,0,5.308,20.9611,6.8667,0.7927
29-Jul-1986,0,5.297,22.5611,4.9611,0.7389
30-Jul-1986,0,5.286,24.5444,5.9889,0.6852
31-Jul-1986,0,5.273,25.6611,7.6222,0.6503
01-Aug-1986,0,5.26,26.35,9.5111,0.6126
02-Aug-1986,0,5.247,26.6111,9.1889,0.5858
03-Aug-1986,0,5.232,26.7889,8.6556,0.5562
04-Aug-1986,0,5.217,27.1389,8.4889,0.5347
05-Aug-1986,0,5.202,27,9.3722,0.5159
06-Aug-1986,0,5.185,26.1889,9.6389,0.4971
07-Aug-1986,0,5.168,26.1889,9.1167,0.5105
08-Aug-1986,0,5.151,26.6444,8.6111,0.5025
09-Aug-1986,0.2,5.132,27.5944,9.1611,0.4944
10-Aug-1986,0.17,5.113,26.8611,9.8333,0.4783
11-Aug-1986,0,5.094,26.1333,9.1056,0.4649
12-Aug-1986,0,5.073,26.2944,9.0778,0.446
13-Aug-1986,0,5.052,25.9889,7.9889,0.438
14-Aug-1986,0,5.031,26.2833,8.6722,0.4299
15-Aug-1986,0,5.009,25.6167,9.9,0.4353
16-Aug-1986,0,4.986,25.5833,9.0556,0.4246
17-Aug-1986,0.06,4.962,25.8556,7.8611,0.3923
18-Aug-1986,0,4.938,26.0278,7.9611,0.3842
19-Aug-1986,0.03,4.913,24.7056,9.2833,0.3816
20-Aug-1986,1.49,4.888,23.4333,11.75,0.4057
21-Aug-1986,0.02,4.862,24.9722,9.7,0.4487
22-Aug-1986,0.02,4.836,25.1,8.2222,0.4111
23-Aug-1986,0,4.809,25.05,7.5889,0.395
24-Aug-1986,0,4.781,25.3,7.7222,0.3816
25-Aug-1986,0.03,4.753,25.5056,8.0944,0.3681
26-Aug-1986,0,4.724,25.1722,9.15,0.3735
27-Aug-1986,2.14,4.695,24.0389,9.6889,0.3923
28-Aug-1986,0.03,4.665,23.0056,7.7389,0.4165
29-Aug-1986,0,4.635,21.9889,8.0944,0.3896
30-Aug-1986,0.01,4.604,21.6,5.7556,0.3762
31-Aug-1986,0,4.573,22.2556,5.9444,0.3681
01-Sep-1986,0,4.541,23.5222,6.4111,0.3681
02-Sep-1986,0,4.509,24.4111,7.6667,0.3654
03-Sep-1986,0,4.476,25.3389,8.1167,0.3574
04-Sep-1986,0,4.443,26.4833,8.7778,0.3493
05-Sep-1986,0.13,4.409,26.8222,9.6333,0.3708
06-Sep-1986,0,4.375,26.1611,9.3056,0.3198
07-Sep-1986,0,4.341,23.7111,8.1222,0.3036
08-Sep-1986,0,4.306,19.8611,8.1222,0.3009
09-Sep-1986,0.02,4.27,17.5,3.2556,0.3224
10-Sep-1986,0,4.235,18.9667,0.8889,0.3493
11-Sep-1986,0,4.198,20.3722,2.9389,0.3493
12-Sep-1986,0,4.162,18.4778,4.3222,0.3359
13-Sep-1986,0.06,4.125,14.9056,5.6389,0.3278
14-Sep-1986,0,4.088,12.9167,1.7167,0.3224
15-Sep-1986,0,4.05,11.6889,-0.9944,0.3063
16-Sep-1986,2.13,4.012,10.35,-0.6944,0.3063
17-Sep-1986,5.06,3.974,9.6778,0.8722,0.3144
18-Sep-1986,0.72,3.935,9.9333,-2.0056,0.3896
19-Sep-1986,0.47,3.896,9.35,-0.6722,0.3359
20-Sep-1986,0.18,3.857,10.2278,-4.1056,0.3009
21-Sep-1986,0,3.817,11.6667,-3.2722,0.3063
22-Sep-1986,0.25,3.777,12.75,-2.1556,0.2956
23-Sep-1986,1.58,3.737,11.8333,-1.25,0.2875
24-Sep-1986,19.74,3.697,8.3,0.2056,0.2956
25-Sep-1986,5.75,3.656,5.4,-1.4778,0.3466
26-Sep-1986,2.77,3.616,5.4389,-0.5667,0.352
27-Sep-1986,4.77,3.575,6.7611,-1.1278,0.3466
28-Sep-1986,0.02,3.534,9.6611,-2.4556,0.3493
29-Sep-1986,0.53,3.492,12.1333,-3.1333,0.3466
30-Sep-1986,0.12,3.451,13.1778,-0.6556,0.3574
01-Oct-1986,2.32,3.409,9.2944,0.2111,0.3789
02-Oct-1986,2.72,3.367,8,0.3667,0.4138
03-Oct-1986,0.05,3.325,9.9333,-2.5222,0.3735
04-Oct-1986,0.07,3.283,12.5056,-1.75,0.3601
05-Oct-1986,1.05,3.241,14.9667,0.5111,0.3574
06-Oct-1986,0,3.198,16.4556,0.55,0.3628
07-Oct-1986,0.04,3.156,17.1833,1.0056,0.3601
08-Oct-1986,0.04,3.113,18.1667,1.7611,0.3493
09-Oct-1986,0,3.071,17.3667,2.0667,0.3413
10-Oct-1986,0,3.028,16.9444,2.1,0.3359
11-Oct-1986,0,2.986,13.9722,0.4833,0.3278
12-Oct-1986,0,2.943,12.4389,-3.45,0.3198
13-Oct-1986,0,2.9,14.5222,-3.55,0.3063
14-Oct-1986,0,2.857,15.9889,-2.45,0.3036
15-Oct-1986,0,2.815,15.5167,-2.0333,0.3009
16-Oct-1986,0.06,2.772,13.5056,-2.3889,0.2902
17-Oct-1986,0.42,2.729,10.6889,-0.7167,0.2848
18-Oct-1986,0.04,2.687,8.9889,-2.9833,0.2821
19-Oct-1986,0.01,2.644,10.1222,-0.7389,0.2875
20-Oct-1986,0,2.602,11.45,-0.8889,0.2875
21-Oct-1986,0,2.56,13.2278,-2.25,0.2848
22-Oct-1986,0.03,2.517,12.9444,-2.2611,0.2795
23-Oct-1986,0,2.475,12.8722,-2.1389,0.2768
24-Oct-1986,0,2.433,14.8056,0.3722,0.2768
25-Oct-1986,0,2.391,16.2556,-0.0167,0.2687
26-Oct-1986,0,2.349,16.3,1.0556,0.2633
27-Oct-1986,0.02,2.308,15.0944,3.5389,0.2633
28-Oct-1986,0.05,2.266,12.6778,-0.7056,0.2633
29-Oct-1986,0.03,2.225,12.6278,1.8389,0.2633
30-Oct-1986,0.08,2.184,10.2111,2.2944,0.2633
31-Oct-1986,0,2.143,7.5389,-2.0944,0.266
01-Nov-1986,0.02,2.103,8.9611,-4.5222,0.2606
02-Nov-1986,0,2.062,11.2056,-4.6056,0.2499
03-Nov-1986,0,2.022,13.7611,-4.45,0.2445
04-Nov-1986,0,1.982,14.65,-3.0444,0.258
05-Nov-1986,0,1.943,13.8333,-3.0944,0.2606
06-Nov-1986,0.01,1.904,8.6556,-6.0722,0.2606
07-Nov-1986,0.01,1.865,4.15,-8.25,0.2338
08-Nov-1986,0,1.826,5.7944,-7.6667,0.2311
09-Nov-1986,0,1.787,9.1722,-7.5889,0.2311
10-Nov-1986,0,1.749,10.0278,-6.0611,0.2472
11-Nov-1986,0.09,1.712,10.6944,-5.3111,0.2472
12-Nov-1986,0,1.674,11.5667,-4.4278,0.2499
13-Nov-1986,0,1.637,12.6056,-4.7611,0.2472
14-Nov-1986,0,1.601,11.2722,-2.4444,0.2553
15-Nov-1986,0,1.564,10.6833,-4.5278,0.2418
16-Nov-1986,0,1.528,11.9833,-3.7389,0.2499
17-Nov-1986,0,1.493,12.9056,-1.5167,0.258
18-Nov-1986,0,1.458,11.7056,-1.5222,0.2499
19-Nov-1986,0.39,1.423,11.55,0.3667,0.2526
20-Nov-1986,2.03,1.389,11.0611,-2.8444,0.2526
21-Nov-1986,0.86,1.355,8.2333,-1.4722,0.2526
22-Nov-1986,0.04,1.322,6.6667,-6.8778,0.2365
23-Nov-1986,0.01,1.289,9.3444,-5.0667,0.2391
24-Nov-1986,0.98,1.257,10.7111,-5.85,0.2365
25-Nov-1986,0.03,1.225,9.5056,-5.1278,0.2391
26-Nov-1986,0,1.193,10.1278,-6.9833,0.215
27-Nov-1986,0.01,1.163,11.7667,-3.2333,0.2284
28-Nov-1986,0.96,1.132,9.3333,-1.3222,0.2445
29-Nov-1986,3.14,1.102,5.7278,-5.1333,0.2418
30-Nov-1986,0.16,1.073,4.5722,-10.3778,0.215
01-Dec-1986,0,1.044,9.1556,-7.6,0.2311
02-Dec-1986,0.57,1.016,11.0889,-5.1556,0.2741
03-Dec-1986,0,0.988,11.2389,-4.3889,0.266
04-Dec-1986,0,0.961,8.3889,-1.6389,0.2553
05-Dec-1986,3.44,0.935,6.3056,-1.7167,0.2553
06-Dec-1986,2.85,0.909,3.2222,-2.2333,0.258
07-Dec-1986,0.78,0.883,3.5778,-3.7333,0.2553
08-Dec-1986,0.04,0.858,5.0389,-8.8333,0.2042
09-Dec-1986,0.04,0.834,4.7611,-8.9944,0.1908
10-Dec-1986,0,0.811,5.8111,-9.1722,0.2338
11-Dec-1986,0,0.788,6.0944,-8.5889,0.2472
12-Dec-1986,0,0.765,7.4944,-6.8556,0.2553
13-Dec-1986,0.05,0.743,7.1111,-5.2722,0.2499
14-Dec-1986,0,0.722,6.8722,-6.2778,0.2472
15-Dec-1986,0,0.702,6.2889,-8.4722,0.215
16-Dec-1986,0.02,0.682,5.3611,-8.5167,0.2203
17-Dec-1986,0.08,0.663,4.6667,-7.9778,0.2391
18-Dec-1986,1.55,0.644,3.8611,-6.6722,0.2553
19-Dec-1986,2.49,0.627,2.0833,-5.6278,0.2445
20-Dec-1986,1.85,0.609,3.2889,-5.4444,0.2284
21-Dec-1986,0.11,0.593,3.9944,-8.0333,0.2177
22-Dec-1986,1.28,0.577,5.4278,-6.65,0.2096
23-Dec-1986,0.03,0.562,3.0889,-4.5,0.2338
24-Dec-1986,0,0.547,4.4111,-8.2111,0.2096
25-Dec-1986,0.13,0.534,4.4333,-8.75,0.1988
26-Dec-1986,0,0.521,4.6278,-7.4111,0.2123
27-Dec-1986,0,0.508,5.3167,-7.2222,0.2203
28-Dec-1986,0,0.497,5.5389,-8.7778,0.1854
29-Dec-1986,0,0.486,8.2389,-7.7389,0.2123
30-Dec-1986,0.03,0.475,6.1278,-9.2389,0.1747
31-Dec-1986,0.02,0.466,5.1278,-6.05,0.223
01-Jan-1987,9.75,0.44,5.8889,-2.4111,0.2338
02-Jan-1987,13.35,0.442,4.2056,-6.0278,0.215
03-Jan-1987,30.93,0.435,2.2222,-5.05,0.223
04-Jan-1987,11.52,0.429,0.3167,-5.0444,0.2069
05-Jan-1987,2.34,0.424,-0.6167,-7.2556,0.2257
06-Jan-1987,4.53,0.419,-1.8167,-8.7833,0.2203
07-Jan-1987,0.93,0.416,-1.5222,-8.5556,0.2365
08-Jan-1987,0.64,0.413,-2.1389,-12.0556,0.1827
09-Jan-1987,0.06,0.41,-2.3944,-13.1167,0.1773
10-Jan-1987,0.02,0.409,-0.7556,-12.3278,0.1747
11-Jan-1987,0,0.408,0.8889,-11.0778,0.1773
12-Jan-1987,0.02,0.408,2.8,-10.2333,0.1827
13-Jan-1987,0,0.409,2.4333,-10.2444,0.1881
14-Jan-1987,0.51,0.41,0.9444,-13.7056,0.1962
15-Jan-1987,0.55,0.412,-4.0333,-13.8667,0.2015
16-Jan-1987,0.54,0.415,-4.9,-15.4722,0.1935
17-Jan-1987,0.04,0.419,0.6556,-14.1056,0.1962
18-Jan-1987,0,0.423,1.2167,-11.1111,0.1988
19-Jan-1987,0,0.428,2,-11.4389,0.1988
20-Jan-1987,0,0.434,2.3278,-12.7222,0.2015
21-Jan-1987,0,0.44,4.1556,-10.6444,0.2015
22-Jan-1987,0.25,0.447,5.8611,-8.2389,0.2096
23-Jan-1987,6.62,0.455,4.5778,-6.4389,0.2257
24-Jan-1987,3.67,0.464,5.3056,-4.4222,0.2338
25-Jan-1987,0.18,0.473,9.0556,-1.25,0.2499
26-Jan-1987,2.42,0.483,11.4333,-3.6833,0.2633
27-Jan-1987,6.06,0.494,9.9944,-2.9111,0.2687
28-Jan-1987,6.92,0.506,3.8778,-4.8667,0.2821
29-Jan-1987,1.9,0.518,2.4667,-6.2222,0.2391
30-Jan-1987,0,0.531,4.4944,-5.0833,0.2499
31-Jan-1987,0.54,0.545,6.2778,-7.0333,0.2338
01-Feb-1987,0.16,0.559,8.6944,-6.4889,0.2391
02-Feb-1987,1.88,0.574,7.15,-2.8056,0.2338
03-Feb-1987,0.25,0.589,5.7389,-5.8111,0.2311
04-Feb-1987,0,0.606,6.6333,-8.2611,0.2203
05-Feb-1987,0.05,0.623,8.5167,-7.55,0.2177
06-Feb-1987,0.02,0.641,10.6056,-5.8444,0.2257
07-Feb-1987,0,0.659,11.0833,-4.0556,0.2391
08-Feb-1987,0,0.678,8.7278,-3.3444,0.2391
09-Feb-1987,0.66,0.698,7.5167,-1.2111,0.2391
10-Feb-1987,1.63,0.718,8.4,-1.5778,0.2472
11-Feb-1987,7.92,0.739,6.7778,-0.7167,0.2741
12-Feb-1987,16.23,0.761,5.0444,-2.3,0.2848
13-Feb-1987,39.35,0.783,3.5333,-1.8667,0.8625
14-Feb-1987,6.71,0.806,2.4167,-7.8333,0.4944
15-Feb-1987,9.9,0.829,1.9222,-6.3833,0.3708
16-Feb-1987,0.22,0.853,2.5611,-9.2722,0.3036
17-Feb-1987,0.05,0.878,3,-8.4556,0.2902
18-Feb-1987,0.49,0.903,1.4167,-7.6222,0.2768
19-Feb-1987,0.34,0.929,1.7667,-9.6778,0.2526
20-Feb-1987,0.02,0.955,2.25,-8.4056,0.2741
21-Feb-1987,0.28,0.982,3.3167,-9.8444,0.2365
22-Feb-1987,1.88,1.01,3.4,-9.1722,0.2499
23-Feb-1987,17.98,1.038,-0.8778,-9.3167,0.2687
24-Feb-1987,3.67,1.067,-4.2389,-12.3611,0.2526
25-Feb-1987,2.59,1.096,-3.0889,-13.65,0.258
26-Feb-1987,1.26,1.126,0.2611,-14.4111,0.2365
27-Feb-1987,0.24,1.156,4.4056,-11.8722,0.2203
28-Feb-1987,0.09,1.187,7.3389,-8.6278,0.2526
01-Mar-1987,0,1.218,8.5056,-6.5611,0.2553
02-Mar-1987,0,1.25,8.2944,-2.9833,0.2687
03-Mar-1987,0.11,1.282,12.3889,-2.4222,0.266
04-Mar-1987,0.2,1.315,12.8833,-1.6944,0.2795
05-Mar-1987,11.21,1.348,8.3,1.7167,0.3251
06-Mar-1987,1.75,1.382,7.65,0.4722,0.4192
07-Mar-1987,0.25,1.416,7.5611,-1.8556,0.3735
08-Mar-1987,0.6,1.451,7.9333,-0.6,0.3574
09-Mar-1987,0.09,1.486,8.9167,-3.9056,0.3466
10-Mar-1987,0.56,1.521,8.2167,-4.0056,0.3278
11-Mar-1987,0.77,1.557,9.8056,-1.2611,0.3171
12-Mar-1987,20.64,1.593,9.6111,-2.6167,0.3278
13-Mar-1987,13.18,1.629,5.3167,-3.4167,0.3816
14-Mar-1987,7.71,1.666,2.3111,-4.2444,0.3654
15-Mar-1987,1.08,1.704,1.0667,-6.95,0.3359
16-Mar-1987,0.18,1.741,4.9944,-6.25,0.3386
17-Mar-1987,1.22,1.779,9.1444,-5.0722,0.3224
18-Mar-1987,7.12,1.818,3.7833,-4.5444,0.352
19-Mar-1987,2,1.856,-0.3111,-8.9611,0.3224
20-Mar-1987,0.06,1.895,1.3389,-11.2167,0.2875
21-Mar-1987,2.36,1.935,-0.0944,-7.6111,0.3251
22-Mar-1987,0.14,1.974,2.6833,-8.4,0.2902
23-Mar-1987,11.33,2.014,1.6056,-4.7444,0.3144
24-Mar-1987,4.09,2.054,2.7,-5.2944,0.3198
25-Mar-1987,0.04,2.094,6.2556,-5.7167,0.3009
26-Mar-1987,0.01,2.135,9.6389,-5.7,0.309
27-Mar-1987,0,2.176,7.7722,-5.9667,0.3063
28-Mar-1987,0.01,2.217,8.2167,-6.5333,0.2983
29-Mar-1987,0,2.258,9.7556,-5.2833,0.2983
30-Mar-1987,0,2.299,12.9167,-4.3278,0.3117
31-Mar-1987,0,2.341,14.4111,-2.4667,0.3466
01-Apr-1987,0.15,2.382,15.5889,-1.9667,0.395
02-Apr-1987,0.05,2.424,14.7111,-1.5056,0.4837
03-Apr-1987,3.72,2.466,7.8222,-0.6,0.6126
04-Apr-1987,0.06,2.508,9.3889,-1.9278,0.5105
05-Apr-1987,0.9,2.551,11.1722,-2.7944,0.481
06-Apr-1987,0.73,2.593,13.3444,-2.9889,0.4998
07-Apr-1987,0,2.635,14.9278,-0.9111,0.6153
08-Apr-1987,0.04,2.678,14.9944,-0.9167,0.7443
09-Apr-1987,1.29,2.72,15.5222,0.2222,0.8249
10-Apr-1987,0.01,2.763,15.1389,0.9056,0.9727
11-Apr-1987,0.01,2.806,13.6722,1.8833,1.0372
12-Apr-1987,0,2.848,13.1333,-3.6778,1.056
13-Apr-1987,0,2.891,17.1722,-3.0333,0.9835
14-Apr-1987,0,2.934,18.3833,1.1444,1.2226
15-Apr-1987,0,2.977,20.1056,0.9,1.3516
16-Apr-1987,0.03,3.019,20.1278,0.6,1.4403
17-Apr-1987,0,3.062,17.2167,2.3167,1.6606
18-Apr-1987,1.03,3.104,10.3278,-1.8944,1.6445
19-Apr-1987,0.03,3.147,8.7444,-7.8889,1.1259
20-Apr-1987,0,3.189,15.1222,-5.3611,1.0076
21-Apr-1987,0,3.232,19.15,-1.1111,1.0883
22-Apr-1987,0,3.274,19.7778,1.0167,1.3462
23-Apr-1987,0,3.316,18.2056,2.8333,1.4913
24-Apr-1987,0,3.358,19.2167,1.0778,1.5773
25-Apr-1987,1.2,3.4,20.3222,2.0444,1.7278
26-Apr-1987,0.24,3.442,20.1944,3.1833,1.9105
27-Apr-1987,3.51,3.483,20.3167,3.3167,1.9239
28-Apr-1987,0.17,3.525,19.1833,4.1611,2.1496
29-Apr-1987,0.48,3.566,17.0667,4.8111,2.2491
30-Apr-1987,5.24,3.607,12.05,2.1167,2.2652
01-May-1987,0.25,3.648,7.8611,-0.5778,1.6095
02-May-1987,0.03,3.689,12.1111,-3.95,1.2952
03-May-1987,0.06,3.729,16.1611,-1.8667,1.2656
04-May-1987,1.29,3.769,19.1889,0.85,1.4403
05-May-1987,0.06,3.809,21.75,3.6333,1.5397
06-May-1987,0,3.848,22.2944,4.8389,1.6203
07-May-1987,1.34,3.888,20.4111,5.0722,1.5397
08-May-1987,5.11,3.927,19.1111,5.05,1.5612
09-May-1987,5.09,3.965,17.5167,4.8167,1.6418
10-May-1987,7.34,4.004,19.1444,5.2111,1.7546
11-May-1987,0.68,4.042,19.85,6.3722,2.292
12-May-1987,1.93,4.08,20.5944,6,2.4667
13-May-1987,0.42,4.117,22.6333,5.3167,1.9911
14-May-1987,4.56,4.154,21.8833,6.1056,1.8111
15-May-1987,7.46,4.191,20.0167,6.3889,2.0932
16-May-1987,5.09,4.227,17.5167,6.1333,2.5554
17-May-1987,2.32,4.263,15.35,4.6833,2.0368
18-May-1987,0.34,4.298,15.6722,2.3167,1.7331
19-May-1987,4.37,4.333,13.1722,3.05,1.5155
20-May-1987,10.43,4.368,8.3389,1.45,1.3758
21-May-1987,1.42,4.402,10.2944,-1.2056,1.2978
22-May-1987,1.86,4.436,12.6778,-0.85,1.1501
23-May-1987,0.07,4.469,14.1611,0.4056,1.1017
24-May-1987,0.42,4.502,12.1167,-0.2167,1.0318
25-May-1987,0.25,4.535,8.6111,-1.3778,0.9324
26-May-1987,1.73,4.566,6.8,0.4278,0.8787
27-May-1987,1.5,4.598,11.6944,0.3111,0.8249
28-May-1987,0.96,4.629,14.1,0.6389,0.7658
29-May-1987,0.04,4.659,15.45,2.9889,0.7524
30-May-1987,0.04,4.689,16.7444,2.9944,0.7577
31-May-1987,0.07,4.718,17.85,5.7278,0.7604
01-Jun-1987,0.42,4.747,20.2667,1.5889,0.7551
02-Jun-1987,0,4.775,22.4056,3.2333,0.7551
03-Jun-1987,0.06,4.803,23.2056,5.8778,0.7389
04-Jun-1987,0.06,4.83,22.6222,7.4111,0.7228
05-Jun-1987,0.06,4.857,20.4278,7.4778,0.7148
06-Jun-1987,7.06,4.883,17.5333,6.55,0.7148
07-Jun-1987,3.17,4.908,17.7444,5.4611,0.876
08-Jun-1987,1.12,4.933,18.4333,5.4944,0.7658
09-Jun-1987,0.07,4.957,20.3778,4.5444,0.7631
10-Jun-1987,0.04,4.981,21.3222,5.25,0.6718
11-Jun-1987,0.02,5.004,22.7333,5.3833,0.6153
12-Jun-1987,0.11,5.026,25.0222,5.6667,0.5697
13-Jun-1987,0.33,5.048,25.15,7.6111,0.5213
14-Jun-1987,1.66,5.069,21.3333,7.5333,0.5455
15-Jun-1987,1.23,5.089,17.1444,3.6278,0.4917
16-Jun-1987,0.03,5.109,17.2389,0.35,0.4568
17-Jun-1987,0,5.128,18.0167,1.3333,0.4111
18-Jun-1987,0,5.147,19.5667,2.5556,0.3896
19-Jun-1987,0.12,5.165,21.0111,4.3833,0.3628
20-Jun-1987,0,5.182,19.5833,4.5611,0.3386
21-Jun-1987,0,5.198,18.8333,4.1278,0.3198
22-Jun-1987,0,5.214,20.2222,1.3444,0.309
23-Jun-1987,0.05,5.229,23.25,3.4611,0.2956
24-Jun-1987,0,5.244,26.0444,6.6667,0.2902
25-Jun-1987,0,5.258,27.6333,8.2444,0.309
26-Jun-1987,0,5.271,27,9.1833,0.3198
27-Jun-1987,2.09,5.283,25.7333,11.0278,0.3251
28-Jun-1987,0.55,5.295,24.0556,8.1889,0.3278
29-Jun-1987,0.15,5.306,24.3611,7.5889,0.3332
30-Jun-1987,0.21,5.316,22.8333,7.5722,0.3332
01-Jul-1987,0.11,5.325,21.8778,7.2167,0.3171
02-Jul-1987,0,5.334,22.1056,4.3333,0.3063
03-Jul-1987,0.01,5.342,21.8722,4.8556,0.2848
04-Jul-1987,0.02,5.35,21.3722,4.2778,0.2768
05-Jul-1987,0.01,5.356,21.8556,3.8389,0.2633
06-Jul-1987,0,5.362,22.8111,5.3667,0.2418
07-Jul-1987,0.82,5.367,24.3167,7.2278,0.2257
08-Jul-1987,0,5.372,23.8778,7.6611,0.2445
09-Jul-1987,0,5.376,24.2889,9.0556,0.2391
10-Jul-1987,0.06,5.379,23.4611,9.3833,0.2203
11-Jul-1987,0,5.381,23.6778,8.9778,0.2177
12-Jul-1987,0.06,5.382,25.5722,9.3611,0.215
13-Jul-1987,0.22,5.383,27.4833,10.1,0.2418
14-Jul-1987,0.74,5.383,28.7722,10.9889,0.2257
15-Jul-1987,0.62,5.383,27.4611,11.7944,0.2203
16-Jul-1987,0.07,5.381,22.9056,9.1056,0.3359
17-Jul-1987,0.04,5.379,16.2222,3.6056,0.2795
18-Jul-1987,0.2,5.376,13.3722,1.6111,0.2445
19-Jul-1987,0.02,5.373,15.7778,0.5278,0.2418
20-Jul-1987,0,5.368,17.2,4.6556,0.2284
21-Jul-1987,0,5.363,15.3889,4.3444,0.2177
22-Jul-1987,0,5.358,17.5722,0.0056,0.2069
23-Jul-1987,0,5.351,20.6278,2.0722,0.2015
24-Jul-1987,0,5.344,21.7056,3.7944,0.2311
25-Jul-1987,0,5.336,22.7167,5.0389,0.223
26-Jul-1987,0,5.327,24.3833,5.6111,0.223
27-Jul-1987,0,5.318,24.9222,6.8833,0.2096
28-Jul-1987,0,5.308,25.0056,7.1889,0.1854
29-Jul-1987,0,5.297,24.4889,6.7667,0.1693
30-Jul-1987,0.01,5.286,24.9333,5.7722,0.1666
31-Jul-1987,0,5.273,25.6278,6.2167,0.1639
01-Aug-1987,0.04,5.26,27.1889,8,0.1182
02-Aug-1987,0,5.247,27.2889,9.1833,0.1021
03-Aug-1987,0.05,5.232,28.5833,10.8667,0.1263
04-Aug-1987,0.04,5.217,28.9889,12.1,0.1558
05-Aug-1987,0,5.202,28.8611,11.8944,0.1612
06-Aug-1987,0,5.185,28.2,10.3556,0.1505
07-Aug-1987,0,5.168,26.5722,8.7667,0.1532
08-Aug-1987,0,5.151,27.5722,9.7111,0.1585
09-Aug-1987,0,5.132,27.7167,11.0889,0.1585
10-Aug-1987,0,5.113,25.9167,10.2667,0.1532
11-Aug-1987,0,5.094,25.2444,9.5444,0.1451
12-Aug-1987,0,5.073,24.9889,7.4833,0.1424
13-Aug-1987,0,5.052,22.9444,6.0056,0.172
14-Aug-1987,0,5.031,19.4778,5.8278,0.1693
15-Aug-1987,0,5.009,20.8,3.6889,0.1693
16-Aug-1987,0,4.986,23.7444,5.5111,0.1585
17-Aug-1987,0,4.962,25.7611,7.3056,0.1505
18-Aug-1987,0,4.938,26.7056,8.0556,0.1451
19-Aug-1987,0,4.913,25.3667,8.7944,0.129
20-Aug-1987,0.03,4.888,23.3222,8.1167,0.1182
21-Aug-1987,0,4.862,23.6278,7.6333,0.1397
22-Aug-1987,0,4.836,24.3333,7.0222,0.1478
23-Aug-1987,0,4.809,23.6667,5.7667,0.1424
24-Aug-1987,0,4.781,23.15,6.4278,0.1424
25-Aug-1987,0,4.753,23.4056,6.65,0.1344
26-Aug-1987,0,4.724,24.3611,7.35,0.1317
27-Aug-1987,0.62,4.695,25.4278,7.9833,0.1505
28-Aug-1987,0,4.665,25.6611,8.5778,0.1397
29-Aug-1987,0.14,4.635,25.6389,9.6056,0.1182
30-Aug-1987,0.24,4.604,25.7889,9.8556,0.1075
31-Aug-1987,0.86,4.573,25.6056,10.3722,0.1102
01-Sep-1987,0.01,4.541,25.4833,9.3833,0.1102
02-Sep-1987,0.57,4.509,24.4722,8.8389,0.1155
03-Sep-1987,0,4.476,22.7167,8.7333,0.1129
04-Sep-1987,0,4.443,21.5167,7.2333,0.1182
05-Sep-1987,0,4.409,21.7056,7.3889,0.1236
06-Sep-1987,0,4.375,21.9944,6.4611,0.094
07-Sep-1987,0,4.341,21.9556,6.3167,0.0833
08-Sep-1987,0,4.306,22.6167,7.4667,0.0806
09-Sep-1987,0,4.27,22.7556,6.5056,0.0806
10-Sep-1987,0,4.235,22.4056,6.0444,0.0779
11-Sep-1987,0.04,4.198,22.25,5.9222,0.0779
12-Sep-1987,0.11,4.162,21.2611,5.6444,0.0806
13-Sep-1987,0.03,4.125,21.1056,4.4167,0.0779
14-Sep-1987,0,4.088,21.0222,4.6611,0.0752
15-Sep-1987,0,4.05,20.5167,3.0778,0.086
16-Sep-1987,0,4.012,19.3278,2.35,0.086
17-Sep-1987,0,3.974,20.6222,2.3722,0.086
18-Sep-1987,0,3.935,23.1833,3.6611,0.0914
19-Sep-1987,0,3.896,24.1667,4.5667,0.086
20-Sep-1987,0,3.857,24.1333,5.1944,0.086
21-Sep-1987,0,3.817,24.6167,5.7111,0.0833
22-Sep-1987,0,3.777,25.2111,6.5833,0.0833
23-Sep-1987,0,3.737,24.4389,6.25,0.0779
24-Sep-1987,0,3.697,23.0111,6.5111,0.086
25-Sep-1987,0,3.656,21.8722,6.05,0.0914
26-Sep-1987,0,3.616,20.7444,3.7056,0.086
27-Sep-1987,0,3.575,21.1778,2.85,0.0887
28-Sep-1987,0,3.534,22.7667,3.9333,0.094
29-Sep-1987,0,3.492,23.0778,4.6611,0.094
30-Sep-1987,0,3.451,23.7444,5.25,0.0914
01-Oct-1987,0,3.409,18.8556,4.8111,0.094
02-Oct-1987,0,3.367,19.0611,4.7056,0.094
03-Oct-1987,0,3.325,19.4667,5.0833,0.0967
04-Oct-1987,0,3.283,19.9111,5.1389,0.0967
05-Oct-1987,0,3.241,19.2333,5.0444,0.0967
06-Oct-1987,0,3.198,19.0222,4.9722,0.0994
07-Oct-1987,0,3.156,17.1778,3.8611,0.0967
08-Oct-1987,0,3.113,16.4667,3.5056,0.1048
09-Oct-1987,0.07,3.071,16.1056,3.1333,0.1048
10-Oct-1987,0.15,3.028,15.4944,3.3722,0.1075
11-Oct-1987,1.97,2.986,15.3333,2.4167,0.1075
12-Oct-1987,8.1,2.943,11.9111,2.4222,0.1236
13-Oct-1987,0.17,2.9,12.2667,1.3556,0.1666
14-Oct-1987,0.5,2.857,13.7944,-0.0944,0.1424
15-Oct-1987,0,2.815,13.7389,0.0389,0.1263
16-Oct-1987,0,2.772,14.3389,0.7056,0.1209
17-Oct-1987,0,2.729,14.1667,0.5056,0.1182
18-Oct-1987,0,2.687,13.4278,0.4,0.1182
19-Oct-1987,0,2.644,13.4722,0.6944,0.1182
20-Oct-1987,0,2.602,13.6,0.9056,0.1182
21-Oct-1987,0.62,2.56,13.4222,2.2611,0.1182
22-Oct-1987,7.02,2.517,10.1833,2.7,0.1209
23-Oct-1987,8.08,2.475,8.0167,2.1389,0.1424
24-Oct-1987,0.67,2.433,9.6278,0.6278,0.1558
25-Oct-1987,0.53,2.391,10.3667,-0.1778,0.1424
26-Oct-1987,0.48,2.349,11.8056,1.05,0.1344
27-Oct-1987,0.94,2.308,11.8778,2.4833,0.1317
28-Oct-1987,14.13,2.266,9.5944,3.6056,0.137
29-Oct-1987,18.94,2.225,6.65,2.05,0.2096
30-Oct-1987,0.48,2.184,8.9611,0.1111,0.18
31-Oct-1987,2.23,2.143,7.6611,0.9667,0.1558
01-Nov-1987,1.88,2.103,7.7611,0.1778,0.1478
02-Nov-1987,3.67,2.062,5.5389,-1.4056,0.1478
03-Nov-1987,6.94,2.022,4.7667,-0.1722,0.172
04-Nov-1987,2.43,1.982,7.3333,0.6,0.1747
05-Nov-1987,5.83,1.943,6.7722,1.0167,0.18
06-Nov-1987,1.82,1.904,5.6778,0.9444,0.2203
07-Nov-1987,0.18,1.865,8.6056,-1.6444,0.1962
08-Nov-1987,0.01,1.826,9.7056,-1.4444,0.1747
09-Nov-1987,0.46,1.787,9.1778,-0.4,0.1639
10-Nov-1987,0.01,1.749,9.6,-1.9389,0.1612
11-Nov-1987,0,1.712,11.9389,-0.8389,0.1612
12-Nov-1987,0.68,1.674,10.8444,0.05,0.1558
13-Nov-1987,13.01,1.637,4.9833,-0.0333,0.1612
14-Nov-1987,0.53,1.601,3.8111,-5.2389,0.2096
15-Nov-1987,0.71,1.564,5.1333,-6.8778,0.1639
16-Nov-1987,0.72,1.528,7.0389,-1.6889,0.1612
17-Nov-1987,15.74,1.493,3.9389,0.2056,0.1908
18-Nov-1987,0.76,1.458,7.2222,-0.8611,0.1988
19-Nov-1987,0.03,1.423,8.2778,-1.5889,0.1854
20-Nov-1987,3.61,1.389,7.4111,-2.1333,0.18
21-Nov-1987,0.36,1.355,5.2944,-4,0.1747
22-Nov-1987,0,1.322,4.7611,-4.3167,0.1827
23-Nov-1987,0.16,1.289,4.3278,-5.8611,0.1693
24-Nov-1987,1.8,1.257,5.8333,-5.2944,0.1558
25-Nov-1987,1.17,1.225,1.5167,-6.8111,0.1747
26-Nov-1987,0.05,1.193,2.9778,-7.7,0.1451
27-Nov-1987,0,1.163,4.45,-6.4556,0.1424
28-Nov-1987,0,1.132,2.2944,-6.0111,0.137
29-Nov-1987,0.23,1.102,3.3389,-7,0.1612
30-Nov-1987,0.62,1.073,3.6611,-4.9167,0.1612
01-Dec-1987,1.58,1.044,4.6222,-0.1333,0.18
02-Dec-1987,0.78,1.016,6.7444,1.2556,0.18
03-Dec-1987,0.07,0.988,8.3,0.4944,0.1693
04-Dec-1987,0.34,0.961,7.1444,0.1389,0.1666
05-Dec-1987,2.15,0.935,4.6111,-1.9444,0.1639
06-Dec-1987,20.34,0.909,4.6389,-1.6444,0.1747
07-Dec-1987,5,0.883,1.7111,-4.6389,0.2123
08-Dec-1987,4.44,0.858,1.9111,-5.2167,0.1478
09-Dec-1987,3.9,0.834,6.5167,-1.0167,0.18
10-Dec-1987,0.4,0.811,6.8667,0.25,0.2311
11-Dec-1987,0.04,0.788,3.9333,-4.2111,0.2391
12-Dec-1987,0.08,0.765,-2.8389,-8.05,0.2096
13-Dec-1987,0.65,0.743,-4.9556,-9.6,0.2015
14-Dec-1987,0.05,0.722,-1.9056,-11.0278,0.1935
15-Dec-1987,0.36,0.702,-1.8722,-7.7444,0.3224
16-Dec-1987,5.6,0.682,-1.5889,-5.9444,0.3224
17-Dec-1987,0.13,0.663,-0.6944,-7.3444,0.3224
18-Dec-1987,2.97,0.644,2.4778,-8.5667,0.3171
19-Dec-1987,8.22,0.627,1.0944,-7.0333,0.3144
20-Dec-1987,0.12,0.609,2.25,-8.4667,0.3117
21-Dec-1987,1.83,0.593,2.3667,-4.1556,0.2956
22-Dec-1987,17.34,0.577,1.7667,-4.8611,0.2956
23-Dec-1987,0.83,0.562,-4.0667,-10.2111,0.2956
24-Dec-1987,1.97,0.547,-6.3444,-11.25,0.2956
25-Dec-1987,0.09,0.534,-2.8722,-12.6278,0.2956
26-Dec-1987,0.11,0.521,0.8278,-10.9389,0.2956
27-Dec-1987,0,0.508,-0.3944,-9.4444,0.2956
28-Dec-1987,18.55,0.497,-2.2667,-7.7778,0.2956
29-Dec-1987,11.45,0.486,-3.3556,-8.6944,0.2956
30-Dec-1987,3.36,0.475,-1.6889,-10.4667,0.2956
31-Dec-1987,0.01,0.466,-2.5222,-12.6333,0.2956
01-Jan-1988,3.01,0.44,-2.7611,-11.1222,0.2956
02-Jan-1988,7.95,0.442,0.1278,-6.9833,0.2956
03-Jan-1988,17.67,0.435,1.1056,-2.8056,0.2902
04-Jan-1988,11.84,0.429,2.7111,-1.3556,0.2902
05-Jan-1988,3.9,0.424,1.6167,-3.7556,0.2875
06-Jan-1988,1.27,0.419,1.5722,-7.6333,0.2821
07-Jan-1988,5.74,0.416,1.9833,-7.5667,0.2741
08-Jan-1988,5.13,0.413,1.7111,-4.0611,0.2687
09-Jan-1988,1.49,0.41,4.9444,-2.0833,0.2553
10-Jan-1988,5.65,0.409,5.6778,-3.2556,0.2472
11-Jan-1988,3.48,0.408,1.6556,-6.0167,0.2391
12-Jan-1988,1.49,0.408,2.3889,-9.9333,0.1988
13-Jan-1988,0.52,0.409,5.0333,-5.0722,0.2338
14-Jan-1988,5,0.41,6.9167,-1.95,0.2257
15-Jan-1988,6.45,0.412,2.1056,-4.1222,0.2257
16-Jan-1988,13.78,0.415,-1.3111,-5.6778,0.2069
17-Jan-1988,9.38,0.419,-2.7444,-6.5444,0.1773
18-Jan-1988,3.79,0.423,-1.6944,-12.0389,0.1827
19-Jan-1988,1.29,0.428,-1.1,-9.9889,0.1881
20-Jan-1988,0.75,0.434,2.4222,-9.4833,0.1935
21-Jan-1988,0.28,0.44,2.5889,-7.3222,0.215
22-Jan-1988,0.88,0.447,4.5778,-6.6,0.2311
23-Jan-1988,0.01,0.455,7.1056,-4.5611,0.2311
24-Jan-1988,0.48,0.464,6.7944,-4.6556,0.2338
25-Jan-1988,0.67,0.473,7.0389,-4.7389,0.2338
26-Jan-1988,0.38,0.483,6.0944,-4.3889,0.2365
27-Jan-1988,0.04,0.494,7.1056,-2.6222,0.2365
28-Jan-1988,0.21,0.506,7.5,-1.4722,0.2338
29-Jan-1988,1.88,0.518,3.5222,-1.7944,0.2391
30-Jan-1988,1.06,0.531,2.9333,-4.6167,0.2311
31-Jan-1988,0.7,0.545,1.3944,-7.0889,0.2096
01-Feb-1988,0,0.559,0.2889,-8.4833,0.1962
02-Feb-1988,0.03,0.574,0.0889,-8.9833,0.2203
03-Feb-1988,0.04,0.589,1.6278,-10.25,0.1962
04-Feb-1988,0.01,0.606,3.0278,-9.6278,0.2042
05-Feb-1988,0.81,0.623,5.3389,-8.2278,0.2069
06-Feb-1988,0.82,0.641,6.9944,-6.1444,0.2015
07-Feb-1988,0,0.659,8.9722,-4.0889,0.223
08-Feb-1988,0,0.678,9.1833,-2.8833,0.223
09-Feb-1988,0.11,0.698,9.6722,-3.3611,0.2203
10-Feb-1988,0,0.718,6.9333,-3.3056,0.2311
11-Feb-1988,0,0.739,7.4778,-3.5944,0.2338
12-Feb-1988,0,0.761,9.5056,-4.0444,0.2338
13-Feb-1988,0,0.783,7.9833,-2.2167,0.2472
14-Feb-1988,0,0.806,8.9389,-3.9111,0.2418
15-Feb-1988,0.02,0.829,8.6944,-3.3222,0.258
16-Feb-1988,0,0.853,3.5167,-5.1889,0.2633
17-Feb-1988,0,0.878,5.6889,-7.7,0.2338
18-Feb-1988,0.04,0.903,2.4056,-5.8111,0.2499
19-Feb-1988,0,0.929,5.3056,-6.5778,0.2203
20-Feb-1988,0,0.955,8.3167,-4.5,0.2365
21-Feb-1988,0.07,0.982,9.5889,-4.0778,0.2445
22-Feb-1988,0.01,1.01,10.1667,-4.1111,0.2472
23-Feb-1988,0,1.038,9.5556,-3.2333,0.258
24-Feb-1988,0.01,1.067,9.7278,-2.7278,0.2633
25-Feb-1988,0.25,1.096,10.1278,-2.4833,0.2768
26-Feb-1988,0.24,1.126,9.9167,-1.7389,0.2902
27-Feb-1988,2.21,1.156,7.0278,-0.1556,0.3063
28-Feb-1988,1.94,1.187,5.7222,-0.4222,0.3224
29-Feb-1988,3.65,1.218,3.6056,-0.6278,0.3117
01-Mar-1988,13.16,1.25,2.1,-2.3722,0.309
02-Mar-1988,0.57,1.282,5.7167,-2.6278,0.3036
03-Mar-1988,0.3,1.315,8.5611,-3.5611,0.3063
04-Mar-1988,0.51,1.348,8.7,-2.7722,0.3063
05-Mar-1988,0,1.382,8.6889,-2.6333,0.3305
06-Mar-1988,0.46,1.416,7.5611,-1.8111,0.3466
07-Mar-1988,0.17,1.451,6.4389,-3.45,0.3386
08-Mar-1988,0.02,1.486,10.2111,-3.2,0.3278
09-Mar-1988,1.56,1.521,4.2444,-4.7778,0.395
10-Mar-1988,0.23,1.557,0.25,-8.7944,0.3305
11-Mar-1988,0.21,1.593,1.1778,-8.5778,0.309
12-Mar-1988,0.01,1.629,4.5222,-8.6778,0.2821
13-Mar-1988,0.1,1.666,6.6944,-6.9722,0.2875
14-Mar-1988,0.01,1.704,8.0278,-5.2556,0.2956
15-Mar-1988,0.02,1.741,5.3167,-4.2333,0.2956
16-Mar-1988,0.16,1.779,6.8722,-6.2944,0.2741
17-Mar-1988,0,1.818,9.4556,-5.2556,0.2741
18-Mar-1988,0.23,1.856,11.3889,-3.5278,0.2902
19-Mar-1988,0.02,1.895,12.2833,-2.2222,0.3144
20-Mar-1988,0,1.935,12.0889,-0.8111,0.3628
21-Mar-1988,0.02,1.974,8.7056,-0.1278,0.4084
22-Mar-1988,0.26,2.014,9.55,-1.7111,0.4138
23-Mar-1988,0.05,2.054,9.5611,0.2889,0.4622
24-Mar-1988,0,2.094,11.0056,-2.0778,0.5455
25-Mar-1988,0,2.135,13.4056,-0.6611,0.5858
26-Mar-1988,0.05,2.176,13.5111,-0.1722,0.6691
27-Mar-1988,0.04,2.217,8.1778,-1.9278,0.7443
28-Mar-1988,0.18,2.258,5.9222,-5.6389,0.653
29-Mar-1988,0,2.299,8.6889,-4.1167,0.6046
30-Mar-1988,0.01,2.341,5.3056,-5.3833,0.5992
31-Mar-1988,0.58,2.382,6.4278,-5.2389,0.5159
01-Apr-1988,0,2.424,10.5222,-4.0444,0.4944
02-Apr-1988,1.21,2.466,11.3444,-1.7889,0.5482
03-Apr-1988,0.14,2.508,8.4167,1.4444,0.6315
04-Apr-1988,0.21,2.551,10.6444,0.7722,0.5589
05-Apr-1988,0.02,2.593,14.4056,-1.3056,0.575
06-Apr-1988,0.2,2.635,14.2722,2.35,0.6933
07-Apr-1988,0.01,2.678,11.2667,0.9944,0.7766
08-Apr-1988,0,2.72,8.9389,-3.4333,0.8384
09-Apr-1988,0.21,2.763,12.1778,-2.8111,0.7174
10-Apr-1988,0.22,2.806,14.8444,-0.4722,0.7362
11-Apr-1988,0.2,2.848,16.1111,1.45,0.8706
12-Apr-1988,0.87,2.891,14.8222,1.4667,0.9458
13-Apr-1988,1.31,2.934,10.6,1.9722,0.9781
14-Apr-1988,18.26,2.977,6.3333,0.5944,0.9727
15-Apr-1988,1.5,3.019,5.7,0.1667,0.8679
16-Apr-1988,0.56,3.062,8.8667,-0.0389,0.79
17-Apr-1988,0.25,3.104,8.6611,0.5111,0.8249
18-Apr-1988,1.25,3.147,7.2833,-1.5167,0.7927
19-Apr-1988,13.34,3.189,4.1833,-0.2111,0.7443
20-Apr-1988,4.68,3.232,4.7278,-2.3111,0.7094
21-Apr-1988,1.41,3.274,5.3222,-4.9,0.6637
22-Apr-1988,1.82,3.316,3.5278,-3.4667,0.653
23-Apr-1988,0.37,3.358,6.6278,-2.7444,0.6126
24-Apr-1988,0.13,3.4,8.5444,-2.8389,0.5831
25-Apr-1988,0.02,3.442,10.3278,-0.3889,0.61
26-Apr-1988,0.24,3.483,12.8,-1.3667,0.661
27-Apr-1988,0.61,3.525,11.8778,1.2889,0.7255
28-Apr-1988,0.12,3.566,10.6556,1.6722,0.7551
29-Apr-1988,0.08,3.607,9.7722,-0.2778,0.7712
30-Apr-1988,1.05,3.648,4.65,-3.1167,0.8169
01-May-1988,0.84,3.689,5.15,-6.6167,0.7174
02-May-1988,0.03,3.729,9.0167,-3.8722,0.6825
03-May-1988,0,3.769,9.5833,-2.9056,0.6718
04-May-1988,1.05,3.809,7.3778,-1.2278,0.6879
05-May-1988,1.05,3.848,3.4278,-2.9556,0.661
06-May-1988,0.74,3.888,2.5222,-4.3056,0.6153
07-May-1988,3.35,3.927,3.7556,-2.6556,0.6019
08-May-1988,0.76,3.965,7.0222,-3.5667,0.5589
09-May-1988,0.06,4.004,11.4444,0.3222,0.5428
10-May-1988,0.12,4.042,16.0667,0.85,0.5992
11-May-1988,0,4.08,18.4222,3.1444,0.7631
12-May-1988,0.06,4.117,17.0167,3.7778,1.0748
13-May-1988,0.2,4.154,14.9833,1.9944,1.3462
14-May-1988,0.04,4.191,16.4722,1.7389,1.2011
15-May-1988,0.11,4.227,17.2222,3.2889,1.3247
16-May-1988,4.55,4.263,11.6056,3.5667,1.4967
17-May-1988,1.41,4.298,9.8389,1.1222,1.3274
18-May-1988,0.28,4.333,12.6778,-0.7389,1.1071
19-May-1988,0.03,4.368,14.1111,0.3444,1.056
20-May-1988,0.2,4.402,17.0278,1.8778,1.0453
21-May-1988,0.24,4.436,18.0611,3.4722,1.1097
22-May-1988,0.03,4.469,17.6444,4.0222,1.1796
23-May-1988,0,4.502,18.1,4.0778,1.1232
24-May-1988,0.01,4.535,17.9056,3.1611,1.1581
25-May-1988,0.25,4.566,16.8167,3.7444,1.0856
26-May-1988,0.21,4.598,15.1222,3.2556,1.0479
27-May-1988,0.41,4.629,13.45,3.3611,0.9378
28-May-1988,16.52,4.659,11.4222,1.0556,0.9082
29-May-1988,9.54,4.689,6.2833,-2.7722,1.0453
30-May-1988,0.72,4.718,8.1611,-4.0889,0.8733
31-May-1988,1.24,4.747,11.0611,-0.6056,0.8115
01-Jun-1988,0.07,4.775,12.25,2.8778,0.7792
02-Jun-1988,0.01,4.803,16.1667,4.2222,0.747
03-Jun-1988,0.02,4.83,16.0389,5.5889,0.7712
04-Jun-1988,0.13,4.857,11.5056,3.05,0.8007
05-Jun-1988,0.45,4.883,8,-0.8667,0.7416
06-Jun-1988,5.04,4.908,5.3167,-2.8111,0.653
07-Jun-1988,1.52,4.933,5.7056,-2.5889,0.6422
08-Jun-1988,0.32,4.957,9.6722,-3.3722,0.6153
09-Jun-1988,0.01,4.981,12.55,0.1167,0.5885
10-Jun-1988,0.03,5.004,14.2167,2.8111,0.5616
11-Jun-1988,0.08,5.026,14.1389,2.7222,0.5508
12-Jun-1988,0.02,5.048,15.7389,2.3944,0.5535
13-Jun-1988,0.02,5.069,17.2944,2.7667,0.5535
14-Jun-1988,0.96,5.089,19.5667,6.0222,0.5562
15-Jun-1988,0.24,5.109,19.6889,6.2833,0.5777
16-Jun-1988,0.04,5.128,19.8333,6.7056,0.5992
17-Jun-1988,0.03,5.147,21.0444,5.1444,0.6019
18-Jun-1988,0.3,5.165,22.9222,6.8722,0.5535
19-Jun-1988,1.25,5.182,22.8111,8.45,0.524
20-Jun-1988,2.86,5.198,23.5556,9.05,0.5293
21-Jun-1988,0.12,5.214,23.0833,7.6722,0.5455
22-Jun-1988,0.01,5.229,23.3278,9.1333,0.4917
23-Jun-1988,0,5.244,23.7778,9.1667,0.4514
24-Jun-1988,1.13,5.258,24.3333,9.55,0.4272
25-Jun-1988,1.27,5.271,18.9389,9.8778,0.438
26-Jun-1988,1.34,5.283,19.7278,6.9444,0.4675
27-Jun-1988,0.05,5.295,20.3833,6.0056,0.395
28-Jun-1988,0.08,5.306,20.7222,5.2056,0.352
29-Jun-1988,0.01,5.316,20.4611,4.6944,0.3224
30-Jun-1988,0.01,5.325,22.0167,4.7444,0.3171
01-Jul-1988,0,5.334,22.7611,6.9889,0.3036
02-Jul-1988,0,5.342,22.8167,7.5667,0.2848
03-Jul-1988,0,5.35,21.4167,7.5,0.2741
04-Jul-1988,0,5.356,18.2167,7.4444,0.2875
05-Jul-1988,0.08,5.362,17.5667,6.7556,0.2821
06-Jul-1988,0.01,5.367,19.3944,4.7944,0.2795
07-Jul-1988,0,5.372,21.8667,5.7611,0.2553
08-Jul-1988,0,5.376,23.2556,7.05,0.2257
09-Jul-1988,0,5.379,24.9222,9.1,0.2096
10-Jul-1988,0.02,5.381,23.8389,8.6222,0.2015
11-Jul-1988,0.08,5.382,21.9833,8.5111,0.1935
12-Jul-1988,0,5.383,22.4611,7.45,0.1935
13-Jul-1988,0,5.383,22.9667,7.6278,0.2257
14-Jul-1988,0,5.383,22.7056,7.8611,0.2177
15-Jul-1988,0,5.381,23.6833,7.6944,0.2177
16-Jul-1988,0.11,5.379,25.1,7.7889,0.2123
17-Jul-1988,0,5.376,26.2778,9.1278,0.215
18-Jul-1988,0.05,5.373,26.8944,9.1944,0.2123
19-Jul-1988,0,5.368,26.3611,8.6333,0.1988
20-Jul-1988,0,5.363,24.2333,8.2444,0.1962
21-Jul-1988,0,5.358,28.5278,9.7778,0.215
22-Jul-1988,0.16,5.351,27.6833,10.8,0.223
23-Jul-1988,0.09,5.344,21.8667,8.6556,0.3036
24-Jul-1988,0.45,5.336,24.7667,10.7,0.3036
25-Jul-1988,1.67,5.327,21.7944,9.45,0.2929
26-Jul-1988,1.09,5.318,21.6778,9.4556,0.2902
27-Jul-1988,0.49,5.308,24.2778,10.0111,0.266
28-Jul-1988,0.37,5.297,26.1056,7.9,0.2472
29-Jul-1988,3.61,5.286,28.5333,10.1333,0.2526
30-Jul-1988,0.3,5.273,26.8611,13.1167,0.2633
31-Jul-1988,0.48,5.26,27.4389,11.0222,0.2768
01-Aug-1988,0.09,5.247,26.8222,10.4389,0.2472
02-Aug-1988,0.19,5.232,24.7167,10.0611,0.2177
03-Aug-1988,0.04,5.217,24.6333,8.4444,0.223
04-Aug-1988,3.7,5.202,26.15,9.5167,0.215
05-Aug-1988,1.68,5.185,23.1444,10.2278,0.2257
06-Aug-1988,1.97,5.168,21.3444,6.1611,0.1693
07-Aug-1988,2.38,5.151,21.7389,5.3722,0.1532
08-Aug-1988,0.51,5.132,24.1944,6.5556,0.2257
09-Aug-1988,0.05,5.113,25.1944,8.1667,0.2418
10-Aug-1988,0.38,5.094,25.0333,8.0611,0.2284
11-Aug-1988,0.6,5.073,23.0833,7.3389,0.2123
12-Aug-1988,0,5.052,21.5444,5.4778,0.2096
13-Aug-1988,0,5.031,19.9,5.3389,0.1881
14-Aug-1988,0.14,5.009,19.8889,3.8222,0.18
15-Aug-1988,0.6,4.986,19.3278,4.0056,0.172
16-Aug-1988,0.72,4.962,23.4333,4.7611,0.1666
17-Aug-1988,0,4.938,24.6833,6.4667,0.1585
18-Aug-1988,0.01,4.913,26.3444,6.9722,0.1451
19-Aug-1988,0,4.888,27.2444,8.4333,0.1424
20-Aug-1988,0,4.862,26.8722,9.4944,0.1424
21-Aug-1988,0,4.836,25.7611,10.4,0.1397
22-Aug-1988,0.17,4.809,25.8556,8.9556,0.1317
23-Aug-1988,0.5,4.781,27.0889,10.2833,0.1263
24-Aug-1988,0.21,4.753,26.5778,11.7222,0.1236
25-Aug-1988,1.13,4.724,27.4,11.5833,0.129
26-Aug-1988,0.73,4.695,26.65,11.4389,0.1263
27-Aug-1988,0.54,4.665,27.5722,10.3444,0.1236
28-Aug-1988,0.27,4.635,27.4778,10.3833,0.1209
29-Aug-1988,0.78,4.604,27.6222,10.8556,0.0967
30-Aug-1988,2.44,4.573,26.7667,9.5778,0.0914
31-Aug-1988,2,4.541,25.9778,9.6111,0.0914
01-Sep-1988,1.05,4.509,27.1167,10.2111,0.1021
02-Sep-1988,0.52,4.476,28.0722,10.9722,0.0967
03-Sep-1988,0.07,4.443,28.7611,10.1889,0.0887
04-Sep-1988,0,4.409,29.6,10.5778,0.0806
05-Sep-1988,0.06,4.375,29.0167,10.5,0.0645
06-Sep-1988,0.83,4.341,27.9667,10.7611,0.0591
07-Sep-1988,0,4.306,26.5556,10.0889,0.0537
08-Sep-1988,0,4.27,26.75,8.8889,0.0484
09-Sep-1988,0.42,4.235,24.1389,8.0778,0.0457
10-Sep-1988,0.09,4.198,22.2889,6.4556,0.0484
11-Sep-1988,0.02,4.162,16.8778,1.4833,0.0457
12-Sep-1988,0.65,4.125,15.2778,0.85,0.0457
13-Sep-1988,0,4.088,18.6444,-0.7556,0.0457
14-Sep-1988,0,4.05,21.7667,2.3833,0.0511
15-Sep-1988,0,4.012,22.3056,4.2444,0.0537
16-Sep-1988,0.05,3.974,20.35,4.3222,0.0484
17-Sep-1988,0,3.935,20.4333,1.6333,0.0537
18-Sep-1988,0.05,3.896,17.8333,-0.4167,0.0618
19-Sep-1988,1.44,3.857,17.5111,0.5889,0.0564
20-Sep-1988,0.49,3.817,10.6944,1.1278,0.0618
21-Sep-1988,0.51,3.777,12.8167,1.6444,0.0699
22-Sep-1988,0,3.737,18.2667,0.4722,0.0752
23-Sep-1988,0,3.697,19.8056,1.9556,0.0752
24-Sep-1988,0,3.656,19.3444,2.0611,0.0726
25-Sep-1988,0.53,3.616,19.0278,2.3333,0.0672
26-Sep-1988,0,3.575,19.2222,2.4111,0.0645
27-Sep-1988,0,3.534,18.5611,2.3778,0.0645
28-Sep-1988,0.01,3.492,19,2.4389,0.0645
29-Sep-1988,0.18,3.451,21.6556,4.2222,0.0618
30-Sep-1988,0,3.409,20.4056,4.2111,0.0672
01-Oct-1988,0,3.367,20.0444,4.7778,0.0672
02-Oct-1988,0,3.325,19.5833,4.3778,0.0672
03-Oct-1988,0,3.283,19.3222,4.2111,0.0672
04-Oct-1988,0.01,3.241,18.15,3.9111,0.0645
05-Oct-1988,0.01,3.198,15.7667,3.4889,0.0672
06-Oct-1988,0,3.156,15.9222,2.6833,0.0699
07-Oct-1988,0,3.113,16.2278,2.1833,0.0726
08-Oct-1988,0,3.071,17.1389,2.5778,0.0726
09-Oct-1988,0,3.028,17.3,3.1111,0.0806
10-Oct-1988,0.01,2.986,16.8333,3.0833,0.0806
11-Oct-1988,0.42,2.943,13.8056,1.9778,0.0833
12-Oct-1988,0.02,2.9,13.4278,0.0389,0.086
13-Oct-1988,0.05,2.857,12.5389,0.8611,0.086
14-Oct-1988,0.03,2.815,11.5611,-1.0222,0.0887
15-Oct-1988,0.01,2.772,15.2556,0.1611,0.094
16-Oct-1988,0.01,2.729,17.3278,2.1278,0.094
17-Oct-1988,0,2.687,18.6389,2.9056,0.0914
18-Oct-1988,0.01,2.644,19.7167,3.8556,0.0914
19-Oct-1988,0.26,2.602,18.1278,3.3167,0.0887
20-Oct-1988,0.01,2.56,16.8778,1.85,0.0887
21-Oct-1988,0,2.517,18.3778,2.3222,0.0914
22-Oct-1988,0,2.475,18.1667,2.0611,0.0887
23-Oct-1988,0,2.433,17.3722,1.8833,0.0887
24-Oct-1988,0,2.391,16.5056,1.6278,0.0914
25-Oct-1988,0,2.349,16.3444,1.7889,0.0914
26-Oct-1988,0,2.308,16.05,2.0389,0.0914
27-Oct-1988,0.21,2.266,14.85,1.9444,0.0914
28-Oct-1988,0,2.225,13.3833,1.3278,0.0914
29-Oct-1988,0.09,2.184,13.2333,1.0944,0.0887
30-Oct-1988,0,2.143,14.2056,0.0167,0.0914
31-Oct-1988,0.01,2.103,14.9667,0.6444,0.0914
01-Nov-1988,0.1,2.062,11.9556,2,0.0914
02-Nov-1988,0.74,2.022,9.0667,3.0667,0.0887
03-Nov-1988,0.38,1.982,10.6278,3.8444,0.0914
04-Nov-1988,0.02,1.943,13.4611,1.1833,0.094
05-Nov-1988,0.03,1.904,14.6611,0.8944,0.0967
06-Nov-1988,0.15,1.865,10.9611,1.0333,0.0914
07-Nov-1988,0.34,1.826,9.0778,-1.35,0.0914
08-Nov-1988,0.51,1.787,4,-3.1056,0.0914
09-Nov-1988,1.42,1.749,4.7111,-5.1278,0.094
10-Nov-1988,2.2,1.712,3.9833,-2.2278,0.094
11-Nov-1988,0.81,1.674,4.5889,-3.6944,0.1021
12-Nov-1988,2.97,1.637,5.4833,-0.8222,0.0994
13-Nov-1988,37.16,1.601,3.2444,-2.6889,0.1182
14-Nov-1988,7.95,1.564,0.0889,-7.3722,0.1585
15-Nov-1988,0.9,1.528,1.4833,-7.0222,0.1075
16-Nov-1988,11.19,1.493,0.9,-6.5056,0.1129
17-Nov-1988,5.28,1.458,-0.85,-6.4889,0.1263
18-Nov-1988,1.31,1.423,-0.6611,-8.5,0.1182
19-Nov-1988,0.2,1.389,3.2278,-6.5833,0.1155
20-Nov-1988,0.51,1.355,4.0722,-5.9056,0.1182
21-Nov-1988,1.22,1.322,4.6778,-6.0778,0.1155
22-Nov-1988,20.53,1.289,4.4889,-1.6056,0.1344
23-Nov-1988,47.93,1.257,1.9389,-4.6778,0.4246
24-Nov-1988,16.44,1.225,-0.3167,-6.5444,0.2714
25-Nov-1988,5.32,1.193,0.3111,-5.6389,0.1962
26-Nov-1988,0.31,1.163,2.4222,-7.2444,0.172
27-Nov-1988,1.01,1.132,4.9222,-6.9889,0.1451
28-Nov-1988,0.55,1.102,4.3111,-5.1778,0.172
29-Nov-1988,0.01,1.073,5.4722,-6.2,0.1558
30-Nov-1988,0,1.044,6.9444,-5.9944,0.1397
01-Dec-1988,0.24,1.016,7.5056,-5.9889,0.1424
02-Dec-1988,0,0.988,6.5722,-5.0056,0.1478
03-Dec-1988,0.01,0.961,6.85,-4.2611,0.1585
04-Dec-1988,0.01,0.935,6.6111,-4.8278,0.1451
05-Dec-1988,0.09,0.909,8.2778,-4.1611,0.1451
06-Dec-1988,0.01,0.883,8.7444,-3.6444,0.1532
07-Dec-1988,0.04,0.858,2.1944,-6.1222,0.1505
08-Dec-1988,0.04,0.834,2.3056,-5.5611,0.1558
09-Dec-1988,0,0.811,4.6222,-5.7,0.1344
10-Dec-1988,0,0.788,7.1611,-5.3167,0.1397
11-Dec-1988,0.14,0.765,8.4056,-5.1278,0.1397
12-Dec-1988,0,0.743,10.1,-3.2222,0.1424
13-Dec-1988,0.01,0.722,9.35,-3.6111,0.1478
14-Dec-1988,0.16,0.702,6.9889,-7.9444,0.137
15-Dec-1988,3.05,0.682,-3.1722,-10.3278,0.1424
16-Dec-1988,1.81,0.663,-2.7111,-8.2278,0.1424
17-Dec-1988,5.33,0.644,-0.0111,-6.2167,0.137
18-Dec-1988,3.97,0.627,-0.2278,-7.6778,0.1397
19-Dec-1988,2.28,0.609,-0.2389,-7.3889,0.1397
20-Dec-1988,14.55,0.593,-0.1444,-7.2833,0.1478
21-Dec-1988,3.83,0.577,-2.7056,-8.8167,0.1424
22-Dec-1988,15.98,0.562,-4.0611,-8.4056,0.1424
23-Dec-1988,15.02,0.547,-2.2778,-12.6389,0.1397
24-Dec-1988,33.77,0.534,-2.0056,-10.1444,0.137
25-Dec-1988,2.13,0.521,-4.7444,-13.0056,0.1344
26-Dec-1988,0.94,0.508,-7.2056,-15.9778,0.1317
27-Dec-1988,0.96,0.497,-6.3833,-14.45,0.129
28-Dec-1988,0.66,0.486,-6.0222,-14.9444,0.1263
29-Dec-1988,3.6,0.475,-1.75,-14.5444,0.1263
30-Dec-1988,8.02,0.466,0.5222,-8.8889,0.1236
31-Dec-1988,4.19,0.457,-1.8167,-8.5389,0.1236
01-Jan-1989,0.46,0.44,-1.7333,-11.65,0.1263
02-Jan-1989,1.53,0.442,2.5333,-9.7056,0.1263
03-Jan-1989,0,0.435,2.6778,-8.0167,0.1263
04-Jan-1989,1.36,0.429,2.3111,-8.4889,0.1263
05-Jan-1989,25.64,0.424,-0.7222,-9.2167,0.1236
06-Jan-1989,0.97,0.419,-4.9111,-13.3944,0.1236
07-Jan-1989,0.7,0.416,-4.0833,-14.5222,0.1236
08-Jan-1989,2.38,0.413,-1.0889,-14.0111,0.1236
09-Jan-1989,1.52,0.41,3.3889,-6.3778,0.1236
10-Jan-1989,3.36,0.409,0.8889,-7.75,0.1236
11-Jan-1989,0.13,0.408,-3.0278,-13.2722,0.1236
12-Jan-1989,0.14,0.408,-0.4778,-12.0889,0.1236
13-Jan-1989,0.13,0.409,1.8333,-9.65,0.1236
14-Jan-1989,0.05,0.41,-0.7889,-9.8111,0.1209
15-Jan-1989,0.52,0.412,1.8889,-10.6944,0.1209
16-Jan-1989,0.28,0.415,4.1,-9.7611,0.1209
17-Jan-1989,0.07,0.419,5.5333,-8.0778,0.1236
18-Jan-1989,0.17,0.423,6.95,-6.6778,0.1236
19-Jan-1989,0.17,0.428,6.1111,-6.5889,0.1236
20-Jan-1989,0.09,0.434,7.1722,-5.6278,0.1236
21-Jan-1989,0.01,0.44,5.3833,-8.2556,0.1263
22-Jan-1989,0.59,0.447,4.1944,-3.1111,0.129
23-Jan-1989,0.79,0.455,0.3611,-5.3444,0.129
24-Jan-1989,0.01,0.464,-0.7611,-10.9611,0.1317
25-Jan-1989,0.5,0.473,-0.3278,-12.7278,0.1344
26-Jan-1989,0.11,0.483,2.9278,-10.3333,0.137
27-Jan-1989,0.01,0.494,5.9722,-8.85,0.1397
28-Jan-1989,0.02,0.506,5.7389,-6.8333,0.1451
29-Jan-1989,0.16,0.518,5.7778,-9.5889,0.1478
30-Jan-1989,1.21,0.531,9.6722,-4.2,0.1532
31-Jan-1989,1.65,0.545,11,-2.6111,0.1558
01-Feb-1989,6.4,0.559,2.1944,-5.2056,0.1666
02-Feb-1989,2.78,0.574,-3.4111,-7.6333,0.1612
03-Feb-1989,27.08,0.589,-5.8,-8.8167,0.1505
04-Feb-1989,6.47,0.606,-7.8056,-14.4778,0.1451
05-Feb-1989,1.59,0.623,-12.2556,-19.3889,0.1397
06-Feb-1989,0.25,0.641,-12.5056,-17.3722,0.1317
07-Feb-1989,0.8,0.659,-9.5,-17.5111,0.1263
08-Feb-1989,2.28,0.678,-6.0333,-15.9667,0.1209
09-Feb-1989,4.13,0.698,-2.1389,-10.7778,0.1155
10-Feb-1989,0.3,0.718,-0.8611,-10.5111,0.1129
11-Feb-1989,2.84,0.739,-1.4944,-11.3056,0.1048
12-Feb-1989,0.88,0.761,-1.1556,-11.8056,0.1021
13-Feb-1989,0.26,0.783,-1.6722,-12.1333,0.0994
14-Feb-1989,0.32,0.806,-1.5556,-14.1778,0.094
15-Feb-1989,0.68,0.829,-1.0778,-13.95,0.1021
16-Feb-1989,0.01,0.853,1.1056,-8.8611,0.1155
17-Feb-1989,1.11,0.878,2.1889,-7.65,0.1263
18-Feb-1989,3.37,0.903,1.1778,-5.3889,0.1451
19-Feb-1989,2.65,0.929,0.3,-6.8556,0.1827
20-Feb-1989,0.47,0.955,1.7222,-9.9722,0.223
21-Feb-1989,1.17,0.982,3.8444,-6.4667,0.2338
22-Feb-1989,9.02,1.01,4.2778,-3.0222,0.4219
23-Feb-1989,1.65,1.038,5.0944,-1.7667,0.7739
24-Feb-1989,0.06,1.067,4.4444,-1.3278,0.7739
25-Feb-1989,0.74,1.096,4.6667,-2.1611,0.6959
26-Feb-1989,0.05,1.126,5.5333,-4.1667,0.7927
27-Feb-1989,1.1,1.156,4.8833,-7.2722,0.6879
28-Feb-1989,0.48,1.187,3.9056,-7.8944,0.5562
01-Mar-1989,3.39,1.218,3.2944,-7.1056,0.4971
02-Mar-1989,28.95,1.25,-0.9167,-7.75,0.5777
03-Mar-1989,2.38,1.282,-3.2389,-14.2333,0.4729
04-Mar-1989,4.04,1.315,-1.1944,-12.1056,0.4031
05-Mar-1989,8.86,1.348,3.1444,-4.9167,0.5052
06-Mar-1989,5.75,1.382,4.4778,-1.6556,1.1286
07-Mar-1989,19.71,1.416,3.1833,-1.4944,1.5047
08-Mar-1989,27.71,1.451,2.7111,-1.5611,2.9557
09-Mar-1989,4.76,1.486,3.9944,-0.6278,2.7139
10-Mar-1989,4.49,1.521,5.6389,-0.8722,1.8809
11-Mar-1989,9.08,1.557,5.0889,-2.0778,1.7466
12-Mar-1989,0.53,1.593,7,-3.3056,1.4214
13-Mar-1989,2.6,1.629,2.4778,-5.4611,1.279
14-Mar-1989,1.29,1.666,4.1833,-8.2111,1.0802
15-Mar-1989,0.14,1.704,5.6722,-6.3944,0.9781
16-Mar-1989,18.35,1.741,1.0833,-6.6,0.9888
17-Mar-1989,4.55,1.779,1.5,-7.7778,0.8652
18-Mar-1989,14.1,1.818,2.3389,-3.3556,0.9243
19-Mar-1989,6.19,1.856,3.6333,-3.4333,1.099
20-Mar-1989,0.07,1.895,5.2722,-7.5611,1.0372
21-Mar-1989,0.06,1.935,7.4833,-4.1222,0.9136
22-Mar-1989,0.62,1.974,7.6556,-4.3889,0.9673
23-Mar-1989,3.97,2.014,6.1667,-2.8333,1.0103
24-Mar-1989,16.29,2.054,3.5333,-2.25,1.0883
25-Mar-1989,13.12,2.094,1.1,-5.6333,1.1635
26-Mar-1989,2.14,2.135,2.9667,-9.6611,0.9754
27-Mar-1989,5.87,2.176,6.5556,-5.6722,0.8975
28-Mar-1989,7.9,2.217,5.65,-0.9389,1.2226
29-Mar-1989,0.06,2.258,6.65,-2.5167,1.5907
30-Mar-1989,0.32,2.299,8.5278,-3.3556,1.2952
31-Mar-1989,7.36,2.341,5.5167,-1.0444,1.3596
01-Apr-1989,3.09,2.382,4.5222,-3.5722,1.7331
02-Apr-1989,3.22,2.424,4.3611,-0.8778,1.3919
03-Apr-1989,0.41,2.466,5.8667,-1.95,1.3435
04-Apr-1989,0.82,2.508,11.2389,-2.8167,1.3355
05-Apr-1989,0.03,2.551,14.3,-1.2111,1.5424
06-Apr-1989,0,2.593,15.3222,0.0778,1.9669
07-Apr-1989,0.29,2.635,16.2333,0.5556,2.3861
08-Apr-1989,0,2.678,15.7833,0.2889,2.5903
09-Apr-1989,0.03,2.72,15.3389,0.1889,2.687
10-Apr-1989,0.05,2.763,14.1056,0.0611,2.7677
11-Apr-1989,0,2.806,12.5778,-1.0944,2.9289
12-Apr-1989,0.08,2.848,11.75,-1.4278,2.7139
13-Apr-1989,1.58,2.891,14,-1.5889,2.4398
14-Apr-1989,0,2.934,13.1278,1.0389,2.7408
15-Apr-1989,0,2.977,12.6111,0.8556,2.902
16-Apr-1989,0,3.019,13.2611,-0.4222,2.902
17-Apr-1989,0.59,3.062,14.3444,-0.2611,2.7945
18-Apr-1989,0.03,3.104,15.8778,-0.3667,2.9826
19-Apr-1989,0.09,3.147,18.4667,3.6556,3.0632
20-Apr-1989,0.15,3.189,15.6333,3.7333,3.3319
21-Apr-1989,4.64,3.232,9.3,0.25,3.3857
22-Apr-1989,1.05,3.274,5.1111,-3.0167,2.4076
23-Apr-1989,9.47,3.316,2.8722,-4.5667,1.9078
24-Apr-1989,4.52,3.358,0.3944,-6.3667,1.6552
25-Apr-1989,1.21,3.4,2.9722,-6.7444,1.4241
26-Apr-1989,0.78,3.442,5,-7.2611,1.2629
27-Apr-1989,0.15,3.483,7.7056,-5.9556,1.1474
28-Apr-1989,0.7,3.525,10.7056,-4.6389,1.0721
29-Apr-1989,0.25,3.566,12.8111,-2.7944,1.0506
30-Apr-1989,0.01,3.607,11.7944,1.6778,1.0587
01-May-1989,0.01,3.648,14.5889,0.1222,1.193
02-May-1989,0.05,3.689,15.45,-0.4111,1.5155
03-May-1989,0.28,3.729,17.9667,1.4056,1.7331
04-May-1989,0.5,3.769,19.2833,2.7278,2.3458
05-May-1989,0.16,3.809,20.9667,4.5444,2.7945
06-May-1989,0.02,3.848,21.3222,5.6889,3.2244
07-May-1989,0.69,3.888,20.8778,7.3611,3.5738
08-May-1989,0.05,3.927,18.8167,5.6833,3.7619
09-May-1989,7.11,3.965,13.2278,3.25,3.6812
10-May-1989,12.11,4.004,8.3722,-0.0222,3.4932
11-May-1989,3.58,4.042,8.1222,-0.45,2.6844
12-May-1989,0.52,4.08,9.4833,-0.5056,2.292
13-May-1989,1.62,4.117,7.9778,-0.6056,2.1308
14-May-1989,4.91,4.154,9.9278,-1.9278,1.889
15-May-1989,3.75,4.191,10.8111,-0.35,1.8084
16-May-1989,1.06,4.227,15.7833,-0.0167,1.6928
17-May-1989,0.1,4.263,16.9056,2.1333,2.026
18-May-1989,0.09,4.298,12.3611,0.6278,2.4345
19-May-1989,0.03,4.333,14.3333,-2.9833,2.0448
20-May-1989,0.04,4.368,16.0556,0.6778,2.0932
21-May-1989,0.02,4.402,15.9778,1.9389,2.2625
22-May-1989,0.33,4.436,14.7944,3.1833,2.2813
23-May-1989,2.43,4.469,8.4,-0.35,2.2598
24-May-1989,0.49,4.502,9.2111,-3.15,1.7842
25-May-1989,0.1,4.535,13.4778,-3.2,1.5477
26-May-1989,0.03,4.566,16.6444,-1.5333,1.5934
27-May-1989,0.11,4.598,15.5833,2.5389,1.7896
28-May-1989,0.08,4.629,10.1667,0.5778,1.8729
29-May-1989,2.52,4.659,6.8611,-2.0833,1.6606
30-May-1989,0.12,4.689,10.5222,-3.5333,1.4322
31-May-1989,0.19,4.718,14.85,-1.5889,1.3355
01-Jun-1989,0.64,4.747,17.8278,0.1889,1.4376
02-Jun-1989,2.4,4.775,19.8611,4.3611,1.5773
03-Jun-1989,17.39,4.803,16.45,5.2722,2.7139
04-Jun-1989,7.32,4.83,12.2556,3.7944,3.2513
05-Jun-1989,1.41,4.857,14.8722,1.9333,2.5178
06-Jun-1989,1.4,4.883,18.6333,3.0556,2.3619
07-Jun-1989,4.88,4.908,16.2833,4.7611,2.4586
08-Jun-1989,1.23,4.933,19.35,3.9611,2.687
09-Jun-1989,0.15,4.957,19.8667,5.4833,2.5984
10-Jun-1989,0.1,4.981,20.8778,4.5778,2.5876
11-Jun-1989,0.57,5.004,20.2389,6.7111,2.5581
12-Jun-1989,0,5.026,22.95,5.7111,2.4049
13-Jun-1989,0.05,5.048,24.5778,6.6167,2.4398
14-Jun-1989,0.05,5.069,24.7556,5.5944,2.3404
15-Jun-1989,0.02,5.089,22.0389,8.05,2.2114
16-Jun-1989,0,5.109,19.5222,6.1389,2.3619
17-Jun-1989,0,5.128,22.4889,4.9167,2.1604
18-Jun-1989,0,5.147,23.8722,6.2556,1.9293
19-Jun-1989,0,5.165,21.9333,8.4778,1.7869
20-Jun-1989,0.56,5.182,20.8056,4.5222,1.6149
21-Jun-1989,0.01,5.198,19.7111,2.8167,1.4752
22-Jun-1989,0,5.214,23.2833,3.9111,1.3274
23-Jun-1989,0,5.229,19.3889,5.5667,1.3516
24-Jun-1989,0.02,5.244,19.3222,4.7778,1.2629
25-Jun-1989,0.07,5.258,20.6833,4.05,1.1366
26-Jun-1989,0.6,5.271,21.3778,5.3889,1.1044
27-Jun-1989,0.01,5.283,18.1833,6.4167,1.2495
28-Jun-1989,0.26,5.295,17.9778,5.6889,1.0748
29-Jun-1989,0,5.306,18.5889,4.7722,0.9593
30-Jun-1989,0,5.316,18,3.0389,0.9082
01-Jul-1989,0,5.325,21.3222,2.2222,0.8491
02-Jul-1989,0,5.334,23.6389,4.85,0.7846
03-Jul-1989,0.23,5.342,25.1889,5.5778,0.7604
04-Jul-1989,0.56,5.35,24.5056,6.2444,0.7389
05-Jul-1989,0.02,5.356,25.7333,5.7444,0.6986
06-Jul-1989,0,5.362,28.1444,6.8111,0.653
07-Jul-1989,0,5.367,29.0889,9.6667,0.6207
08-Jul-1989,0,5.372,27.0389,11.4056,0.6073
09-Jul-1989,0,5.376,23.5,7.4111,0.5858
10-Jul-1989,0,5.379,22.7,4.35,0.5428
11-Jul-1989,0,5.381,24.1222,6.6167,0.5105
12-Jul-1989,0,5.382,23.4667,8.7444,0.4917
13-Jul-1989,0,5.383,25.1,7.7167,0.4568
14-Jul-1989,0,5.383,25.7056,8.3444,0.4299
15-Jul-1989,0.44,5.383,22.7056,7.75,0.4192
16-Jul-1989,0,5.381,22.2056,7.0056,0.4192
17-Jul-1989,0,5.379,24.9611,7.1833,0.4138
18-Jul-1989,0.43,5.376,27.1056,9.5222,0.4084
19-Jul-1989,0.05,5.373,28.1111,11.0444,0.4004
20-Jul-1989,0,5.368,27.3611,11.1722,0.3735
21-Jul-1989,0,5.363,25.8556,10.7833,0.3816
22-Jul-1989,0.09,5.358,25.1778,10.8,0.3762
23-Jul-1989,0,5.351,25.25,10.6167,0.3816
24-Jul-1989,0,5.344,25.4278,9.9278,0.3735
25-Jul-1989,0,5.336,26.3444,9.2833,0.3628
26-Jul-1989,0.01,5.327,25.4889,9.8278,0.3332
27-Jul-1989,0,5.318,25.35,7.7444,0.3171
28-Jul-1989,0.44,5.308,25.3056,7.3333,0.3063
29-Jul-1989,0,5.297,24.9333,7.8056,0.309
30-Jul-1989,0,5.286,23.7944,8.05,0.3036
31-Jul-1989,0,5.273,22.1778,8.2778,0.2902
01-Aug-1989,0.28,5.26,21.3389,5.9722,0.2956
02-Aug-1989,0.01,5.247,22.3444,4.3389,0.2902
03-Aug-1989,0,5.232,23.25,4.8778,0.2848
04-Aug-1989,0,5.217,23.8611,6.5722,0.2902
05-Aug-1989,0.05,5.202,25.05,7.9556,0.2848
06-Aug-1989,0.1,5.185,25.1722,8.9167,0.266
07-Aug-1989,6.19,5.168,22.5278,10.7611,0.2633
08-Aug-1989,12.18,5.151,17.7111,10.4556,0.3574
09-Aug-1989,0.63,5.132,21.8278,8.2333,0.3923
10-Aug-1989,0.12,5.113,22.0722,8.8944,0.2821
11-Aug-1989,0.22,5.094,22.5056,7.3833,0.2445
12-Aug-1989,0.06,5.073,22.8778,7.5556,0.2338
13-Aug-1989,0.47,5.052,25.2611,6.1611,0.2284
14-Aug-1989,0.53,5.031,25.6111,6.7611,0.2203
15-Aug-1989,0.02,5.009,25.3944,5.8667,0.215
16-Aug-1989,0.09,4.986,24.7944,5.8889,0.2123
17-Aug-1989,0.64,4.962,22.4111,5.8111,0.2069
18-Aug-1989,0.01,4.938,22.5389,4.7389,0.2499
19-Aug-1989,0.28,4.913,22.5611,6.0611,0.2391
20-Aug-1989,2.28,4.888,19.3,6.5389,0.2875
21-Aug-1989,0.07,4.862,22.0389,4.9111,0.3009
22-Aug-1989,0.16,4.836,20.4722,6.5722,0.2821
23-Aug-1989,0.14,4.809,16.9889,4.3,0.266
24-Aug-1989,0.05,4.781,17.5056,0.4389,0.2606
25-Aug-1989,0.04,4.753,19.8778,1.9722,0.2553
26-Aug-1989,0.02,4.724,21.4333,3.6889,0.2472
27-Aug-1989,0.04,4.695,23.2778,4.9333,0.2365
28-Aug-1989,0,4.665,24.4278,6.05,0.2338
29-Aug-1989,0.05,4.635,22.2389,6.5056,0.2257
30-Aug-1989,0.07,4.604,19.9222,4.85,0.223
31-Aug-1989,0,4.573,21.2278,2.4556,0.2257
01-Sep-1989,0,4.541,21.7611,4.15,0.2203
02-Sep-1989,0,4.509,23.0444,4.1167,0.215
03-Sep-1989,0.27,4.476,23.7944,4.3722,0.2096
04-Sep-1989,0,4.443,25.0556,5.3167,0.2096
05-Sep-1989,0,4.409,23.8,5.5667,0.2015
06-Sep-1989,0,4.375,20.4667,5.4556,0.1908
07-Sep-1989,0,4.341,17.4722,1.2889,0.2042
08-Sep-1989,0,4.306,20.4889,2.9833,0.215
09-Sep-1989,0.02,4.27,21.3778,4.5556,0.2123
10-Sep-1989,0.51,4.235,21.1889,4.95,0.2177
11-Sep-1989,1.23,4.198,19.6556,4.9889,0.2069
12-Sep-1989,0.15,4.162,19.0611,2.7333,0.2096
13-Sep-1989,1.49,4.125,21.5556,3.0667,0.1827
14-Sep-1989,0.03,4.088,22.9056,4.9944,0.1612
15-Sep-1989,1.82,4.05,22.4389,5.9056,0.1532
16-Sep-1989,13.48,4.012,20.1778,5.7778,0.1505
17-Sep-1989,9.88,3.974,9.9,2.4278,0.223
18-Sep-1989,19.45,3.935,6.9944,1.1833,0.2714
19-Sep-1989,3.27,3.896,11.4944,1.1444,0.3171
20-Sep-1989,0.01,3.857,16.5278,1.4944,0.2929
21-Sep-1989,0.18,3.817,19.0444,2.3722,0.2472
22-Sep-1989,0.1,3.777,21.3722,3.8889,0.2203
23-Sep-1989,0.49,3.737,22.3167,4.9278,0.2015
24-Sep-1989,0.02,3.697,22.2167,5.2,0.1827
25-Sep-1989,0.92,3.656,19.6611,6.7611,0.172
26-Sep-1989,0.01,3.616,18.0778,4.8333,0.1666
27-Sep-1989,1.21,3.575,18.7556,6.6333,0.1585
28-Sep-1989,2.13,3.534,18.8944,4.5833,0.1532
29-Sep-1989,17.35,3.492,12.3722,3.6278,0.2177
30-Sep-1989,0.07,3.451,13.5833,1.3444,0.3977
01-Oct-1989,0.36,3.409,15.3556,-0.0889,0.2606
02-Oct-1989,4.26,3.367,9.0667,-0.1333,0.2203
03-Oct-1989,1.61,3.325,8.85,-0.5944,0.2177
04-Oct-1989,0.86,3.283,12.1222,-1.95,0.2069
05-Oct-1989,0.1,3.241,15.1611,-2.0722,0.1935
06-Oct-1989,0,3.198,16.4556,0.5056,0.1881
07-Oct-1989,0.18,3.156,16.5389,0.5,0.1827
08-Oct-1989,0.1,3.113,18.3722,0.9111,0.1773
09-Oct-1989,0.28,3.071,19.85,2.0444,0.1773
10-Oct-1989,0,3.028,19.7056,3.4833,0.1747
11-Oct-1989,0.07,2.986,19.25,2.8944,0.172
12-Oct-1989,0.41,2.943,18.3389,2.5111,0.1693
13-Oct-1989,0.14,2.9,17.8278,2.0278,0.1666
14-Oct-1989,0,2.857,16.1611,1.3944,0.1666
15-Oct-1989,0,2.815,14.3833,-0.1056,0.1666
16-Oct-1989,0.38,2.772,15,0.1,0.1666
17-Oct-1989,0.41,2.729,16.5611,0.7278,0.1666
18-Oct-1989,0,2.687,18.35,2.0111,0.1666
19-Oct-1989,0.12,2.644,17.8667,2.1722,0.1612
20-Oct-1989,0.12,2.602,13.9444,3.6667,0.1612
21-Oct-1989,7.97,2.56,7.9833,2.5167,0.1585
22-Oct-1989,4.71,2.517,7.5111,1.9333,0.1827
23-Oct-1989,33.38,2.475,6.5111,1.8333,0.2096
24-Oct-1989,22.24,2.433,4.4278,-1.35,0.5293
25-Oct-1989,2.75,2.391,2.7556,-5.8333,0.352
26-Oct-1989,0.47,2.349,5.7278,-8.2056,0.2768
27-Oct-1989,0.48,2.308,5.9222,-4.9444,0.2633
28-Oct-1989,0.31,2.266,4.6611,-7.0278,0.2526
29-Oct-1989,0.11,2.225,5.2278,-9.3611,0.2284
30-Oct-1989,0.09,2.184,9.8667,-7.2611,0.2123
31-Oct-1989,0.42,2.143,9.3333,-6.2,0.2284
01-Nov-1989,0.01,2.103,11.0333,-6.3667,0.2284
02-Nov-1989,0,2.062,10.3833,-5.3889,0.2284
03-Nov-1989,0.48,2.022,12.0222,-4.5222,0.2257
04-Nov-1989,0.33,1.982,15.1667,-1.7278,0.2284
05-Nov-1989,0.06,1.943,11.4556,-2.6333,0.2338
06-Nov-1989,0,1.904,10.4611,-5.0167,0.2311
07-Nov-1989,0,1.865,8.8722,-5.7556,0.2203
08-Nov-1989,0.24,1.826,12.1667,-5.8,0.2069
09-Nov-1989,0.01,1.787,14.7389,-2.8778,0.2096
10-Nov-1989,0,1.749,16.2278,-1.3278,0.215
11-Nov-1989,0,1.712,16.5444,-0.2944,0.2177
12-Nov-1989,0.47,1.674,13.5889,0.1111,0.2177
13-Nov-1989,0,1.637,13.5056,-1.6278,0.215
14-Nov-1989,0,1.601,10.1333,-4.1611,0.2096
15-Nov-1989,0,1.564,9.5278,-3.95,0.1962
16-Nov-1989,0,1.528,10.0222,-3.4278,0.2042
17-Nov-1989,0,1.493,9.7056,-3.8944,0.2015
18-Nov-1989,0.45,1.458,12.8333,-4.1667,0.1962
19-Nov-1989,0.02,1.423,15.6611,-1.9722,0.1908
20-Nov-1989,0,1.389,16.5778,-1.6444,0.1908
21-Nov-1989,0,1.355,13.0778,-2.9444,0.1908
22-Nov-1989,0,1.322,12.8444,-2.5722,0.1881
23-Nov-1989,1.8,1.289,9.9389,-1.9167,0.1935
24-Nov-1989,10.38,1.257,4.05,-1.7556,0.1988
25-Nov-1989,32.42,1.225,1.4056,-3.8722,0.2123
26-Nov-1989,16.62,1.193,-0.9389,-9.2833,0.2606
27-Nov-1989,2.08,1.163,-0.9722,-12.9722,0.137
28-Nov-1989,0.81,1.132,3.2667,-11.9778,0.1747
29-Nov-1989,0.76,1.102,5.1389,-9.6389,0.1935
30-Nov-1989,0.3,1.073,6.6833,-7.6222,0.1827
01-Dec-1989,0.04,1.044,7.7,-8.1278,0.1935
02-Dec-1989,0.06,1.016,9.5778,-6.3778,0.2096
03-Dec-1989,0,0.988,11.6111,-3.8944,0.2284
04-Dec-1989,0.53,0.961,12.0056,-2.9167,0.2338
05-Dec-1989,0.09,0.935,10.6333,-3.4889,0.2445
06-Dec-1989,0,0.909,9.1333,-4.5167,0.2499
07-Dec-1989,0,0.883,11.6056,-4.0444,0.2311
08-Dec-1989,0.01,0.858,9.7111,-2.3667,0.2418
09-Dec-1989,0.02,0.834,8.6889,-3.45,0.2338
10-Dec-1989,0.01,0.811,4.0056,-8.6833,0.2311
11-Dec-1989,0.03,0.788,3.5556,-11.4556,0.2069
12-Dec-1989,0.03,0.765,5.4056,-8.8778,0.2015
13-Dec-1989,0,0.743,6.3222,-8.0389,0.2177
14-Dec-1989,0.03,0.722,7.0389,-7.8944,0.1962
15-Dec-1989,0.03,0.702,10.6944,-6.7111,0.1935
16-Dec-1989,0.21,0.682,6.1111,-7.9778,0.1988
17-Dec-1989,0.03,0.663,6.5111,-7.25,0.2069
18-Dec-1989,0,0.644,5.7611,-7.7556,0.215
19-Dec-1989,0.03,0.627,6.5889,-8.25,0.2096
20-Dec-1989,0,0.609,7.0722,-6.4167,0.1988
21-Dec-1989,0.03,0.593,6.8556,-6.5667,0.1962
22-Dec-1989,0.01,0.577,9.2889,-6.3944,0.1881
23-Dec-1989,0.03,0.562,9.4167,-4.9722,0.2123
24-Dec-1989,0,0.547,9.5333,-4.8778,0.1988
25-Dec-1989,0,0.534,8.9722,-5.9722,0.1854
26-Dec-1989,0.01,0.521,8.2944,-5.7,0.1854
27-Dec-1989,0.11,0.508,7.8278,-5.2389,0.215
28-Dec-1989,3.14,0.497,3.7667,-7.3111,0.1881
29-Dec-1989,1.33,0.486,1.0056,-9.0111,0.1881
30-Dec-1989,0.62,0.475,6.5333,-8.55,0.1639
31-Dec-1989,0.1,0.466,8.7056,-5.6778,0.1935
01-Jan-1990,4.46,0.44,3.0389,-5.3389,0.2015
02-Jan-1990,5.8,0.442,-3.0167,-10.3,0.1908
03-Jan-1990,0.25,0.435,-0.2,-14.1444,0.1747
04-Jan-1990,0.92,0.429,2.6667,-12.4944,0.1854
05-Jan-1990,0.28,0.424,5.3778,-10.3778,0.215
06-Jan-1990,2.85,0.419,6.2222,-8.0333,0.258
07-Jan-1990,6.35,0.416,5.1611,-2.5167,0.2633
08-Jan-1990,0.88,0.413,8.7111,1.2333,0.2633
09-Jan-1990,0.09,0.41,12.2222,0.0222,0.258
10-Jan-1990,0.49,0.409,12.9444,-0.0833,0.2177
11-Jan-1990,0.14,0.408,12.25,-1.0111,0.2096
12-Jan-1990,7.93,0.408,6.2944,-2.0167,0.2042
13-Jan-1990,28.89,0.409,1.9667,-3.8444,0.2284
14-Jan-1990,8.07,0.41,0.0778,-5.9611,0.223
15-Jan-1990,1.22,0.412,1.4833,-6.8889,0.2257
16-Jan-1990,7.21,0.415,-2.2722,-10.3389,0.2069
17-Jan-1990,5.87,0.419,-3.7167,-10.4056,0.1881
18-Jan-1990,1.12,0.423,-1.4944,-11.9722,0.2015
19-Jan-1990,1.13,0.428,-0.1667,-11.9167,0.1962
20-Jan-1990,0.26,0.434,2.0167,-13.6722,0.1935
21-Jan-1990,0.58,0.44,4.8389,-12.0556,0.1908
22-Jan-1990,1.3,0.447,6.4722,-8.8722,0.1881
23-Jan-1990,0,0.455,7.8833,-7.8056,0.1854
24-Jan-1990,0.01,0.464,6.4944,-8.9556,0.1908
25-Jan-1990,0.04,0.473,7.7556,-6.3,0.2042
26-Jan-1990,0.06,0.483,4.1056,-6.9778,0.2606
27-Jan-1990,0.03,0.494,4.5778,-12.2444,0.2203
28-Jan-1990,0.9,0.506,6.2889,-10.0056,0.2015
29-Jan-1990,0.11,0.518,6.9111,-4.5722,0.2096
30-Jan-1990,13.48,0.531,0.7389,-6.1278,0.2123
31-Jan-1990,5.63,0.545,0.7944,-12.05,0.1935
01-Feb-1990,1.65,0.559,-1.3611,-10.2944,0.215
02-Feb-1990,1.59,0.574,2.55,-12.8611,0.1908
03-Feb-1990,13.78,0.589,4.3167,-9.8944,0.1962
04-Feb-1990,5.13,0.606,-1.3833,-11.6389,0.2203
05-Feb-1990,1.34,0.623,3.3278,-13.9333,0.1935
06-Feb-1990,5.57,0.641,-1.1222,-9.6,0.1881
07-Feb-1990,0.87,0.659,-4.1389,-16.7833,0.1827
08-Feb-1990,3.27,0.678,2.4833,-16.0944,0.1747
09-Feb-1990,0.17,0.698,6.7111,-9.1,0.2338
10-Feb-1990,0,0.718,9.0556,-5.9944,0.2203
11-Feb-1990,0.57,0.739,10.8222,-5.1389,0.223
12-Feb-1990,0.13,0.761,5.7611,-5.0556,0.2391
13-Feb-1990,0.99,0.783,-3.2556,-13.2389,0.2123
14-Feb-1990,1.43,0.806,-8.7556,-17.6,0.1962
15-Feb-1990,2.97,0.829,-1.5,-18.15,0.1935
16-Feb-1990,31.66,0.853,-5.3389,-11.2944,0.1881
17-Feb-1990,22.34,0.878,-5.8222,-11.9222,0.1881
18-Feb-1990,3.17,0.903,-5.3556,-15.8167,0.1908
19-Feb-1990,0.89,0.929,-1.4,-16.3833,0.2069
20-Feb-1990,1.86,0.955,1.9722,-13.8722,0.266
21-Feb-1990,0.05,0.982,4.8833,-7.5167,0.2768
22-Feb-1990,0.99,1.01,9.4556,-8.3722,0.2687
23-Feb-1990,0,1.038,11.2333,-6.1833,0.266
24-Feb-1990,0,1.067,11.0667,-3.5722,0.2687
25-Feb-1990,0.05,1.096,10.6611,-3.0611,0.2902
26-Feb-1990,0.09,1.126,11.1056,-2.7444,0.309
27-Feb-1990,0.03,1.156,9.9944,-3.9722,0.3305
28-Feb-1990,0.33,1.187,11.1833,-4.2556,0.3681
01-Mar-1990,0.46,1.218,8.7778,-1.2889,0.3869
02-Mar-1990,2.13,1.25,5.8778,-0.2556,0.3708
03-Mar-1990,2.47,1.282,5.5056,-1.5611,0.4138
04-Mar-1990,6.77,1.315,3.5278,-5.7889,0.4729
05-Mar-1990,2.37,1.348,3.0222,-9.9278,0.3977
06-Mar-1990,1.18,1.382,7.2556,-8.5389,0.3601
07-Mar-1990,0,1.416,10.5667,-5.1389,0.3628
08-Mar-1990,0,1.451,8.6333,-2.8944,0.4004
09-Mar-1990,0.52,1.486,9.9944,-5.3278,0.438
10-Mar-1990,7.85,1.521,3.9333,-6.5778,0.4568
11-Mar-1990,7.95,1.557,-1.6833,-11.7278,0.4057
12-Mar-1990,1.8,1.593,-2.2056,-13.3,0.352
13-Mar-1990,2.91,1.629,0.6667,-14.2111,0.3574
14-Mar-1990,0.86,1.666,4.2278,-8.9556,0.3547
15-Mar-1990,0.58,1.704,8.1833,-6.6167,0.3601
16-Mar-1990,0.02,1.741,11.2389,-3.7722,0.3708
17-Mar-1990,0.51,1.779,12.6389,-0.75,0.4031
18-Mar-1990,0.01,1.818,13.9889,-2.35,0.5132
19-Mar-1990,0.05,1.856,13.5611,-0.8944,0.6046
20-Mar-1990,0.19,1.895,14.8167,-1.4056,0.6852
21-Mar-1990,0.02,1.935,15,-1.1556,0.7336
22-Mar-1990,0,1.974,14.7889,-0.8556,0.7981
23-Mar-1990,0,2.014,14.4333,-1.6278,0.8115
24-Mar-1990,0.5,2.054,14.6389,-2.4833,0.876
25-Mar-1990,0.09,2.094,13.0167,-1.9556,0.9485
26-Mar-1990,0,2.135,11.9722,-2.7111,0.9808
27-Mar-1990,0.55,2.176,9.9611,-4.9333,0.962
28-Mar-1990,0.1,2.217,7.4889,-5.1056,0.9136
29-Mar-1990,0.26,2.258,8.9889,-5.9056,0.8249
30-Mar-1990,0.52,2.299,10.4278,-5.1111,0.7927
31-Mar-1990,0.21,2.341,12.8167,-4.1389,0.7927
01-Apr-1990,0.51,2.382,14.45,-2.7056,0.8384
02-Apr-1990,0.84,2.424,14.7278,-2.2889,0.9405
03-Apr-1990,0.02,2.466,15.4556,-0.9778,0.9835
04-Apr-1990,0.16,2.508,14.9722,-0.5778,1.0453
05-Apr-1990,5.76,2.551,13.5833,-0.6389,1.1017
06-Apr-1990,4.2,2.593,11.9389,-0.7444,1.2038
07-Apr-1990,5.67,2.635,11.0444,-1.8611,1.1286
08-Apr-1990,1.53,2.678,8.0667,-2.1722,1.0829
09-Apr-1990,0.3,2.72,13.6389,-3.8833,0.962
10-Apr-1990,0.92,2.763,15.7222,-1.6278,1.013
11-Apr-1990,0,2.806,15.2444,0.8278,1.2226
12-Apr-1990,0.63,2.848,17.6389,-0.3833,1.2978
13-Apr-1990,0.38,2.891,19.8889,1.0556,1.4349
14-Apr-1990,0,2.934,19.2278,3.5222,1.6767
15-Apr-1990,0.8,2.977,17.8278,2.2222,1.7116
16-Apr-1990,5,3.019,11.5389,0.5333,1.8594
17-Apr-1990,0.31,3.062,8.3667,-0.5056,1.3785
18-Apr-1990,0.08,3.104,11.1389,2.0167,1.2226
19-Apr-1990,1.66,3.147,11.3722,0.55,1.3704
20-Apr-1990,4.77,3.189,9.15,0.6056,1.4779
21-Apr-1990,1.61,3.232,9.8444,-0.9722,1.3167
22-Apr-1990,2.58,3.274,10.1833,-0.4611,1.2468
23-Apr-1990,11.35,3.316,6.4389,-0.7333,1.3059
24-Apr-1990,1.74,3.358,9.8667,-2.7,1.1957
25-Apr-1990,0.13,3.4,15.0111,-1.3444,1.1151
26-Apr-1990,0.61,3.442,16.8056,0.8667,1.2145
27-Apr-1990,0.01,3.483,17.7333,2.3278,1.4053
28-Apr-1990,0.77,3.525,14.2111,1.75,1.6875
29-Apr-1990,7.57,3.566,8.6722,-4.1611,1.6767
30-Apr-1990,0.97,3.607,6.4833,-4.4167,1.3408
01-May-1990,0.27,3.648,10.6333,-3.5889,1.1286
02-May-1990,1.41,3.689,13.3611,-1.0278,1.0372
03-May-1990,0.03,3.729,15.4556,0.9778,1.1124
04-May-1990,0,3.769,19.25,1.8278,1.2898
05-May-1990,0,3.809,21.9667,3.0167,1.4214
06-May-1990,0,3.848,18.9889,4.1778,1.5558
07-May-1990,1.43,3.888,17.5167,1.7778,1.537
08-May-1990,0.07,3.927,15.3667,-0.6667,1.4053
09-May-1990,2.44,3.965,16.5722,-1.8167,1.3059
10-May-1990,2.03,4.004,13.0389,0.8722,1.4053
11-May-1990,0.6,4.042,12.4,-0.3944,1.2763
12-May-1990,0.08,4.08,13.3722,-1.2667,1.1501
13-May-1990,0.6,4.117,14.8889,-1.7056,1.1366
14-May-1990,0.58,4.154,13.1389,-0.1611,1.1178
15-May-1990,0.26,4.191,13.4333,-2.4833,1.0345
16-May-1990,0,4.227,16.2056,-1.1611,0.962
17-May-1990,0.3,4.263,14.5722,1.2056,0.97
18-May-1990,0,4.298,13.7389,-1.7833,0.9217
19-May-1990,0.6,4.333,9.7444,-0.2222,0.884
20-May-1990,0.93,4.368,9.3278,0.4333,0.8088
21-May-1990,0.03,4.402,13.2889,1.8444,0.7604
22-May-1990,0.68,4.436,13.2611,2.6556,0.7658
23-May-1990,11.79,4.469,9.9111,-1.5722,0.8088
24-May-1990,0.83,4.502,8.9556,-4.2222,0.8464
25-May-1990,1.44,4.535,12.1833,-2.5778,0.7981
26-May-1990,3.75,4.566,9.2389,1.3278,0.747
27-May-1990,5.25,4.598,7.2,2.3944,0.7819
28-May-1990,2.3,4.629,7.7556,0.8389,0.8357
29-May-1990,1.03,4.659,10.5611,0.4611,0.7551
30-May-1990,16.4,4.689,7.3889,0.3333,0.7362
31-May-1990,3.71,4.718,6.9667,-1.6611,0.8195
01-Jun-1990,0.45,4.747,12.6278,-4.8944,0.7873
02-Jun-1990,0.73,4.775,17.9,1.2722,0.8276
03-Jun-1990,0.34,4.803,18.9889,4.7333,0.8679
04-Jun-1990,0.07,4.83,19.6611,5.6722,0.919
05-Jun-1990,0.02,4.857,19.4278,4.4278,0.9646
06-Jun-1990,0,4.883,16.3944,4.9611,0.9727
07-Jun-1990,0.01,4.908,21.8667,3.4278,0.927
08-Jun-1990,0.47,4.933,23.4611,5.1889,0.9861
09-Jun-1990,0.11,4.957,20.6833,6.3833,1.0426
10-Jun-1990,0.21,4.981,16.2056,6.2,1.005
11-Jun-1990,0.34,5.004,16.3722,1.15,0.9405
12-Jun-1990,0.03,5.026,15.8944,1.6778,0.8384
13-Jun-1990,2.93,5.048,12.6722,-0.9056,0.7739
14-Jun-1990,1.08,5.069,12.3056,0.3556,0.7792
15-Jun-1990,1,5.089,13.1056,0.8278,0.6986
16-Jun-1990,0.72,5.109,16.4444,-0.0167,0.6476
17-Jun-1990,0.08,5.128,17.3222,2.35,0.6153
18-Jun-1990,0.08,5.147,16.2722,1.4611,0.6073
19-Jun-1990,0.53,5.165,21.5833,2.9722,0.567
20-Jun-1990,0.34,5.182,25.1833,6.0056,0.5643
21-Jun-1990,0.47,5.198,26.4944,7.8944,0.5643
22-Jun-1990,0.01,5.214,24.4278,8.2778,0.5508
23-Jun-1990,0.67,5.229,23.9111,6.1444,0.5132
24-Jun-1990,0,5.244,22.8722,6.9778,0.4702
25-Jun-1990,0.01,5.258,23.3278,5.1222,0.4487
26-Jun-1990,0,5.271,22.6722,5.2889,0.395
27-Jun-1990,0,5.283,21.4778,7.3056,0.3574
28-Jun-1990,0.01,5.295,24.2944,5.2556,0.3413
29-Jun-1990,0.01,5.306,24.45,6.7167,0.3305
30-Jun-1990,0.02,5.316,24.6222,7.4944,0.3144
01-Jul-1990,0.04,5.325,23.4333,10.0167,0.3009
02-Jul-1990,1.01,5.334,19.3722,6.0778,0.3144
03-Jul-1990,0.08,5.342,20.3167,3.1667,0.3144
04-Jul-1990,0,5.35,20.1556,4.8333,0.2983
05-Jul-1990,0,5.356,19.4778,5.5111,0.2795
06-Jul-1990,0.02,5.362,22.4778,4.2222,0.258
07-Jul-1990,0.07,5.367,23.6833,5.2556,0.2338
08-Jul-1990,0.06,5.372,24.0667,6.65,0.2257
09-Jul-1990,1.4,5.376,24.5167,7.1667,0.2177
10-Jul-1990,0.67,5.379,25.0778,8.75,0.2284
11-Jul-1990,0.54,5.381,26.65,9.7667,0.2391
12-Jul-1990,8.36,5.382,27.8,12.3722,0.2902
13-Jul-1990,10.06,5.383,27.3611,11.2667,0.3305
14-Jul-1990,3.18,5.383,25.5778,10.2556,0.5885
15-Jul-1990,3.03,5.383,25.6278,9.7278,0.3977
16-Jul-1990,5.36,5.381,24.7389,10.2667,0.3144
17-Jul-1990,0.73,5.379,24.5056,9.5,0.3977
18-Jul-1990,3.91,5.376,24.4611,9.2111,0.2821
19-Jul-1990,0.44,5.373,23.8333,8.8833,0.3171
20-Jul-1990,0.8,5.368,25.8556,8.5833,0.2472
21-Jul-1990,0.13,5.363,25.9611,8.2222,0.2123
22-Jul-1990,0,5.358,26.6,9.4111,0.1962
23-Jul-1990,0.04,5.351,24.2,9.1389,0.1773
24-Jul-1990,0.47,5.344,20.8833,7.5,0.1612
25-Jul-1990,0,5.336,20.8111,4.7222,0.1505
26-Jul-1990,0.41,5.327,23.4167,4.1778,0.1773
27-Jul-1990,0.23,5.318,25.5722,6.85,0.18
28-Jul-1990,0.01,5.308,26.8667,8.6222,0.1854
29-Jul-1990,0.01,5.297,27.2778,9.1222,0.1854
30-Jul-1990,0,5.286,26.5,9.3333,0.18
31-Jul-1990,0.24,5.273,25.7167,7.8111,0.1666
01-Aug-1990,0.04,5.26,26,8.1056,0.1854
02-Aug-1990,0.09,5.247,26.2611,8.65,0.1962
03-Aug-1990,0,5.232,27.0222,9.2556,0.1773
04-Aug-1990,0.86,5.217,28.2833,9.8,0.172
05-Aug-1990,0.96,5.202,29.2889,10.2056,0.1612
06-Aug-1990,0.49,5.185,28.4722,11.1889,0.1505
07-Aug-1990,1.93,5.168,27.7944,11.2667,0.1558
08-Aug-1990,2.76,5.151,26.05,9.6778,0.1908
09-Aug-1990,4.63,5.132,26.1833,9.1556,0.1881
10-Aug-1990,0.33,5.113,25.4833,9.2389,0.1612
11-Aug-1990,0.11,5.094,25.6444,9.8167,0.1317
12-Aug-1990,0.54,5.073,26.3056,8.85,0.1344
13-Aug-1990,0.82,5.052,27.2833,9.2944,0.1397
14-Aug-1990,0.46,5.031,26.05,9.6889,0.1612
15-Aug-1990,0.04,5.009,23.2111,8.4611,0.1612
16-Aug-1990,0,4.986,21.0944,5.5833,0.1639
17-Aug-1990,0.26,4.962,19.1389,5.95,0.1666
18-Aug-1990,0.25,4.938,14.6333,5.4111,0.1773
19-Aug-1990,5.44,4.913,13.0833,1.6,0.1935
20-Aug-1990,1.08,4.888,13.7111,0.55,0.215
21-Aug-1990,0,4.862,17.9444,1.4,0.2042
22-Aug-1990,0.05,4.836,20.6278,3.6167,0.1881
23-Aug-1990,0,4.809,22.0333,5.4556,0.1612
24-Aug-1990,0.13,4.781,17.85,5.8056,0.1344
25-Aug-1990,0,4.753,15.9278,3.6111,0.1317
26-Aug-1990,0.01,4.724,16.6444,2.4,0.129
27-Aug-1990,0,4.695,20.7667,3.2778,0.1344
28-Aug-1990,0,4.665,23.1278,4.4944,0.1344
29-Aug-1990,0,4.635,22.6111,6.2889,0.2015
30-Aug-1990,0.33,4.604,20.45,6.5222,0.2096
31-Aug-1990,0,4.573,22.4167,4.2611,0.2096
01-Sep-1990,0,4.541,23.7944,5.4722,0.1988
02-Sep-1990,0.35,4.509,23.7889,4.7833,0.18
03-Sep-1990,0,4.476,22.2222,5.1833,0.1639
04-Sep-1990,0.05,4.443,22.4611,4.1444,0.1558
05-Sep-1990,0,4.409,22.6722,5.7889,0.1639
06-Sep-1990,0.01,4.375,22.2444,6.8889,0.1585
07-Sep-1990,0.33,4.341,23.7056,7.3111,0.1558
08-Sep-1990,0.24,4.306,25.2333,6.65,0.1532
09-Sep-1990,0.01,4.27,27.2111,6.8556,0.1424
10-Sep-1990,0.45,4.235,27.3333,7.65,0.1182
11-Sep-1990,0,4.198,25.7389,7.3167,0.0967
12-Sep-1990,0.06,4.162,24.2667,7.3111,0.086
13-Sep-1990,0.06,4.125,25.0778,6.6778,0.0806
14-Sep-1990,0.09,4.088,20.9,7.3778,0.0914
15-Sep-1990,0.01,4.05,19.1222,3.9611,0.0887
16-Sep-1990,0.02,4.012,18.7278,0.7389,0.0806
17-Sep-1990,0.34,3.974,17.2611,3.0556,0.094
18-Sep-1990,0.13,3.935,17.5167,2.7833,0.1075
19-Sep-1990,0.05,3.896,17.3889,3.3278,0.1263
20-Sep-1990,0,3.857,18.6778,2.7944,0.1317
21-Sep-1990,0,3.817,18.0833,2.6944,0.1102
22-Sep-1990,0.2,3.777,16.8833,3.1444,0.0994
23-Sep-1990,9.35,3.737,14.5611,1.4056,0.086
24-Sep-1990,3.57,3.697,13.7056,0.7667,0.1263
25-Sep-1990,1,3.656,12.2611,1.5778,0.1451
26-Sep-1990,1.22,3.616,12.8222,2.4333,0.1263
27-Sep-1990,1.93,3.575,12.4278,2.8722,0.1344
28-Sep-1990,0.71,3.534,15.3,1.5,0.137
29-Sep-1990,0.83,3.492,17,3.6556,0.137
30-Sep-1990,0.03,3.451,20.35,4.5222,0.129
01-Oct-1990,0,3.409,21.4111,4.4167,0.1182
02-Oct-1990,0.08,3.367,19.3167,3.5056,0.1236
03-Oct-1990,0,3.325,19.1611,1.9556,0.1344
04-Oct-1990,0.02,3.283,20.1778,4.25,0.1317
05-Oct-1990,0.03,3.241,17.7556,5.9722,0.1209
06-Oct-1990,0.12,3.198,12.8667,2.3944,0.1102
07-Oct-1990,1.17,3.156,9.0944,-1.9444,0.1129
08-Oct-1990,0.23,3.113,11.9556,-5.1444,0.1155
09-Oct-1990,0,3.071,17.5889,-2.3889,0.1129
10-Oct-1990,0.31,3.028,18.1722,-0.1167,0.1155
11-Oct-1990,0.06,2.986,16.6333,-0.8444,0.1102
12-Oct-1990,0,2.943,18.7,0.0667,0.1102
13-Oct-1990,0,2.9,19.1111,2.0833,0.1075
14-Oct-1990,0.01,2.857,20.1611,1.3444,0.1048
15-Oct-1990,0.2,2.815,19.0944,2.8278,0.1021
16-Oct-1990,0.07,2.772,16.9222,1.2722,0.0994
17-Oct-1990,0.58,2.729,17.0333,-2.2333,0.0967
18-Oct-1990,3.13,2.687,10.6611,0.4722,0.0967
19-Oct-1990,3.01,2.644,5.3722,-2.8833,0.1102
20-Oct-1990,0.14,2.602,9.4722,-6.5222,0.1236
21-Oct-1990,0.34,2.56,15.7667,-2.4611,0.1155
22-Oct-1990,0,2.517,15.4667,0.6056,0.1129
23-Oct-1990,0.64,2.475,17.1778,-0.2944,0.1102
24-Oct-1990,0.23,2.433,18.7167,1.0944,0.1075
25-Oct-1990,0.1,2.391,18.6778,3,0.1048
26-Oct-1990,0,2.349,18.5556,1.6389,0.0994
27-Oct-1990,0,2.308,18.3889,1.0167,0.0967
28-Oct-1990,0.26,2.266,16.0389,1.5889,0.0967
29-Oct-1990,0,2.225,14.8333,2.2611,0.0967
30-Oct-1990,0,2.184,14.3778,-0.2778,0.0967
31-Oct-1990,5.54,2.143,5.4278,-1.5778,0.0967
01-Nov-1990,1.7,2.103,1.7722,-5.9222,0.1075
02-Nov-1990,0.05,2.062,1.1944,-9.8111,0.1075
03-Nov-1990,0.26,2.022,6.8444,-9.1333,0.0833
04-Nov-1990,0.14,1.982,12.1556,-5.6222,0.0833
05-Nov-1990,1.07,1.943,9.5056,-3.8111,0.1155
06-Nov-1990,0.85,1.904,1.2611,-7.3444,0.1102
07-Nov-1990,0.23,1.865,7.5722,-11.1722,0.086
08-Nov-1990,0.37,1.826,11.2167,-2.8944,0.1075
09-Nov-1990,0.01,1.787,15.1222,-3.6667,0.1182
10-Nov-1990,0,1.749,17.5889,-2.1333,0.1048
11-Nov-1990,0.01,1.712,15.8778,-2.3167,0.1021
12-Nov-1990,0,1.674,16.0278,-1.05,0.1075
13-Nov-1990,0,1.637,14.9944,0.9444,0.1075
14-Nov-1990,0.07,1.601,10.7389,1.0778,0.1048
15-Nov-1990,0,1.564,8.1444,-2.3167,0.1021
16-Nov-1990,0,1.528,9.9333,-2.7667,0.1048
17-Nov-1990,0.06,1.493,10.3167,-1.2611,0.1048
18-Nov-1990,0.01,1.458,9.0889,-1.8278,0.1048
19-Nov-1990,3.46,1.423,4.1889,-2.8167,0.1021
20-Nov-1990,1.18,1.389,1.7944,-8.9833,0.1075
21-Nov-1990,0.31,1.355,4.1,-8.6833,0.086
22-Nov-1990,0.76,1.322,10.6,-7.6389,0.0887
23-Nov-1990,0.16,1.289,13.8389,-4.1611,0.0914
24-Nov-1990,0.34,1.257,14.0333,-4.3056,0.0994
25-Nov-1990,13.53,1.225,9.7611,-6.2944,0.1102
26-Nov-1990,3.3,1.193,-0.6389,-12.7833,0.1182
27-Nov-1990,0.69,1.163,1.8944,-12.8667,0.086
28-Nov-1990,0.33,1.132,5.7056,-10.7667,0.094
29-Nov-1990,0.37,1.102,8.3611,-6.0889,0.1021
30-Nov-1990,0.44,1.073,8.0056,-6.5778,0.1048
01-Dec-1990,0,1.044,6.6944,-8.5278,0.1075
02-Dec-1990,0.34,1.016,6.0278,-8.6167,0.1129
03-Dec-1990,0,0.988,8.0333,-7.25,0.1263
04-Dec-1990,0,0.961,9.3611,-3.9389,0.1182
05-Dec-1990,0.03,0.935,8.2778,-5.8056,0.1155
06-Dec-1990,0.03,0.909,8.6944,-7.75,0.1021
07-Dec-1990,0.85,0.883,9.7444,-5.9111,0.1048
08-Dec-1990,0.05,0.858,12.0611,-4.6667,0.1209
09-Dec-1990,0.01,0.834,12.1833,-3.0278,0.1236
10-Dec-1990,0.75,0.811,9.8111,-2.6167,0.1182
11-Dec-1990,3.21,0.788,4,-2.2111,0.129
12-Dec-1990,1.8,0.765,2.0667,-5.1556,0.1236
13-Dec-1990,1.29,0.743,-0.6333,-9.6111,0.1129
14-Dec-1990,0.18,0.722,1.1722,-13.0833,0.0887
15-Dec-1990,4.81,0.702,-2.3167,-11.6167,0.1182
16-Dec-1990,0.9,0.682,-3.9,-14.5722,0.1935
17-Dec-1990,0.53,0.663,2.2833,-12.5556,0.1773
18-Dec-1990,1.81,0.644,2.9056,-9.3222,0.1612
19-Dec-1990,17.31,0.627,-4.3056,-13.5444,0.1344
20-Dec-1990,3.48,0.609,-11.2667,-18.9778,0.094
21-Dec-1990,0.12,0.593,-12.7778,-20.5,0.0833
22-Dec-1990,0.32,0.577,-10.8278,-18.9833,0.0833
23-Dec-1990,0.03,0.562,-8.1611,-16.2778,0.086
24-Dec-1990,0.22,0.547,-2.6444,-16.15,0.0833
25-Dec-1990,0.02,0.534,-1.05,-14.3222,0.0833
26-Dec-1990,0,0.521,-1.0833,-14.2,0.0833
27-Dec-1990,0.3,0.508,3.9111,-12.6333,0.1612
28-Dec-1990,0.01,0.497,3.1778,-12.0667,0.1585
29-Dec-1990,0,0.486,-3.5833,-17.2222,0.1236
30-Dec-1990,0.31,0.475,0.7,-14.6944,0.0833
31-Dec-1990,0,0.466,4.2889,-12.0444,0.0887
01-Jan-1991,0,0.44,5.1722,-10.0333,0.0994
02-Jan-1991,1.09,0.442,5.0389,-9.8111,0.129
03-Jan-1991,2.78,0.435,1.2111,-6.8167,0.1075
04-Jan-1991,1.95,0.429,3.1167,-6.9889,0.1021
05-Jan-1991,0,0.424,4.85,-9.5278,0.1209
06-Jan-1991,0.33,0.419,3.7389,-8.6,0.086
07-Jan-1991,1.47,0.416,1.0611,-7.9556,0.0887
08-Jan-1991,0.02,0.413,1.2,-10.1444,0.1129
09-Jan-1991,0,0.41,1.6611,-8.7222,0.0887
10-Jan-1991,0.13,0.409,3.2278,-8.2222,0.0887
11-Jan-1991,0,0.408,5.2889,-5.0111,0.1075
12-Jan-1991,0,0.408,7.6611,-3.0833,0.1209
13-Jan-1991,0,0.409,8.3056,-4.2278,0.1451
14-Jan-1991,0.8,0.41,9.1056,-4.6611,0.172
15-Jan-1991,0.06,0.412,6.4889,-4.9333,0.1935
16-Jan-1991,0.04,0.415,3.25,-7.4944,0.1505
17-Jan-1991,0,0.419,5.9944,-6.4333,0.1344
18-Jan-1991,0.05,0.423,8.9222,-6.2167,0.1263
19-Jan-1991,0.98,0.428,5.8333,-7.2444,0.1236
20-Jan-1991,0.03,0.434,-0.35,-10.0389,0.1209
21-Jan-1991,0,0.44,-0.75,-12.7389,0.1317
22-Jan-1991,0.04,0.447,4.2833,-12.2111,0.2015
23-Jan-1991,0,0.455,7.5944,-9.7444,0.2526
24-Jan-1991,0.02,0.464,6.7944,-8.4556,0.1827
25-Jan-1991,0,0.473,6.6,-10.1667,0.2203
26-Jan-1991,0.03,0.483,5.9778,-9.4611,0.1747
27-Jan-1991,0.08,0.494,5.9889,-10.3722,0.1666
28-Jan-1991,0.02,0.506,6.4111,-11.1444,0.1666
29-Jan-1991,0.22,0.518,6.8556,-12.3333,0.137
30-Jan-1991,0.15,0.531,8.9667,-8.7389,0.1532
31-Jan-1991,0.11,0.545,8.5,-6.0111,0.1585
01-Feb-1991,0.44,0.559,9.9222,-6.2611,0.1397
02-Feb-1991,5.02,0.574,5.4278,-3.8056,0.1236
03-Feb-1991,0.83,0.589,6.3778,-3.8389,0.1317
04-Feb-1991,4.56,0.606,9.6444,-4.0722,0.1209
05-Feb-1991,7.86,0.623,5.8611,-2.6611,0.1451
06-Feb-1991,1.98,0.641,7.0611,-4.5111,0.1478
07-Feb-1991,0.4,0.659,9.6667,-5.7889,0.1317
08-Feb-1991,0.42,0.678,9.4167,-5.25,0.1182
09-Feb-1991,0.23,0.698,10.0333,-5.4333,0.1155
10-Feb-1991,0.05,0.718,10.1389,-5.4,0.1155
11-Feb-1991,0,0.739,10.0722,-4.2111,0.1155
12-Feb-1991,0.12,0.761,9.5833,-4.3389,0.1155
13-Feb-1991,0,0.783,9.7778,-3.0944,0.1209
14-Feb-1991,0,0.806,12,-3.2944,0.1209
15-Feb-1991,0,0.829,10.4944,-0.9333,0.1263
16-Feb-1991,0.37,0.853,7.5667,-1.7167,0.129
17-Feb-1991,0.29,0.878,3.6333,-5.7167,0.129
18-Feb-1991,0.07,0.903,5.3389,-9.1944,0.1155
19-Feb-1991,0.01,0.929,11.4,-6.2889,0.1075
20-Feb-1991,0,0.955,12.55,-5.2,0.1129
21-Feb-1991,0.33,0.982,11.8167,-3.2833,0.1182
22-Feb-1991,0.02,1.01,9.8611,-4.3944,0.1182
23-Feb-1991,0.42,1.038,8.5889,-5.9167,0.1209
24-Feb-1991,0.06,1.067,7.9167,-7.8056,0.1182
25-Feb-1991,0,1.096,10.0722,-7.2111,0.1129
26-Feb-1991,0.09,1.126,10.8556,-5.6389,0.1182
27-Feb-1991,0.94,1.156,7.3111,-3.7667,0.1263
28-Feb-1991,7.86,1.187,4.1389,-2.7278,0.1263
01-Mar-1991,37.34,1.218,0.9,-4.2278,0.1424
02-Mar-1991,8.52,1.25,0.4222,-5.0333,0.1236
03-Mar-1991,61.83,1.282,2.4056,-2.1222,0.2069
04-Mar-1991,54.81,1.315,4.0833,-1.6056,1.0479
05-Mar-1991,3.86,1.348,-0.4833,-8.9444,0.9835
06-Mar-1991,1.64,1.382,1.4389,-13.8278,0.4702
07-Mar-1991,3.75,1.416,4.0333,-10.2833,0.4084
08-Mar-1991,1.08,1.451,6.4167,-9.0833,0.3117
09-Mar-1991,0.43,1.486,6.4722,-5.8556,0.309
10-Mar-1991,14.05,1.521,2.1611,-6.6222,0.2821
11-Mar-1991,1.93,1.557,-0.1444,-10.7722,0.2633
12-Mar-1991,3.01,1.593,0.6333,-7.8944,0.2445
13-Mar-1991,12.14,1.629,-0.5167,-8.2778,0.2526
14-Mar-1991,5.91,1.666,0.6778,-11.2111,0.2284
15-Mar-1991,4.93,1.704,-3.1556,-13.5611,0.2257
16-Mar-1991,1.3,1.741,2.5944,-13.8722,0.2069
17-Mar-1991,14.93,1.779,1.3611,-7.3278,0.2445
18-Mar-1991,23,1.818,-0.2778,-5.4222,0.2365
19-Mar-1991,6.17,1.856,-1.1944,-6.5056,0.2365
20-Mar-1991,2.44,1.895,-0.7389,-8.2278,0.223
21-Mar-1991,2.43,1.935,1.9056,-10.8611,0.2123
22-Mar-1991,1.28,1.974,4.0722,-13.1111,0.1988
23-Mar-1991,11.94,2.014,3.1056,-6.7944,0.2284
24-Mar-1991,28.6,2.054,1.2444,-5.6833,0.258
25-Mar-1991,21.87,2.094,-1.35,-8.5056,0.2606
26-Mar-1991,8.05,2.135,-2.0556,-10.9556,0.2123
27-Mar-1991,8.89,2.176,1.0111,-10,0.266
28-Mar-1991,7.9,2.217,6.5833,-11.9278,0.2365
29-Mar-1991,0.65,2.258,7.0611,-7.5611,0.3117
30-Mar-1991,0.07,2.299,10.4611,-6.7389,0.4138
31-Mar-1991,0.72,2.341,11.0278,-3.9611,0.5374
01-Apr-1991,3.56,2.382,7.5667,-4.1,0.6664
02-Apr-1991,0.87,2.424,9.4667,-6.4167,0.575
03-Apr-1991,1.02,2.466,13.2167,-5.1389,0.5347
04-Apr-1991,0.55,2.508,15.5778,-1.1167,0.6691
05-Apr-1991,0.25,2.551,13.5167,1.7611,1.0318
06-Apr-1991,1.07,2.593,11.8,1.7,1.1984
07-Apr-1991,0.82,2.635,7.7111,-6.5389,0.97
08-Apr-1991,0.16,2.678,9.2,-8.3222,0.7954
09-Apr-1991,0.02,2.72,10.0556,-4.3556,0.7443
10-Apr-1991,0.37,2.763,4.1333,-8.4222,0.7819
11-Apr-1991,0.99,2.806,0.9278,-10.2,0.6422
12-Apr-1991,0.81,2.848,6.0556,-5.4278,0.575
13-Apr-1991,0.31,2.891,10.3444,-5.6889,0.5455
14-Apr-1991,0.63,2.934,10.4389,-3.2944,0.6503
15-Apr-1991,0.04,2.977,5.1111,-4.4778,0.7255
16-Apr-1991,0.3,3.019,4.6222,-8.4222,0.6395
17-Apr-1991,0.63,3.062,6.5167,-9.1167,0.5885
18-Apr-1991,0.06,3.104,8.6556,-7.4,0.5697
19-Apr-1991,0.24,3.147,10.7,-4.2889,0.6019
20-Apr-1991,2.39,3.189,6.9944,-1.65,0.6341
21-Apr-1991,0.86,3.232,8.5444,-2.5889,0.6046
22-Apr-1991,0.89,3.274,10.0389,-3.9667,0.6315
23-Apr-1991,0.24,3.316,10.6333,-4.1667,0.6637
24-Apr-1991,3.98,3.358,7.2056,-2.2056,0.8034
25-Apr-1991,2.5,3.4,2.6611,-5.05,0.7766
26-Apr-1991,0.95,3.442,7.8778,-4.0111,0.6691
27-Apr-1991,0.59,3.483,9.0056,-5.6389,0.7255
28-Apr-1991,0.34,3.525,12.4444,-5.4222,0.7551
29-Apr-1991,0.49,3.566,13.0444,-3.0056,0.9055
30-Apr-1991,2.59,3.607,13.5,-4.4111,1.0856
01-May-1991,1.82,3.648,4.7389,-5.5167,1.2038
02-May-1991,0.89,3.689,3.5167,-4.0278,0.9432
03-May-1991,0.25,3.729,7.6833,-5.4778,0.7954
04-May-1991,0.31,3.769,12.8444,-4.6722,0.841
05-May-1991,0.16,3.809,15.1444,-0.25,1.2092
06-May-1991,1.08,3.848,14.0389,1.4056,1.6606
07-May-1991,0.36,3.888,16.1444,0.5444,2.0072
08-May-1991,3.6,3.927,10.3944,-1.4222,2.7408
09-May-1991,5.31,3.965,4.8944,-5.6111,2.1281
10-May-1991,0.69,4.004,4.0222,-6.3111,1.4403
11-May-1991,1.54,4.042,5.5056,-6.2722,1.1715
12-May-1991,0.26,4.08,11.1444,-3.1167,1.0264
13-May-1991,4.9,4.117,7.5,-1.0056,1.2817
14-May-1991,1.15,4.154,10.7944,-2.1333,1.1044
15-May-1991,1.81,4.191,15.7056,-2.3889,1.3113
16-May-1991,3.08,4.227,13.6556,-1.7,1.932
17-May-1991,3.76,4.263,4.9889,-5.3389,2.026
18-May-1991,1.32,4.298,2.0056,-5.1833,1.3865
19-May-1991,0.36,4.333,7.5167,-6.5889,1.1339
20-May-1991,2.55,4.368,9.0667,-2.8056,1.0802
21-May-1991,2.06,4.402,12.2889,-0.0333,1.1501
22-May-1991,0.82,4.436,16.2111,0.1222,1.4752
23-May-1991,0.83,4.469,18.4389,2.5667,2.2141
24-May-1991,0.12,4.502,18.4611,2.0778,2.7408
25-May-1991,0.51,4.535,16.5778,1.4833,3.117
26-May-1991,0.59,4.566,14.0111,-2.0111,2.8214
27-May-1991,0.01,4.598,13.5444,-2.0056,2.4076
28-May-1991,0.02,4.629,14.0444,-0.8056,2.3055
29-May-1991,1.76,4.659,12.4722,0.0944,2.3109
30-May-1991,4.42,4.689,7.5222,-0.5111,2.1873
31-May-1991,0.96,4.718,10.8389,-3.2722,1.7466
01-Jun-1991,0.77,4.747,16.8722,1.6778,1.8326
02-Jun-1991,0.01,4.775,19.7722,2.3722,2.2974
03-Jun-1991,0.41,4.803,19.3167,4.2944,2.5473
04-Jun-1991,0.13,4.83,18.4167,3.0944,2.284
05-Jun-1991,0.03,4.857,16.4722,-1.6333,2.5473
06-Jun-1991,0.31,4.883,17.1333,2.2167,2.327
07-Jun-1991,0,4.908,19.7611,0.8056,2.0368
08-Jun-1991,0,4.933,21.1278,3.95,1.9615
09-Jun-1991,0.39,4.957,23.1556,5.1611,1.9884
10-Jun-1991,0,4.981,24.7278,6.7667,2.1496
11-Jun-1991,0,5.004,24.5,8.0111,2.2302
12-Jun-1991,0.39,5.026,22.0444,8.7389,2.0959
13-Jun-1991,0,5.048,19.8944,5.5833,1.9884
14-Jun-1991,0,5.069,18.6556,0.9111,1.8326
15-Jun-1991,0,5.089,19.6222,2.2389,1.6391
16-Jun-1991,0.05,5.109,19.0722,5.5611,1.5182
17-Jun-1991,0,5.128,19.8556,4.45,1.3811
18-Jun-1991,0.1,5.147,19.2278,6.1833,1.3005
19-Jun-1991,0.1,5.165,14.8278,3.1278,1.193
20-Jun-1991,0,5.182,15.7111,-1.0056,1.0372
21-Jun-1991,0.12,5.198,16.3556,1.0556,0.9646
22-Jun-1991,0,5.214,17.3889,-0.6222,0.9136
23-Jun-1991,0.03,5.229,16.3056,0.9333,0.8706
24-Jun-1991,0,5.244,14.2833,-0.2056,0.8303
25-Jun-1991,0.08,5.258,14.5278,-0.7556,0.7604
26-Jun-1991,0.19,5.271,14.8944,-0.6722,0.7309
27-Jun-1991,3.31,5.283,10.1444,2.8111,0.7443
28-Jun-1991,5.18,5.295,9.6222,2.6056,0.7524
29-Jun-1991,1.28,5.306,13.6556,1.8444,0.8195
30-Jun-1991,0.94,5.316,19.2222,1.9222,0.7255
01-Jul-1991,0,5.325,23.0722,5.4222,0.7148
02-Jul-1991,0,5.334,26.2278,8.0167,0.6906
03-Jul-1991,0.07,5.342,27.8111,9.4722,0.6771
04-Jul-1991,0,5.35,28.6722,10.5111,0.6341
05-Jul-1991,0.01,5.356,27.3778,10.6278,0.5777
06-Jul-1991,0,5.362,25.8833,9.7667,0.5213
07-Jul-1991,0,5.367,25.8278,9.1444,0.4702
08-Jul-1991,0.41,5.372,24.1556,8.6889,0.446
09-Jul-1991,0,5.376,22.1611,6.4944,0.4299
10-Jul-1991,0,5.379,23.0944,4.9389,0.4246
11-Jul-1991,0,5.381,24.6111,7.5444,0.395
12-Jul-1991,0,5.382,25.5778,9.0444,0.3574
13-Jul-1991,0,5.383,24.3,9.3333,0.3359
14-Jul-1991,0.03,5.383,22.1944,7.4222,0.3171
15-Jul-1991,0.2,5.383,21.7778,7.15,0.3063
16-Jul-1991,0,5.381,20.6167,6.6889,0.3251
17-Jul-1991,0.26,5.379,21.4278,6.2,0.3198
18-Jul-1991,4.61,5.376,22.5,5.45,0.3117
19-Jul-1991,7.12,5.373,20.3778,5.5333,0.3547
20-Jul-1991,3.31,5.368,18.4722,3.8889,0.4353
21-Jul-1991,0.49,5.363,21.6333,4.3,0.3574
22-Jul-1991,1.58,5.358,23.0778,6.3333,0.2983
23-Jul-1991,0,5.351,23.1389,6.25,0.2795
24-Jul-1991,0.61,5.344,24.1444,7.1389,0.2687
25-Jul-1991,0.03,5.336,24.4444,5.8778,0.2553
26-Jul-1991,0.08,5.327,26,8.2167,0.2418
27-Jul-1991,1.54,5.318,26.8278,9.7389,0.2391
28-Jul-1991,0.98,5.308,27.3,9.3944,0.2821
29-Jul-1991,0,5.297,27.9667,9.6222,0.3009
30-Jul-1991,0.28,5.286,27.6,9.5444,0.2311
31-Jul-1991,0.47,5.273,25.5333,10.1056,0.2284
01-Aug-1991,0.42,5.26,24.0889,8.05,0.2311
02-Aug-1991,0.09,5.247,24.1833,8.0389,0.215
03-Aug-1991,0.06,5.232,23.75,7.4944,0.2069
04-Aug-1991,0.56,5.217,21.9833,7.1,0.2418
05-Aug-1991,0.44,5.202,22.1611,6.0944,0.2553
06-Aug-1991,0.04,5.185,21.5944,5.3167,0.2499
07-Aug-1991,0,5.168,21.6333,6.6556,0.2257
08-Aug-1991,0.05,5.151,24.4333,5.85,0.2069
09-Aug-1991,0.39,5.132,24.95,7.7167,0.1935
10-Aug-1991,0,5.113,24.3556,8.05,0.1747
11-Aug-1991,0.15,5.094,24.8611,6.5833,0.1935
12-Aug-1991,2.83,5.073,23.9389,9.1611,0.1935
13-Aug-1991,0.56,5.052,22.2444,10.1111,0.2499
14-Aug-1991,6.65,5.031,21.45,9.9667,0.2284
15-Aug-1991,2.43,5.009,18.7444,8.7056,0.2606
16-Aug-1991,0.65,4.986,21.7111,6.5222,0.2096
17-Aug-1991,0.83,4.962,24.1889,8.4056,0.1666
18-Aug-1991,0.72,4.938,24.5722,8.1056,0.1962
19-Aug-1991,0.09,4.913,24.6556,7.8833,0.1397
20-Aug-1991,0.7,4.888,24.4611,7.6278,0.1639
21-Aug-1991,0,4.862,25.5278,7.7944,0.1773
22-Aug-1991,0,4.836,26.4111,8.4333,0.1854
23-Aug-1991,0,4.809,26.3778,7.8389,0.1747
24-Aug-1991,0.09,4.781,25.2889,10.9,0.1666
25-Aug-1991,0.41,4.753,23.6778,9.8111,0.1935
26-Aug-1991,0.47,4.724,21.3222,7.1278,0.2177
27-Aug-1991,0.01,4.695,15.7222,3.7722,0.2203
28-Aug-1991,0.64,4.665,19.4056,0.9167,0.2177
29-Aug-1991,0.02,4.635,22.9444,4.1722,0.2123
30-Aug-1991,0,4.604,24.1556,6.25,0.2069
31-Aug-1991,0,4.573,23.9722,6.3389,0.2096
01-Sep-1991,0.4,4.541,24.9167,6.5611,0.1988
02-Sep-1991,0.87,4.509,25.2333,8.2889,0.1935
03-Sep-1991,0.7,4.476,24.7,8.3889,0.1988
04-Sep-1991,1.13,4.443,24.15,7.2167,0.2096
05-Sep-1991,1.44,4.409,24.1778,6.2278,0.2042
06-Sep-1991,10.27,4.375,20.7167,7.6333,0.1988
07-Sep-1991,1.02,4.341,19.3667,7.0889,0.2848
08-Sep-1991,0.38,4.306,18.3278,6.6389,0.2042
09-Sep-1991,1.89,4.27,14.4889,3.1944,0.1908
10-Sep-1991,0.67,4.235,13.6278,1.7389,0.1935
11-Sep-1991,0.23,4.198,16.4056,1.6333,0.1881
12-Sep-1991,0.39,4.162,18.5167,1.6333,0.18
13-Sep-1991,0.01,4.125,20.7333,3.3556,0.1505
14-Sep-1991,0.09,4.088,21.5278,4.5778,0.129
15-Sep-1991,0.12,4.05,21.9333,3.5667,0.1021
16-Sep-1991,0.38,4.012,23.7833,3.8444,0.0914
17-Sep-1991,0.23,3.974,24.6722,5.0667,0.086
18-Sep-1991,0.6,3.935,25.4111,6.4333,0.0833
19-Sep-1991,0,3.896,25.7333,7.1667,0.1048
20-Sep-1991,0.01,3.857,25.25,7.6833,0.1129
21-Sep-1991,0.7,3.817,23.0333,5.1333,0.1048
22-Sep-1991,0.02,3.777,23.1333,3.3944,0.0994
23-Sep-1991,0.05,3.737,22.7944,4.4611,0.1236
24-Sep-1991,0,3.697,24.2944,4.3111,0.1424
25-Sep-1991,0.02,3.656,23.7778,5.6667,0.1424
26-Sep-1991,0.38,3.616,21.25,6.2056,0.1317
27-Sep-1991,0.08,3.575,19.6889,4.0278,0.129
28-Sep-1991,0,3.534,20.2333,3.9889,0.137
29-Sep-1991,0.03,3.492,19.5056,4.2333,0.1397
30-Sep-1991,0,3.451,21.1556,4.5833,0.1505
01-Oct-1991,0.25,3.409,22.0278,5.0056,0.1585
02-Oct-1991,0.01,3.367,23.3111,5.0056,0.1532
03-Oct-1991,0.05,3.325,22.8611,4.4944,0.1317
04-Oct-1991,0.06,3.283,23.1833,3.9278,0.1182
05-Oct-1991,0,3.241,23.25,4.6222,0.1182
06-Oct-1991,0,3.198,22.3778,5.3944,0.1155
07-Oct-1991,0.33,3.156,20.3667,5.3667,0.1129
08-Oct-1991,0,3.113,19.9111,2.4333,0.1236
09-Oct-1991,0,3.071,18.8556,3.35,0.137
10-Oct-1991,0,3.028,20.0889,4.3444,0.137
11-Oct-1991,0,2.986,20.6778,4.9778,0.1451
12-Oct-1991,0,2.943,19.9333,5.5889,0.1478
13-Oct-1991,0,2.9,20.7667,3.6722,0.1451
14-Oct-1991,0,2.857,21.9056,3.6778,0.1424
15-Oct-1991,0,2.815,22.9889,3.7056,0.1317
16-Oct-1991,0.38,2.772,19.9333,4.3778,0.1021
17-Oct-1991,0.04,2.729,20.1889,3.15,0.0887
18-Oct-1991,0,2.687,20.6167,3.0667,0.0887
19-Oct-1991,0.39,2.644,17.9833,2.3667,0.0887
20-Oct-1991,0.31,2.602,14.5,0.1333,0.0887
21-Oct-1991,0.09,2.56,16.5833,-0.2722,0.0914
22-Oct-1991,1.32,2.517,12.4389,1.7444,0.0887
23-Oct-1991,0.83,2.475,7.1944,-2.1611,0.094
24-Oct-1991,0.12,2.433,5.6556,-4.5667,0.1048
25-Oct-1991,21.21,2.391,4.5778,-1.1,0.0994
26-Oct-1991,68.57,2.349,2.2722,-2.7056,0.8195
27-Oct-1991,13.51,2.308,-0.2389,-8.2444,0.446
28-Oct-1991,1.23,2.266,2.3944,-10.4722,0.2418
29-Oct-1991,0.93,2.225,3.2111,-6.9722,0.223
30-Oct-1991,0.32,2.184,2.1944,-9.45,0.2015
31-Oct-1991,0.23,2.143,7.8222,-7.8444,0.172
01-Nov-1991,0.49,2.103,10.8333,-4.2667,0.1747
02-Nov-1991,0.21,2.062,12.0778,-2.6667,0.1881
03-Nov-1991,0.02,2.022,13.6222,-1.4556,0.1962
04-Nov-1991,0.04,1.982,15.0556,-1.0722,0.2015
05-Nov-1991,0.25,1.943,15.9167,0.4611,0.215
06-Nov-1991,0.38,1.904,16.3889,0.8167,0.2445
07-Nov-1991,0.1,1.865,17.4222,0.85,0.2526
08-Nov-1991,0.49,1.826,13.1667,2.6833,0.2526
09-Nov-1991,1.44,1.787,9.8389,2.0889,0.3224
10-Nov-1991,1.28,1.749,9.9389,-0.3333,0.3681
11-Nov-1991,0.14,1.712,12.6833,-2.45,0.3198
12-Nov-1991,0.02,1.674,14.9889,-0.7,0.2633
13-Nov-1991,1.99,1.637,10.6222,-2.9944,0.2391
14-Nov-1991,8.27,1.601,1.0278,-6.1167,0.2391
15-Nov-1991,1.12,1.564,-0.25,-8.7111,0.2042
16-Nov-1991,0.99,1.528,6.8389,-9.6722,0.172
17-Nov-1991,31.02,1.493,3.45,-4.5278,0.2768
18-Nov-1991,6.59,1.458,1.4444,-8.0167,0.2902
19-Nov-1991,0.8,1.423,6.95,-8.9444,0.2123
20-Nov-1991,1.9,1.389,6.2778,-2.5667,0.2768
21-Nov-1991,0.91,1.355,6.9389,-3.7944,0.3842
22-Nov-1991,0.06,1.322,6.5333,-8.0944,0.352
23-Nov-1991,0.03,1.289,9.6889,-5.4333,0.2902
24-Nov-1991,0.32,1.257,11,-3.0111,0.2983
25-Nov-1991,0.09,1.225,12.0889,-2.25,0.2848
26-Nov-1991,0.15,1.193,11.3667,-2.55,0.2741
27-Nov-1991,7.87,1.163,5.9333,-6.5111,0.2741
28-Nov-1991,0.56,1.132,0.3,-9.6556,0.2499
29-Nov-1991,2.17,1.102,-1.8333,-10.25,0.2123
30-Nov-1991,0.44,1.073,-4.0778,-14.0278,0.2257
01-Dec-1991,1.04,1.044,0.3333,-13.1056,0.3466
02-Dec-1991,0.73,1.016,6.0722,-7.2722,0.3359
03-Dec-1991,0.01,0.988,9.9222,-6.3056,0.3171
04-Dec-1991,0.01,0.961,10.55,-5.7,0.2445
05-Dec-1991,0.47,0.935,11.3667,-5.6278,0.215
06-Dec-1991,0.15,0.909,9.9389,-3.4278,0.2284
07-Dec-1991,13.18,0.883,4,-4.8889,0.2418
08-Dec-1991,3.2,0.858,-1.1556,-8.3833,0.2284
09-Dec-1991,0.53,0.834,4.1611,-10.4,0.2203
10-Dec-1991,0.4,0.811,2.8722,-8.6222,0.223
11-Dec-1991,0.01,0.788,3.6556,-9.5722,0.2257
12-Dec-1991,0.15,0.765,6.9111,-8.8278,0.2257
13-Dec-1991,0.02,0.743,7.7556,-7.7389,0.223
14-Dec-1991,0.64,0.722,7.9722,-5.1278,0.2203
15-Dec-1991,0,0.702,8.2056,-4.8389,0.2177
16-Dec-1991,0.02,0.682,7.8444,-4.6889,0.2096
17-Dec-1991,0.66,0.663,4.6333,-4.5389,0.223
18-Dec-1991,11.12,0.644,2.4611,-7.0667,0.2203
19-Dec-1991,0.94,0.627,-3.8556,-12.4722,0.2015
20-Dec-1991,1.12,0.609,1.4167,-13.2778,0.2096
21-Dec-1991,0.12,0.593,5.1833,-8.95,0.2096
22-Dec-1991,0.81,0.577,5.0889,-7.9944,0.2096
23-Dec-1991,0,0.562,5.0944,-7.4556,0.2096
24-Dec-1991,0.21,0.547,4.5722,-8.7222,0.2123
25-Dec-1991,0.46,0.534,6.0722,-7.0778,0.215
26-Dec-1991,0.04,0.521,6.0667,-5.5167,0.215
27-Dec-1991,0.8,0.508,5.3611,-5.4889,0.215
28-Dec-1991,9.32,0.497,0.3667,-6.25,0.2096
29-Dec-1991,9.07,0.486,-0.9889,-6.5,0.1962
30-Dec-1991,0.79,0.475,1.15,-10.7389,0.2042
31-Dec-1991,0.21,0.466,4.7389,-9.9944,0.1773
01-Jan-1992,0,0.44,5.4278,-8.6944,0.172
02-Jan-1992,0.5,0.442,5.3278,-7.8667,0.1666
03-Jan-1992,0.66,0.435,1.7611,-7.0056,0.1773
04-Jan-1992,0.56,0.429,3.0389,-4.4556,0.1881
05-Jan-1992,15.43,0.424,0.7,-7.5056,0.2123
06-Jan-1992,1.99,0.419,-1.25,-8.6278,0.1935
07-Jan-1992,1.42,0.416,-2.0722,-8.9722,0.1881
08-Jan-1992,0.41,0.413,1.1611,-12.8444,0.1827
09-Jan-1992,0.05,0.41,5.6056,-9.9167,0.1827
10-Jan-1992,0.68,0.409,6.2333,-6.3389,0.18
11-Jan-1992,0.56,0.408,1.8778,-10.6667,0.1827
12-Jan-1992,0.03,0.408,0.8833,-13.2,0.1881
13-Jan-1992,0.49,0.409,4.6389,-10.1278,0.1854
14-Jan-1992,0.01,0.41,4.7722,-8.4833,0.1773
15-Jan-1992,0,0.412,7.8,-7.4611,0.18
16-Jan-1992,0.39,0.415,7.9056,-5.5389,0.1908
17-Jan-1992,0.13,0.419,2.4722,-5.6167,0.2042
18-Jan-1992,0.39,0.423,1.5389,-8.25,0.1773
19-Jan-1992,0.2,0.428,4.7611,-10.8389,0.1666
20-Jan-1992,0.01,0.434,6.2444,-10.0111,0.1747
21-Jan-1992,0.02,0.44,7.0944,-8.05,0.1747
22-Jan-1992,0.21,0.447,8.4278,-8.9333,0.1747
23-Jan-1992,0.11,0.455,10.4444,-6.9444,0.1773
24-Jan-1992,0,0.464,11.1778,-3.9556,0.1935
25-Jan-1992,0.28,0.473,9.5556,-3.1944,0.1881
26-Jan-1992,0.41,0.483,7.5444,-5.0167,0.1827
27-Jan-1992,0.16,0.494,9.45,-5.9167,0.1773
28-Jan-1992,2.57,0.506,5.8333,-6.3833,0.1962
29-Jan-1992,0.48,0.518,8.7611,-7.9944,0.1747
30-Jan-1992,0.23,0.531,11.0556,-4.75,0.1693
31-Jan-1992,0.6,0.545,8.9722,-1.7333,0.1988
01-Feb-1992,1.03,0.559,3.6111,-6.1667,0.1935
02-Feb-1992,0.48,0.574,3.6889,-9.3167,0.18
03-Feb-1992,0.01,0.589,3.3611,-9.6778,0.1639
04-Feb-1992,0.29,0.606,2.55,-8.2389,0.1666
05-Feb-1992,0.42,0.623,4.2611,-6.8333,0.18
06-Feb-1992,1.58,0.641,3.4889,-4.1333,0.1935
07-Feb-1992,3.12,0.659,3.7722,-2,0.1935
08-Feb-1992,1.51,0.678,5,-3.75,0.1988
09-Feb-1992,0.83,0.698,4.65,-6.5222,0.1988
10-Feb-1992,9.41,0.718,1.6778,-4.05,0.1935
11-Feb-1992,18.82,0.739,2.8889,-3.9944,0.2069
12-Feb-1992,13.36,0.761,1.9944,-3.9556,0.1988
13-Feb-1992,5,0.783,2.3889,-4.8611,0.215
14-Feb-1992,9.48,0.806,2.9278,-5.8944,0.2015
15-Feb-1992,20.24,0.829,-0.3667,-6.7833,0.2177
16-Feb-1992,7.32,0.853,-0.8111,-6.8444,0.1854
17-Feb-1992,1.08,0.878,1.3333,-6.6833,0.1854
18-Feb-1992,3.01,0.903,3.5389,-6.7444,0.2042
19-Feb-1992,4.68,0.929,5.0444,-0.8778,0.223
20-Feb-1992,5.89,0.955,6.7,-0.1,0.3601
21-Feb-1992,6.26,0.982,6.9833,-0.3667,0.4434
22-Feb-1992,3.51,1.01,7.7667,-3.3222,0.5858
23-Feb-1992,0.37,1.038,8.1778,-6.5611,0.4864
24-Feb-1992,0.05,1.067,11.6389,-5.5167,0.3977
25-Feb-1992,2.01,1.096,11.4667,-3.65,0.3735
26-Feb-1992,0.61,1.126,13.4389,-4.3167,0.3896
27-Feb-1992,0.05,1.156,14.5111,-3.4833,0.4057
28-Feb-1992,0.01,1.187,12.6,-2.4444,0.4434
29-Feb-1992,0.01,1.218,10.1889,-2.3278,0.4487
01-Mar-1992,0.32,1.25,7.7056,-2.2556,0.4246
02-Mar-1992,0.16,1.282,6.5778,-1.9222,0.4004
03-Mar-1992,0.23,1.315,6.9833,-3.4278,0.3842
04-Mar-1992,0.31,1.348,8.3056,-6.5556,0.3735
05-Mar-1992,11.37,1.382,5.9944,-3.0778,0.3708
06-Mar-1992,3.96,1.416,3.8333,-5.5722,0.3842
07-Mar-1992,1.24,1.451,4.0556,-5.7667,0.3762
08-Mar-1992,0.84,1.486,4.5556,-4.9167,0.352
09-Mar-1992,0,1.521,7.05,-5.9778,0.3332
10-Mar-1992,0.52,1.557,10.5167,-7.2556,0.3224
11-Mar-1992,0.69,1.593,12.2611,-5.8056,0.3305
12-Mar-1992,0.22,1.629,13.0833,-5.0444,0.3439
13-Mar-1992,0.05,1.666,12.2444,-2.4889,0.3735
14-Mar-1992,2.76,1.704,10.1278,-3.5222,0.3977
15-Mar-1992,1.32,1.741,5.1167,-2.9556,0.4031
16-Mar-1992,2.7,1.779,3.6,-3.9222,0.3869
17-Mar-1992,1.36,1.818,5.6278,-5.9611,0.3654
18-Mar-1992,0.15,1.856,7.7222,-8.7667,0.3493
19-Mar-1992,0.22,1.895,8.1056,-6.4167,0.3493
20-Mar-1992,0.08,1.935,6.6556,-4.0056,0.3493
21-Mar-1992,2.06,1.974,7.5444,-4.6056,0.3439
22-Mar-1992,2.67,2.014,5.3944,-3.3722,0.3601
23-Mar-1992,0.53,2.054,7.1111,-4.8889,0.352
24-Mar-1992,1.03,2.094,9.3056,-4.7889,0.3466
25-Mar-1992,4.01,2.135,9.7889,-2.3833,0.3547
26-Mar-1992,1.37,2.176,9.8,-2.2944,0.4057
27-Mar-1992,1.89,2.217,11.7611,-3.3611,0.4219
28-Mar-1992,0.37,2.258,12,-2.4611,0.4756
29-Mar-1992,2.8,2.299,11.0444,-2.1778,0.5401
30-Mar-1992,7.4,2.341,7.5889,-0.6056,0.6126
31-Mar-1992,1.46,2.382,8.8167,-0.3167,0.5804
01-Apr-1992,0.21,2.424,12.3222,0.4833,0.5965
02-Apr-1992,1.07,2.466,16.2667,-1.1167,0.7336
03-Apr-1992,0,2.508,16.4556,-0.65,0.8867
04-Apr-1992,0.04,2.551,12.6167,-0.2222,1.1071
05-Apr-1992,0.02,2.593,10.6611,-3.0833,0.9969
06-Apr-1992,0,2.635,11.8,-2.9111,0.8679
07-Apr-1992,0.16,2.678,13.8833,-3.2056,0.8625
08-Apr-1992,0,2.72,13.8833,-0.8111,0.9405
09-Apr-1992,0.26,2.763,13.7111,0.5056,0.9727
10-Apr-1992,0.01,2.806,14.1667,1.7667,0.927
11-Apr-1992,0.49,2.848,13.7722,0.1278,1.0399
12-Apr-1992,6.64,2.891,11.6611,1.4556,0.9378
13-Apr-1992,2.23,2.934,11.0167,0.6,1.1984
14-Apr-1992,0.5,2.977,11.9944,-1.55,1.236
15-Apr-1992,0.02,3.019,10.4167,-1.1167,1.1662
16-Apr-1992,1.18,3.062,12.0778,-1.5278,0.9808
17-Apr-1992,1.62,3.104,11.4611,0.7111,1.5719
18-Apr-1992,0.08,3.147,11.0556,-2.8611,1.9481
19-Apr-1992,0.57,3.189,14.5278,-3.7444,1.3086
20-Apr-1992,0,3.232,16.8056,-0.4611,1.2253
21-Apr-1992,0.02,3.274,12.8722,1.2167,1.3731
22-Apr-1992,0.35,3.316,9.8444,-1.2833,1.2226
23-Apr-1992,0.48,3.358,13.3667,-4.1167,1.0453
24-Apr-1992,0.18,3.4,17.2167,-0.9611,1.0533
25-Apr-1992,0.02,3.442,19.0611,1.6944,1.1957
26-Apr-1992,0.01,3.483,18.7278,3.6944,1.4188
27-Apr-1992,0.1,3.525,19.0444,2.2667,1.5101
28-Apr-1992,0,3.566,20.8667,2.5167,1.6042
29-Apr-1992,0,3.607,17.2722,5.2889,1.8729
30-Apr-1992,0.79,3.648,13.6556,1.5222,1.9562
01-May-1992,0.23,3.689,12.1333,-3.5889,1.5262
02-May-1992,0,3.729,15.25,-0.8944,1.2737
03-May-1992,0.04,3.769,19.65,1.45,1.2226
04-May-1992,0.1,3.809,20.3944,2.8444,1.1823
05-May-1992,0.3,3.848,20.3611,3.6389,1.185
06-May-1992,1.31,3.888,19.9722,5.0944,1.2548
07-May-1992,1.02,3.927,20.1333,4.55,1.5477
08-May-1992,0.04,3.965,20.2778,4.7389,1.5961
09-May-1992,0.28,4.004,16.25,2.4944,1.5236
10-May-1992,0.02,4.042,18.0111,-0.2944,1.2307
11-May-1992,0.48,4.08,19.2333,3.3778,1.1957
12-May-1992,0.11,4.117,19.3167,1.6889,1.185
13-May-1992,0.14,4.154,18.95,4.6389,1.1178
14-May-1992,0.04,4.191,18.4167,2.7889,1.1393
15-May-1992,0.15,4.227,18.6667,0.5389,1.0829
16-May-1992,4.29,4.263,18.9556,3.2667,1.0318
17-May-1992,0.97,4.298,18.5667,2.9222,1.1286
18-May-1992,0.02,4.333,17.9444,3.3444,1.0076
19-May-1992,0.33,4.368,14.1278,2.2,0.9297
20-May-1992,0.28,4.402,12.9556,-1.4944,0.8303
21-May-1992,0.01,4.436,15.8667,-1.05,0.7416
22-May-1992,0.02,4.469,18.5722,0.5667,0.6933
23-May-1992,0.01,4.502,21.1056,1.8167,0.6583
24-May-1992,0.48,4.535,22.7,4.5778,0.6476
25-May-1992,0.63,4.566,22.6056,5.5889,0.6503
26-May-1992,0,4.598,21.0111,5.9667,0.6691
27-May-1992,0.87,4.629,20.6778,4.8278,0.653
28-May-1992,1.22,4.659,20.1111,4.6611,0.704
29-May-1992,1.31,4.689,20.6111,4.4444,0.6852
30-May-1992,0.35,4.718,22.0556,6.6444,0.6261
31-May-1992,0.26,4.747,23.4444,6.45,0.6771
01-Jun-1992,0.43,4.775,24.3167,7.5889,0.6207
02-Jun-1992,0,4.803,24.1333,7.3056,0.5992
03-Jun-1992,0,4.83,25.1722,7.3056,0.532
04-Jun-1992,0.44,4.857,24.4611,7.0722,0.4971
05-Jun-1992,0.12,4.883,22.4833,6.3167,0.4702
06-Jun-1992,0.88,4.908,20.5722,6.1278,0.4514
07-Jun-1992,0.1,4.933,20.9389,4.5556,0.446
08-Jun-1992,0.32,4.957,21.1944,4.6667,0.4353
09-Jun-1992,0.78,4.981,20.8611,6.5278,0.4084
10-Jun-1992,0.04,5.004,20.1778,6.2222,0.3762
11-Jun-1992,0.21,5.026,18.7389,4.8333,0.3574
12-Jun-1992,0.57,5.048,10.2944,-0.3778,0.3413
13-Jun-1992,0.47,5.069,10.0222,-4.0056,0.3466
14-Jun-1992,3.97,5.089,8.6944,-2.1389,0.3493
15-Jun-1992,9.83,5.109,6.2889,-0.8778,0.3842
16-Jun-1992,2.52,5.128,13.4167,-2.2278,0.4004
17-Jun-1992,1.76,5.147,17.1111,1.4111,0.3654
18-Jun-1992,2.46,5.165,16.6556,2.0222,0.3789
19-Jun-1992,0.15,5.182,18.3778,2.4778,0.352
20-Jun-1992,0.16,5.198,20.7389,4.4722,0.3198
21-Jun-1992,0.07,5.214,24.2167,6.2944,0.2956
22-Jun-1992,0.63,5.229,25.7,6.2222,0.2741
23-Jun-1992,0.83,5.244,23.6333,9.2333,0.2553
24-Jun-1992,2.05,5.258,19.9556,5.9167,0.2848
25-Jun-1992,0.06,5.271,17.7556,5.6278,0.2795
26-Jun-1992,0.01,5.283,21.4833,4.1444,0.2687
27-Jun-1992,0.03,5.295,22.8222,6.4278,0.2472
28-Jun-1992,0.62,5.306,18.2944,7.4833,0.2257
29-Jun-1992,8.62,5.316,12.35,4.0778,0.2338
30-Jun-1992,2.24,5.325,12.3778,1.85,0.3144
01-Jul-1992,0.73,5.334,15.3389,-0.3889,0.3198
02-Jul-1992,1.26,5.342,19.0944,2.4667,0.2768
03-Jul-1992,0.01,5.35,21.1833,5.2278,0.2499
04-Jul-1992,0,5.356,19.1056,7.5333,0.2445
05-Jul-1992,0.01,5.362,19.1944,5.4167,0.2338
06-Jul-1992,0.02,5.367,19.2278,6.25,0.2177
07-Jul-1992,0,5.372,21.1,4.5333,0.2096
08-Jul-1992,0,5.376,22.1444,6.25,0.2042
09-Jul-1992,0.01,5.379,23.2667,5.1278,0.1773
10-Jul-1992,0.14,5.381,22.55,7.3667,0.1639
11-Jul-1992,5.23,5.382,17.4944,9.2667,0.18
12-Jul-1992,5.78,5.383,16.65,8.0278,0.2472
13-Jul-1992,2.95,5.383,20.8167,7.1111,0.2956
14-Jul-1992,2.19,5.383,22.6333,8.0111,0.2902
15-Jul-1992,0.77,5.381,23.6778,8.0944,0.2848
16-Jul-1992,2.41,5.379,24.6889,8.6167,0.2365
17-Jul-1992,0.76,5.376,24.9,8.6278,0.2391
18-Jul-1992,0.33,5.373,23.6389,7.9056,0.2096
19-Jul-1992,0.77,5.368,23.0556,6.5,0.1881
20-Jul-1992,0.14,5.363,21.6889,6.1778,0.1773
21-Jul-1992,0,5.358,22.4667,4.0167,0.1747
22-Jul-1992,0.02,5.351,19.8333,5.1889,0.1693
23-Jul-1992,0.32,5.344,20.6278,1.5611,0.1693
24-Jul-1992,0.02,5.336,22.0389,4.9611,0.1693
25-Jul-1992,0.31,5.327,24.7556,6.4444,0.1639
26-Jul-1992,0.34,5.318,26.1389,7.8111,0.1639
27-Jul-1992,0.08,5.308,26.9111,8.6556,0.1585
28-Jul-1992,0.01,5.297,27.6111,9.2111,0.1532
29-Jul-1992,0.41,5.286,27.6667,9.6,0.172
30-Jul-1992,0.01,5.273,27.45,10.1722,0.18
31-Jul-1992,0.03,5.26,27.15,9.7167,0.18
01-Aug-1992,0,5.247,27.6389,9.5778,0.172
02-Aug-1992,0.04,5.232,26.8667,9.2556,0.1747
03-Aug-1992,0.2,5.217,25.6278,9.8389,0.172
04-Aug-1992,0,5.202,25.3389,8.9444,0.1666
05-Aug-1992,0.09,5.185,25.1222,7.65,0.1639
06-Aug-1992,0,5.168,24.2778,6.5167,0.1344
07-Aug-1992,0.02,5.151,24.4722,6.3278,0.129
08-Aug-1992,0.7,5.132,24.5278,7.9,0.1236
09-Aug-1992,0.19,5.113,26.8556,8.0222,0.129
10-Aug-1992,0.02,5.094,28.3889,8.65,0.1451
11-Aug-1992,0.91,5.073,28.7,11.5167,0.1532
12-Aug-1992,4.99,5.052,28.1111,12.9944,0.1666
13-Aug-1992,1.8,5.031,26.2278,11.6278,0.1988
14-Aug-1992,4.22,5.009,25.6611,9.3167,0.1908
15-Aug-1992,2.75,4.986,25.3611,9.0222,0.172
16-Aug-1992,0.37,4.962,25.8278,8.7444,0.1424
17-Aug-1992,0.39,4.938,26.8722,10.3944,0.1263
18-Aug-1992,0.01,4.913,28.0056,9.3778,0.1263
19-Aug-1992,0.06,4.888,27.1,8.4167,0.1236
20-Aug-1992,0.79,4.862,25.2444,6.9556,0.1102
21-Aug-1992,0.4,4.836,20.6167,8.45,0.0994
22-Aug-1992,0.42,4.809,17.7,2.8889,0.0994
23-Aug-1992,0.07,4.781,19.2389,0.4722,0.1021
24-Aug-1992,0.25,4.753,20.2556,2.7056,0.1021
25-Aug-1992,0.15,4.724,21.6,1.9778,0.094
26-Aug-1992,0.02,4.695,23.4722,2.6444,0.0914
27-Aug-1992,0.02,4.665,24.8167,6.5611,0.1048
28-Aug-1992,0.44,4.635,23.1167,7.1611,0.1102
29-Aug-1992,3.81,4.604,20.1278,7.0278,0.1129
30-Aug-1992,3.68,4.573,17.1889,5.8167,0.1558
31-Aug-1992,0.44,4.541,18.8,2.6,0.1639
01-Sep-1992,0.07,4.509,20.3667,1.5833,0.1505
02-Sep-1992,0,4.476,19.8778,5.7833,0.137
03-Sep-1992,0.06,4.443,16.6222,4.3833,0.1182
04-Sep-1992,0.42,4.409,18.1389,1.5667,0.1102
05-Sep-1992,0.05,4.375,19.0278,1.3889,0.1021
06-Sep-1992,0.58,4.341,20.0278,4.1111,0.0887
07-Sep-1992,0,4.306,21.5778,1.9944,0.0833
08-Sep-1992,0.21,4.27,23.2111,2.6,0.0806
09-Sep-1992,0,4.235,24.3944,4.3167,0.0806
10-Sep-1992,0,4.198,23.8944,5.4667,0.1182
11-Sep-1992,0.36,4.162,21.6111,5.75,0.129
12-Sep-1992,0,4.125,21.2889,1.8889,0.1155
13-Sep-1992,0.41,4.088,20.85,2.6389,0.086
14-Sep-1992,0.72,4.05,19.2889,3.1889,0.0806
15-Sep-1992,0,4.012,20.2778,1.9889,0.0806
16-Sep-1992,0.59,3.974,21.1667,4,0.0833
17-Sep-1992,4.42,3.935,19.6,3.2611,0.1048
18-Sep-1992,0.16,3.896,18.75,3.2556,0.1209
19-Sep-1992,0.02,3.857,21.2833,4.4167,0.1048
20-Sep-1992,0.14,3.817,23.1722,2.5667,0.094
21-Sep-1992,0,3.777,24.9,5.1222,0.0914
22-Sep-1992,0.04,3.737,24,6.4944,0.086
23-Sep-1992,0,3.697,21.0167,9.0389,0.0806
24-Sep-1992,0.14,3.656,18.45,4.3556,0.0779
25-Sep-1992,0,3.616,18.25,0.1167,0.0779
26-Sep-1992,0.3,3.575,21.1167,0.1889,0.086
27-Sep-1992,0,3.534,23.8389,2.7611,0.0887
28-Sep-1992,0.22,3.492,25.0389,3.9667,0.0833
29-Sep-1992,0.3,3.451,24.5833,6.1889,0.0833
30-Sep-1992,0,3.409,22.2556,7.65,0.0806
01-Oct-1992,0.17,3.367,19.4389,6.1389,0.0779
02-Oct-1992,4.95,3.325,11.6611,1.7722,0.0806
03-Oct-1992,0.12,3.283,12.8778,-1.9833,0.094
04-Oct-1992,0.02,3.241,14.0278,-0.5667,0.0994
05-Oct-1992,0.05,3.198,16.8389,0.2556,0.0967
06-Oct-1992,0.31,3.156,15.2667,0.6333,0.1075
07-Oct-1992,0,3.113,18.6778,-0.3,0.1182
08-Oct-1992,0,3.071,19.2944,3.0333,0.1209
09-Oct-1992,0,3.028,19.0667,2.0889,0.1102
10-Oct-1992,0,2.986,19.7944,1.8556,0.094
11-Oct-1992,0,2.943,20.9833,3.0889,0.0914
12-Oct-1992,0,2.9,22.4167,4.0611,0.0887
13-Oct-1992,0,2.857,20.7167,3.9556,0.0887
14-Oct-1992,0.32,2.815,17.7278,2.2,0.086
15-Oct-1992,0.01,2.772,17.0889,-0.15,0.0887
16-Oct-1992,0,2.729,16.8167,1.7167,0.0887
17-Oct-1992,0,2.687,16.8389,0.7,0.0887
18-Oct-1992,0.36,2.644,15.6722,2.2167,0.0887
19-Oct-1992,0.01,2.602,17.5389,0.4333,0.0914
20-Oct-1992,0,2.56,16.9278,1.1167,0.0887
21-Oct-1992,7.36,2.517,11.2611,0.5,0.0994
22-Oct-1992,0.45,2.475,12.3944,-1.95,0.1236
23-Oct-1992,0.35,2.433,15.5944,-0.2944,0.1102
24-Oct-1992,0.62,2.391,13.5056,0.7111,0.1021
25-Oct-1992,0.15,2.349,14.0611,0.6889,0.1021
26-Oct-1992,0.69,2.308,14.8778,2.0167,0.1048
27-Oct-1992,2.06,2.266,13.4,1.5611,0.1021
28-Oct-1992,4.59,2.225,9.0222,1.2278,0.1236
29-Oct-1992,23.14,2.184,4.2722,1.1389,0.1478
30-Oct-1992,15.27,2.143,2.8167,-0.1667,0.2177
31-Oct-1992,2.31,2.103,4.7056,-1.7444,0.18
01-Nov-1992,0.9,2.062,10.5944,0.7722,0.1612
02-Nov-1992,0.41,2.022,11.8667,0.0611,0.1881
03-Nov-1992,0.49,1.982,7.3722,-3.7444,0.1908
04-Nov-1992,0.15,1.943,10.9056,-3.5944,0.1747
05-Nov-1992,0.06,1.904,11.1667,-1.3611,0.1612
06-Nov-1992,0,1.865,14.7056,-1.8111,0.1585
07-Nov-1992,0.17,1.826,13.6778,-1.8167,0.1558
08-Nov-1992,0.43,1.787,9.0056,-5.6611,0.1532
09-Nov-1992,0.11,1.749,5.2611,-9.4778,0.1397
10-Nov-1992,0,1.712,3.0833,-11.1167,0.1102
11-Nov-1992,0,1.674,8.5333,-8.3778,0.0994
12-Nov-1992,0.01,1.637,10.8889,-4.8222,0.1129
13-Nov-1992,0,1.601,13.2389,-3.3333,0.1397
14-Nov-1992,0.05,1.564,13.9444,-2.3722,0.1317
15-Nov-1992,0.01,1.528,12.6944,-1.6111,0.1317
16-Nov-1992,0,1.493,10.5056,-1.7111,0.129
17-Nov-1992,0,1.458,8.4778,-3.2389,0.1263
18-Nov-1992,0.45,1.423,5.4722,-5.6278,0.1236
19-Nov-1992,0.83,1.389,2.85,-8.65,0.1182
20-Nov-1992,0.2,1.355,-0.2556,-10.3833,0.1021
21-Nov-1992,0.84,1.322,6.0111,-8.7833,0.0806
22-Nov-1992,1.15,1.289,4.8778,-8.2222,0.1451
23-Nov-1992,0.58,1.257,1.4556,-11.4389,0.129
24-Nov-1992,1.01,1.225,1.5944,-10.25,0.0994
25-Nov-1992,0.18,1.193,4.2333,-5.7667,0.1236
26-Nov-1992,0.01,1.163,8.3889,-5.4667,0.1209
27-Nov-1992,0.42,1.132,6.0222,-5.0611,0.129
28-Nov-1992,0.37,1.102,1.9111,-8.1944,0.1182
29-Nov-1992,0.01,1.073,2.1944,-10.55,0.0967
30-Nov-1992,0.38,1.044,7.3833,-9.8611,0.0887
01-Dec-1992,0,1.016,10.1333,-4.6278,0.094
02-Dec-1992,0.64,0.988,5.7167,-5.5778,0.1075
03-Dec-1992,0.07,0.961,1.3333,-7.0944,0.1021
04-Dec-1992,1.61,0.935,-0.9,-12.2611,0.094
05-Dec-1992,3.7,0.909,0.6333,-15.0278,0.1155
06-Dec-1992,29.67,0.883,0.6056,-8.8056,0.1505
07-Dec-1992,17.6,0.858,-0.7889,-8.9444,0.1505
08-Dec-1992,25.4,0.834,0.4111,-12.4278,0.1693
09-Dec-1992,37.09,0.811,2.6556,-2.1944,0.3789
10-Dec-1992,18.75,0.788,5.1111,-2.1389,0.3198
11-Dec-1992,13.71,0.765,0.1222,-7.9556,0.2418
12-Dec-1992,1.8,0.743,-3.6389,-12.6722,0.1666
13-Dec-1992,1.19,0.722,-2.6667,-11.9611,0.1182
14-Dec-1992,1.47,0.702,4.4056,-10.7556,0.1075
15-Dec-1992,0.96,0.682,0,-11.0222,0.1021
16-Dec-1992,2.16,0.663,2.3722,-12.4944,0.1102
17-Dec-1992,14.6,0.644,-2.2778,-13.0167,0.1209
18-Dec-1992,1.25,0.627,-5.8,-17.3167,0.0994
19-Dec-1992,2.52,0.609,-0.9611,-16.35,0.0833
20-Dec-1992,1,0.593,0.4833,-11.0833,0.086
21-Dec-1992,0.41,0.577,2.7722,-11.3778,0.0833
22-Dec-1992,0.04,0.562,3.8222,-12.1611,0.086
23-Dec-1992,0.04,0.547,3.7,-10.3222,0.0806
24-Dec-1992,0.14,0.534,5.8167,-10.3944,0.0752
25-Dec-1992,0.08,0.521,6.4,-11.8333,0.0726
26-Dec-1992,0.45,0.508,4.9389,-9.55,0.1075
27-Dec-1992,2.23,0.497,3.9611,-6.0611,0.1209
28-Dec-1992,31.05,0.486,0.0444,-4.6,0.129
29-Dec-1992,43.69,0.475,-3.5778,-7.6389,0.1209
30-Dec-1992,12.1,0.466,-4.4222,-11.3778,0.1155
31-Dec-1992,2.11,0.457,-0.4778,-9.6722,0.1209
01-Jan-1993,20.11,0.44,-1.1056,-9.6444,0.1263
02-Jan-1993,2.52,0.442,-5.2333,-17.7944,0.1102
03-Jan-1993,1.66,0.435,-1.9889,-17.9444,0.0994
04-Jan-1993,1.2,0.429,-1.3111,-11.1444,0.0967
05-Jan-1993,1.23,0.424,-0.0833,-9.9667,0.1209
06-Jan-1993,21.79,0.419,-0.0833,-8.3944,0.1048
07-Jan-1993,32.04,0.416,0.9722,-6.6389,0.0994
08-Jan-1993,4.75,0.413,-1.05,-7.1889,0.1102
09-Jan-1993,6.78,0.41,-3.4444,-8.7889,0.1263
10-Jan-1993,14.06,0.409,-3.5333,-11.7611,0.1075
11-Jan-1993,0.79,0.408,-4.8111,-16.2167,0.0967
12-Jan-1993,16.96,0.408,-1.8833,-13.9167,0.1075
13-Jan-1993,13.63,0.409,1.4556,-7.2,0.1129
14-Jan-1993,10.19,0.41,0.9667,-7.75,0.1209
15-Jan-1993,15.39,0.412,0.75,-10.6944,0.1129
16-Jan-1993,6.92,0.415,1.6222,-6.8056,0.1102
17-Jan-1993,13.3,0.419,-1.0111,-6.7833,0.1155
18-Jan-1993,1.96,0.423,0.25,-9.4222,0.1209
19-Jan-1993,1.97,0.428,1.3,-9.5778,0.1263
20-Jan-1993,33.21,0.434,2.5222,-2.5389,0.1344
21-Jan-1993,22.66,0.44,3.8167,-0.8611,1.0748
22-Jan-1993,2.43,0.447,2.3111,-8.55,2.2437
23-Jan-1993,1.01,0.455,4.2667,-12.55,0.6771
24-Jan-1993,0.52,0.464,5.1278,-8.9944,0.4837
25-Jan-1993,1.18,0.473,7.3167,-9.5056,0.4004
26-Jan-1993,0.42,0.483,7.3167,-8.4778,0.3654
27-Jan-1993,1.19,0.494,6.8944,-7.7444,0.3466
28-Jan-1993,0.3,0.506,6.7444,-8.15,0.3466
29-Jan-1993,0.82,0.518,0.9,-9.8944,0.3224
30-Jan-1993,1.64,0.531,-2.2056,-9.0611,0.309
31-Jan-1993,0.05,0.545,1.5889,-10.7722,0.2956
01-Feb-1993,0.38,0.559,4.5111,-11.3167,0.2714
02-Feb-1993,0.39,0.574,6.3167,-9.4333,0.2741
03-Feb-1993,1.65,0.589,5.5222,-5.3167,0.2714
04-Feb-1993,0.65,0.606,7.9722,-6.8722,0.266
05-Feb-1993,0.98,0.623,5.2722,-4.0833,0.2714
06-Feb-1993,0.47,0.641,6.3111,-5.4111,0.2875
07-Feb-1993,0.84,0.659,5.5389,-3.9944,0.3036
08-Feb-1993,4.51,0.678,3.9833,-2.4611,0.3144
09-Feb-1993,4.29,0.698,0.6389,-5.3222,0.3224
10-Feb-1993,1.13,0.718,2.7278,-10.1056,0.3036
11-Feb-1993,4.18,0.739,1.3889,-8.9722,0.3117
12-Feb-1993,0.65,0.761,2.1389,-12.5222,0.2875
13-Feb-1993,1.45,0.783,2.0611,-13.3778,0.2795
14-Feb-1993,0.04,0.806,0.5889,-12.4778,0.2848
15-Feb-1993,1.55,0.829,0.3056,-10.8611,0.266
16-Feb-1993,2.1,0.853,-1.3278,-7.6444,0.2795
17-Feb-1993,8.61,0.878,1.1222,-5.7889,0.2714
18-Feb-1993,29.98,0.903,1.9556,-2.8722,0.3224
19-Feb-1993,30.19,0.929,0.0667,-4.5722,0.7228
20-Feb-1993,22.36,0.955,-4.1111,-8.9,0.4595
21-Feb-1993,4.68,0.982,-2.9222,-8.2389,0.3493
22-Feb-1993,4.36,1.01,-0.1778,-8.2778,0.3144
23-Feb-1993,24.92,1.038,-0.0889,-6.15,0.3278
24-Feb-1993,4.23,1.067,-2.6278,-10.7722,0.3251
25-Feb-1993,1.83,1.096,-1.4444,-13.4,0.3009
26-Feb-1993,2.44,1.126,-3.4889,-11.2611,0.3144
27-Feb-1993,1.28,1.156,-2.2667,-10.4111,0.2956
28-Feb-1993,0.53,1.187,2.4111,-10.75,0.2902
01-Mar-1993,1.2,1.218,6.5167,-11.6889,0.2821
02-Mar-1993,1.84,1.25,8.2556,-4.8944,0.3198
03-Mar-1993,0.86,1.282,7.5111,-5.3333,0.4299
04-Mar-1993,0.35,1.315,10.0278,-6.6278,0.5079
05-Mar-1993,0.03,1.348,10.2889,-4.6167,0.5508
06-Mar-1993,0.02,1.382,11.9056,-4.7056,0.653
07-Mar-1993,0.7,1.416,13.6611,-3.7556,0.7739
08-Mar-1993,0,1.451,13.0833,-2.6611,0.9163
09-Mar-1993,0,1.486,12.4611,-0.3889,0.9915
10-Mar-1993,0.09,1.521,10.7,-3.5056,1.0963
11-Mar-1993,0.02,1.557,10.4389,-5.5389,1.1178
12-Mar-1993,0.16,1.593,11.7222,-4.55,1.1044
13-Mar-1993,1.12,1.629,11.8944,0.6056,1.3167
14-Mar-1993,4.13,1.666,7.1167,-0.3778,1.7976
15-Mar-1993,1.42,1.704,7.6722,-0.9167,1.6445
16-Mar-1993,8.16,1.741,8.9389,0.0333,1.5128
17-Mar-1993,20.13,1.779,6.3,0.2944,3.7081
18-Mar-1993,1.41,1.818,9.7278,-2.8222,3.0095
19-Mar-1993,1.3,1.856,12.6667,-3.3111,2.1819
20-Mar-1993,0.34,1.895,13.25,-2.3333,2.0072
21-Mar-1993,0.82,1.935,14.3611,-3.5444,1.9562
22-Mar-1993,1.48,1.974,14.8778,-1.5833,2.0207
23-Mar-1993,3.82,2.014,10.0944,0.5389,2.2141
24-Mar-1993,9.67,2.054,5.8611,-0.6611,2.4613
25-Mar-1993,13.35,2.094,4.0444,-1.5167,2.0153
26-Mar-1993,12.43,2.135,2.9,-2.6333,1.7896
27-Mar-1993,6.9,2.176,5.6556,-4.8222,1.5101
28-Mar-1993,11.36,2.217,4.0222,-2.95,1.5101
29-Mar-1993,1.96,2.258,10.0389,-2.4611,1.4429
30-Mar-1993,1.38,2.299,10.6111,-2.4944,1.4913
31-Mar-1993,2.89,2.341,12.8,-2.3389,1.5424
01-Apr-1993,8.21,2.382,6.9111,-3.0167,1.9266
02-Apr-1993,0.64,2.424,6.35,-4.3167,1.6498
03-Apr-1993,1.12,2.466,11.8389,-1.8111,1.6713
04-Apr-1993,4.88,2.508,6.4611,-1.2333,1.8567
05-Apr-1993,0.17,2.551,3.8611,-4.5556,1.6633
06-Apr-1993,0.95,2.593,7.7944,-8.2778,1.4456
07-Apr-1993,0.21,2.635,12.0611,-5.5333,1.4026
08-Apr-1993,0.71,2.678,11.4444,-2.6556,1.5074
09-Apr-1993,0.73,2.72,8.4222,-0.1278,1.7143
10-Apr-1993,0.52,2.763,8.1611,-0.8611,1.7573
11-Apr-1993,0.84,2.806,7.7222,-5.6667,1.6901
12-Apr-1993,0.43,2.848,6.0722,-7.6333,1.6498
13-Apr-1993,0.2,2.891,8.65,-7.45,1.545
14-Apr-1993,2.27,2.934,11.9278,-5.5722,1.4806
15-Apr-1993,0.09,2.977,10.6222,-0.5889,1.6525
16-Apr-1993,0.26,3.019,10.6,-2.25,1.7681
17-Apr-1993,10.79,3.062,5.7722,-1.0333,1.6606
18-Apr-1993,2.27,3.104,6.4611,-4.0111,1.6176
19-Apr-1993,1.83,3.147,12.0556,-6.5444,1.4483
20-Apr-1993,1.18,3.189,14.9944,-2.1778,1.5746
21-Apr-1993,0.01,3.232,14.0889,2.3722,2.0287
22-Apr-1993,0,3.274,9.7333,-0.3722,2.5581
23-Apr-1993,1.19,3.316,7.4333,-4.1889,2.4506
24-Apr-1993,0.52,3.358,10.2556,-4.0778,2.0368
25-Apr-1993,0.01,3.4,12.25,0.8556,2.0771
26-Apr-1993,0.57,3.442,11.5833,0.2389,2.3485
27-Apr-1993,0.41,3.483,13.9278,-3.3944,2.6467
28-Apr-1993,0.21,3.525,16.5278,-2.3111,2.7945
29-Apr-1993,0.18,3.566,17.8389,0.2889,3.1707
30-Apr-1993,1.01,3.607,17.0333,-0.0278,3.6275
01-May-1993,0.18,3.648,16.8389,-1.0222,3.8156
02-May-1993,0.09,3.689,15.0333,0.8333,3.9499
03-May-1993,4.57,3.729,8.65,-0.0444,4.2993
04-May-1993,0.22,3.769,8.2778,-3.8,3.5469
05-May-1993,0.13,3.809,12.7556,-3.9167,2.9826
06-May-1993,2.45,3.848,9.3611,0.8167,3.3857
07-May-1993,0,3.888,11.0167,-2.4556,3.3857
08-May-1993,0.03,3.927,12.7111,-2.5667,3.3857
09-May-1993,0.41,3.965,18.15,-1.8278,3.4663
10-May-1993,0.91,4.004,17.9111,1.7611,4.138
11-May-1993,0.01,4.042,17.1111,3.1722,4.7561
12-May-1993,0.18,4.08,11.7278,1.2056,4.9173
13-May-1993,0,4.117,13.4111,-0.05,4.2724
14-May-1993,0.02,4.154,16.0278,0.8722,4.0843
15-May-1993,0.33,4.191,16.1,1.0778,4.2724
16-May-1993,0,4.227,16.7722,2.5,4.353
17-May-1993,0.39,4.263,18.8389,2.4,5.2935
18-May-1993,1.4,4.298,18.2333,4.7556,5.9384
19-May-1993,0.4,4.333,16.7944,2.7333,6.1265
20-May-1993,0.27,4.368,15.3056,4.2667,6.2608
21-May-1993,0,4.402,13.2444,1.8722,5.9921
22-May-1993,0.47,4.436,15.9667,-0.9389,5.4278
23-May-1993,0.05,4.469,18.4833,1.9278,5.2935
24-May-1993,0.09,4.502,17.7444,3.7944,5.9115
25-May-1993,2.7,4.535,11.7889,3.1944,5.6965
26-May-1993,0.05,4.566,13.4167,1.5167,5.0785
27-May-1993,0.11,4.598,11.4278,1.05,4.7023
28-May-1993,0.05,4.629,10.7778,1.6889,3.9768
29-May-1993,0.27,4.659,15.5667,-0.8056,3.5738
30-May-1993,0.52,4.689,17.2167,3.6722,4.0037
31-May-1993,14.52,4.718,10.1222,3.5056,4.7561
01-Jun-1993,0.93,4.747,11.7833,-0.0667,4.568
02-Jun-1993,0.37,4.775,10.5722,-0.7,3.8962
03-Jun-1993,1.46,4.803,13.1278,-2.45,3.52
04-Jun-1993,9.63,4.83,9.2278,0.7167,3.6006
05-Jun-1993,6.58,4.857,5.45,-1.3111,3.4394
06-Jun-1993,3.53,4.883,4.2222,-2.3722,2.8214
07-Jun-1993,2.41,4.908,9.8333,0.0944,2.4694
08-Jun-1993,1.5,4.933,14.6667,-1.0556,2.507
09-Jun-1993,0.56,4.957,18.7889,0.9722,2.5957
10-Jun-1993,0.51,4.981,17.4,4.1944,3.0095
11-Jun-1993,0.37,5.004,16.1944,2.2278,3.6275
12-Jun-1993,0.21,5.026,17.6,-0.7389,3.5469
13-Jun-1993,0.64,5.048,20.85,1.6722,3.5469
14-Jun-1993,0.01,5.069,21.8833,4.9,3.9231
15-Jun-1993,0.14,5.089,20.6111,4.2667,4.3261
16-Jun-1993,0.03,5.109,16.2167,0.8278,4.0574
17-Jun-1993,0,5.128,18.3889,3.1833,3.7081
18-Jun-1993,0.92,5.147,22.4667,3.9556,3.7619
19-Jun-1993,0.95,5.165,24.0722,5.9444,3.9499
20-Jun-1993,0.96,5.182,22.45,6.1889,4.138
21-Jun-1993,0.05,5.198,16.7667,5.1944,3.52
22-Jun-1993,0.8,5.214,17.4222,0.1222,3.2782
23-Jun-1993,0.37,5.229,18.9056,1.1278,3.0095
24-Jun-1993,0.01,5.244,21.2,2.7722,2.9289
25-Jun-1993,0.74,5.258,25.3389,5.1556,2.8751
26-Jun-1993,0.74,5.271,25.1333,8.1167,3.117
27-Jun-1993,0.01,5.283,22.1611,7.7278,3.2782
28-Jun-1993,0.09,5.295,18.7222,5.6833,3.2244
29-Jun-1993,0.19,5.306,20.9889,1.8833,2.7408
30-Jun-1993,0.12,5.316,23.4222,3.9444,2.4936
01-Jul-1993,0,5.325,23.8333,5.7167,2.4748
02-Jul-1993,0,5.334,20.6778,5.9333,2.5446
03-Jul-1993,0.01,5.342,20.9167,3.1389,2.4452
04-Jul-1993,0,5.35,22.2222,5.1667,2.2276
05-Jul-1993,0.03,5.356,24.4611,4.1722,2.1496
06-Jul-1993,0,5.362,25.5278,6.0833,2.1147
07-Jul-1993,0,5.367,24.8056,6.8556,2.1066
08-Jul-1993,0.03,5.372,25.2389,6.5611,2.0395
09-Jul-1993,0,5.376,25.5556,6.6222,1.8971
10-Jul-1993,0,5.379,25.3333,6.0778,1.7573
11-Jul-1993,0,5.381,25.3278,6.4556,1.6418
12-Jul-1993,0,5.382,20.7444,5.9389,1.5665
13-Jul-1993,0,5.383,16.3444,4.5222,1.4806
14-Jul-1993,0,5.383,16.35,4.15,1.3785
15-Jul-1993,0,5.383,14.1778,1.4056,1.2495
16-Jul-1993,0,5.381,14.8889,0.1944,1.1312
17-Jul-1993,0,5.379,16.7833,0.9833,1.0479
18-Jul-1993,0.01,5.376,18.4667,2.9611,0.9835
19-Jul-1993,0,5.373,18.7722,4.2111,0.9485
20-Jul-1993,0,5.368,19.5,5.3556,0.9109
21-Jul-1993,0,5.363,17.5944,2.4222,0.884
22-Jul-1993,0,5.358,20.75,4.6444,0.841
23-Jul-1993,0.03,5.351,20.5611,7.3722,0.8545
24-Jul-1993,0,5.344,22.2389,4.8833,0.8733
25-Jul-1993,0,5.336,22.0667,7.1778,0.841
26-Jul-1993,0,5.327,22.2167,4.4778,0.8518
27-Jul-1993,0,5.318,23.5,4.9556,0.7766
28-Jul-1993,0,5.308,23.8444,7.6056,0.7416
29-Jul-1993,0,5.297,20.7833,8.3611,0.7094
30-Jul-1993,0.01,5.286,24.9833,5.85,0.6879
31-Jul-1993,0.29,5.273,27.5278,7.9278,0.6395
01-Aug-1993,0.04,5.26,28.4056,9.2944,0.6341
02-Aug-1993,0.15,5.247,27.5889,10.5833,0.6073
03-Aug-1993,0,5.232,26.6056,11.3056,0.5938
04-Aug-1993,0,5.217,26.5389,10.8056,0.5723
05-Aug-1993,0.23,5.202,24.9056,9.65,0.5455
06-Aug-1993,0,5.185,24.8667,8.4667,0.5132
07-Aug-1993,0,5.168,21.6833,6.3056,0.4944
08-Aug-1993,0.01,5.151,22.6278,5.1667,0.4783
09-Aug-1993,0,5.132,21.4667,8.2833,0.4568
10-Aug-1993,0,5.113,21.2833,7.6667,0.4514
11-Aug-1993,0.01,5.094,18.3222,4.0333,0.4407
12-Aug-1993,0,5.073,19.8222,1.8167,0.4246
13-Aug-1993,0,5.052,19.9833,4.4722,0.4246
14-Aug-1993,0,5.031,19.85,5.7944,0.4246
15-Aug-1993,0,5.009,13.9944,5.2611,0.4057
16-Aug-1993,0.02,4.986,18.7278,1.8167,0.4111
17-Aug-1993,0.01,4.962,20.9278,3.5778,0.395
18-Aug-1993,0,4.938,22.2167,6.2444,0.4057
19-Aug-1993,0.01,4.913,19.4056,5.7056,0.395
20-Aug-1993,0,4.888,16.4833,3.8056,0.3654
21-Aug-1993,0.01,4.862,21.1778,1.95,0.3413
22-Aug-1993,0,4.836,24.9056,5.6222,0.3386
23-Aug-1993,0,4.809,25.2167,7.3111,0.3359
24-Aug-1993,0,4.781,22.1333,6.9222,0.3278
25-Aug-1993,0,4.753,20.7222,4.3611,0.3224
26-Aug-1993,0,4.724,22.2389,2.8944,0.3224
27-Aug-1993,0,4.695,24,4.8667,0.3359
28-Aug-1993,0,4.665,20.65,5.7222,0.3305
29-Aug-1993,0,4.635,17.2167,4.6333,0.3359
30-Aug-1993,0,4.604,18.2889,3.7111,0.3439
31-Aug-1993,0,4.573,18.4667,4.7667,0.3305
01-Sep-1993,0,4.541,18.3,5.2,0.3708
02-Sep-1993,0,4.509,20.1778,5.8444,0.3816
03-Sep-1993,0,4.476,20.7944,7.1611,0.3466
04-Sep-1993,0,4.443,20.1722,7.3778,0.3386
05-Sep-1993,0.03,4.409,19.3111,6.6278,0.3493
06-Sep-1993,0.06,4.375,17.25,5.1222,0.352
07-Sep-1993,0,4.341,20.3278,4.75,0.3493
08-Sep-1993,0,4.306,22.2278,6.5778,0.3386
09-Sep-1993,0,4.27,22.4611,6.9111,0.3332
10-Sep-1993,0,4.235,23.2833,7.05,0.3224
11-Sep-1993,0,4.198,21.7667,6.8556,0.3117
12-Sep-1993,0.01,4.162,19.4778,2.8389,0.309
13-Sep-1993,0,4.125,14.6278,0.0833,0.3009
14-Sep-1993,0,4.088,15.4667,2.0778,0.3063
15-Sep-1993,0,4.05,16.1444,3.0944,0.3009
16-Sep-1993,0.04,4.012,12.4,1.8944,0.2983
17-Sep-1993,0.03,3.974,11.1333,-0.1222,0.2499
18-Sep-1993,0.01,3.935,13.3167,-0.4056,0.2338
19-Sep-1993,0,3.896,14.8278,0.3222,0.2257
20-Sep-1993,0,3.857,15.0222,2.3167,0.215
21-Sep-1993,0.74,3.817,14.8389,0.3833,0.215
22-Sep-1993,0,3.777,13.4278,-0.2333,0.2069
23-Sep-1993,0,3.737,13.2778,-1.0667,0.1988
24-Sep-1993,0,3.697,13.5278,-0.0944,0.1827
25-Sep-1993,0.03,3.656,17.6222,1.1667,0.1827
26-Sep-1993,0.02,3.616,19.5722,2.0556,0.1827
27-Sep-1993,0.03,3.575,19.6056,2.7278,0.1827
28-Sep-1993,0,3.534,20.0889,3.7333,0.1935
29-Sep-1993,0,3.492,19.7722,3.3667,0.2284
30-Sep-1993,0,3.451,20.7778,5.8611,0.2472
01-Oct-1993,0,3.409,20.7722,4.7611,0.2526
02-Oct-1993,0,3.367,20.5222,4.3333,0.2311
03-Oct-1993,1,3.325,22.4278,5.1444,0.2042
04-Oct-1993,2.37,3.283,17.1111,5.2889,0.2042
05-Oct-1993,10.87,3.241,10.8722,0.9944,0.2069
06-Oct-1993,0.65,3.198,11.5889,-1.6111,0.2257
07-Oct-1993,0.05,3.156,13.8722,0.2944,0.2123
08-Oct-1993,0.02,3.113,12.7833,-1.7,0.2042
09-Oct-1993,0.09,3.071,10.2111,1.3722,0.1988
10-Oct-1993,0.27,3.028,14.0333,1.4444,0.1988
11-Oct-1993,2.09,2.986,10.4333,1.2833,0.2042
12-Oct-1993,0.53,2.943,10.1056,-0.1611,0.2203
13-Oct-1993,1.22,2.9,11.7944,0.6833,0.2015
14-Oct-1993,5.82,2.857,7.8111,1.6667,0.2015
15-Oct-1993,13.98,2.815,5.6944,1.6167,0.2687
16-Oct-1993,3.93,2.772,5.8556,-0.6278,0.2633
17-Oct-1993,0.55,2.729,5.7722,-2,0.2257
18-Oct-1993,0.35,2.687,8.4889,-2.5333,0.2177
19-Oct-1993,0.1,2.644,11.8444,-2.7667,0.215
20-Oct-1993,0.65,2.602,13.5111,-1.3167,0.215
21-Oct-1993,0.05,2.56,12.1278,0.3278,0.2123
22-Oct-1993,0,2.517,10.25,-0.4278,0.2123
23-Oct-1993,0,2.475,13.1389,0.05,0.2015
24-Oct-1993,0.05,2.433,12.4833,0.7556,0.1988
25-Oct-1993,0.4,2.391,13.4611,-0.3722,0.1935
26-Oct-1993,0.32,2.349,11.5667,-0.8444,0.1935
27-Oct-1993,0,2.308,11.7944,-2.0111,0.1908
28-Oct-1993,0,2.266,13.1833,-0.8889,0.1908
29-Oct-1993,0.36,2.225,12.8944,0.0278,0.1935
30-Oct-1993,0,2.184,12.7778,-0.4889,0.1988
31-Oct-1993,0.34,2.143,10.1944,-0.4222,0.1962
01-Nov-1993,0.45,2.103,9.2889,-3.7278,0.1935
02-Nov-1993,0.28,2.062,13.0278,-5.7222,0.1908
03-Nov-1993,0.05,2.022,15.8833,-2.6167,0.1881
04-Nov-1993,0,1.982,14.3,-2.4667,0.1908
05-Nov-1993,0,1.943,11.5778,-3.7667,0.1908
06-Nov-1993,0.01,1.904,12.2,-4.5778,0.1854
07-Nov-1993,0,1.865,11.2444,-4.0056,0.1881
08-Nov-1993,0,1.826,11.5389,-4.4333,0.1854
09-Nov-1993,0,1.787,10.6333,-2.2778,0.1827
10-Nov-1993,0.16,1.749,9.5722,-1.9167,0.1881
11-Nov-1993,6.23,1.712,6.2944,-2.8722,0.1908
12-Nov-1993,2.9,1.674,2.2667,-6.8056,0.2015
13-Nov-1993,0.44,1.637,3.2778,-9.1333,0.1827
14-Nov-1993,0.47,1.601,-1.6667,-9.8944,0.1827
15-Nov-1993,2.06,1.564,5.8556,-11.5,0.1612
16-Nov-1993,0.13,1.528,7.8833,-6.5778,0.1908
17-Nov-1993,0.74,1.493,5.5444,-4.3389,0.215
18-Nov-1993,0.08,1.458,5.9889,-6.3111,0.1988
19-Nov-1993,0.03,1.423,4.2444,-6.6389,0.1854
20-Nov-1993,0.04,1.389,8.4111,-6.6111,0.172
21-Nov-1993,0.39,1.355,8.4944,-4.85,0.1935
22-Nov-1993,1.46,1.322,3,-3.1222,0.2096
23-Nov-1993,1,1.289,2.9556,-6.55,0.1827
24-Nov-1993,0,1.257,2.3111,-9.3444,0.1747
25-Nov-1993,0.02,1.225,2.4833,-9.0056,0.1827
26-Nov-1993,0.36,1.193,7.0611,-8.6889,0.1881
27-Nov-1993,0.37,1.163,5.4722,-3.7889,0.1935
28-Nov-1993,2.95,1.132,4.9611,-3.1333,0.2015
29-Nov-1993,7.54,1.102,4.1944,-2.15,0.2123
30-Nov-1993,4.69,1.073,2.1556,-4.9944,0.223
01-Dec-1993,0.79,1.044,4.2667,-5.8444,0.1881
02-Dec-1993,0.12,1.016,5.5444,-6.2667,0.1962
03-Dec-1993,0.06,0.988,7.2111,-4.7556,0.1854
04-Dec-1993,0.01,0.961,6.6167,-5.1389,0.1988
05-Dec-1993,0.72,0.935,6.7611,-7.1667,0.18
06-Dec-1993,0.23,0.909,2.3333,-6.1389,0.1773
07-Dec-1993,0.85,0.883,3.2222,-5.0833,0.18
08-Dec-1993,3.8,0.858,3.2833,-2.6611,0.1962
09-Dec-1993,4.95,0.834,4.9222,-0.9556,0.2042
10-Dec-1993,2.73,0.811,7.5167,-1.1333,0.2042
11-Dec-1993,16.99,0.788,5.6444,-2.8111,0.2069
12-Dec-1993,13.84,0.765,1.4944,-11.2222,0.1935
13-Dec-1993,1.51,0.743,3.8611,-7.2167,0.1908
14-Dec-1993,5.74,0.722,0.9222,-8.4944,0.1881
15-Dec-1993,2.09,0.702,-2.05,-8.45,0.1881
16-Dec-1993,0.08,0.682,0.6722,-11.0611,0.1854
17-Dec-1993,0.05,0.663,0.5444,-13.1056,0.18
18-Dec-1993,0,0.644,-1.2889,-12.05,0.1827
19-Dec-1993,0.28,0.627,0.1111,-11.55,0.1854
20-Dec-1993,0,0.609,0.7833,-12.8778,0.1908
21-Dec-1993,0.14,0.593,2.25,-12.5833,0.1962
22-Dec-1993,0.12,0.577,5.4611,-12.1889,0.2042
23-Dec-1993,0.23,0.562,3.0667,-10.5389,0.2096
24-Dec-1993,0.15,0.547,5.5167,-9.7556,0.215
25-Dec-1993,0.55,0.534,7.6278,-7.2889,0.223
26-Dec-1993,1.02,0.521,4.1611,-5.4,0.2284
27-Dec-1993,1.07,0.508,2.8833,-5.1889,0.2311
28-Dec-1993,0.04,0.497,2.4167,-4.7722,0.2257
29-Dec-1993,0.25,0.486,6.1222,-6.0056,0.2203
30-Dec-1993,0.41,0.475,5.5333,-5.2333,0.2177
31-Dec-1993,0.16,0.466,6.3833,-6.8,0.2203
01-Jan-1994,0.08,0.44,6.3,-3.6222,0.2177
02-Jan-1994,1.32,0.442,8.1778,-2.5,0.2177
03-Jan-1994,0.02,0.435,11,-1.4556,0.2203
04-Jan-1994,6.81,0.429,7.5722,-1.1333,0.2203
05-Jan-1994,1.16,0.424,2.2889,-6.3333,0.215
06-Jan-1994,1.02,0.419,2.1222,-11.3056,0.215
07-Jan-1994,0.85,0.416,4.0167,-9.3556,0.2123
08-Jan-1994,0.11,0.413,4.2333,-6.0611,0.1988
09-Jan-1994,0.28,0.41,4.9444,-9.4778,0.1908
10-Jan-1994,0.02,0.409,5.7222,-9.9889,0.1881
11-Jan-1994,0.06,0.408,5.5722,-7.9389,0.1935
12-Jan-1994,0.02,0.408,8.7111,-8.1889,0.1881
13-Jan-1994,0,0.409,8.8444,-6.65,0.1908
14-Jan-1994,0,0.41,9.1,-5.8556,0.1908
15-Jan-1994,0,0.412,9.85,-5.1056,0.1935
16-Jan-1994,0.02,0.415,9.2,-5.8333,0.1827
17-Jan-1994,0,0.419,10.3722,-4.6444,0.1854
18-Jan-1994,0,0.423,12.5333,-4.1611,0.1854
19-Jan-1994,0.29,0.428,11.4944,-5.1056,0.1854
20-Jan-1994,0.03,0.434,11.1111,-4.3278,0.1881
21-Jan-1994,0.05,0.44,10.1222,-3.7278,0.1908
22-Jan-1994,0.85,0.447,10.6722,-5.0722,0.1854
23-Jan-1994,8.44,0.455,4.4111,-3.65,0.1962
24-Jan-1994,3.22,0.464,0.3611,-4.7889,0.1854
25-Jan-1994,3.64,0.473,-0.6389,-7.6778,0.1881
26-Jan-1994,3.07,0.483,1.0944,-7.5389,0.1773
27-Jan-1994,2.01,0.494,-1.6722,-7.3611,0.1962
28-Jan-1994,0.88,0.506,-1.9611,-7.2944,0.1854
29-Jan-1994,0.15,0.518,3.3944,-10.7278,0.18
30-Jan-1994,3.8,0.531,3.3333,-9.9333,0.1747
31-Jan-1994,0.63,0.545,1.9222,-11.55,0.18
01-Feb-1994,0.16,0.559,2.5667,-11.7278,0.1747
02-Feb-1994,0.04,0.574,3.3,-9.8,0.1747
03-Feb-1994,0,0.589,2.7667,-7.4389,0.172
04-Feb-1994,0.31,0.606,4.0556,-9.3611,0.172
05-Feb-1994,0.07,0.623,3.9611,-10.1333,0.172
06-Feb-1994,1.68,0.641,2.0222,-7.4056,0.1747
07-Feb-1994,30.58,0.659,0.2389,-5.2111,0.1773
08-Feb-1994,10.44,0.678,1.0722,-8.25,0.1773
09-Feb-1994,1.85,0.698,4.6444,-11.3222,0.1747
10-Feb-1994,14.24,0.718,0.45,-8.3556,0.172
11-Feb-1994,4.89,0.739,-3.2222,-14.7056,0.172
12-Feb-1994,1.62,0.761,3.6,-15.6611,0.1639
13-Feb-1994,0.28,0.783,5.6722,-9.9,0.1935
14-Feb-1994,0.12,0.806,8.2667,-9.4778,0.1908
15-Feb-1994,0.82,0.829,8.1,-7.0111,0.1935
16-Feb-1994,0.98,0.853,7.5389,-3.3722,0.1962
17-Feb-1994,35.99,0.878,1.9778,-5.9889,0.1881
18-Feb-1994,22.41,0.903,-3.5389,-12.0611,0.18
19-Feb-1994,9.08,0.929,-2.9667,-15.2167,0.1747
20-Feb-1994,10.91,0.955,-2.2778,-9.15,0.1827
21-Feb-1994,3.77,0.982,-2.8722,-9.9333,0.1962
22-Feb-1994,1.5,1.01,0.2389,-10.9167,0.1935
23-Feb-1994,0.66,1.038,5.0222,-11.1889,0.1935
24-Feb-1994,1.66,1.067,9.5778,-6.5944,0.2203
25-Feb-1994,0.52,1.096,10.1389,-4.3167,0.2445
26-Feb-1994,0.97,1.126,5.5944,-1.5167,0.2821
27-Feb-1994,2.46,1.156,5.9389,-1.6778,0.3036
28-Feb-1994,0.38,1.187,7.8389,-3.6667,0.2902
01-Mar-1994,0.34,1.218,11.8222,-4.8556,0.2902
02-Mar-1994,0.21,1.25,13.6,-3.3222,0.2956
03-Mar-1994,0,1.282,12.2889,-2.1111,0.3117
04-Mar-1994,0.09,1.315,12.0167,-3.2389,0.3224
05-Mar-1994,7.76,1.348,7.0444,-1.9444,0.3493
06-Mar-1994,9.62,1.382,3.3111,-2.6556,0.3977
07-Mar-1994,1.24,1.416,6.4056,-4.4222,0.3305
08-Mar-1994,0.54,1.451,10.4722,-5.5944,0.3198
09-Mar-1994,0.04,1.486,11.5611,-4.3,0.3305
10-Mar-1994,1.46,1.521,8.7556,-2.15,0.352
11-Mar-1994,1.15,1.557,4.9889,-2.9778,0.3762
12-Mar-1994,1.22,1.593,7.5667,-4.9944,0.3413
13-Mar-1994,0.53,1.629,14.0389,-4.7444,0.3224
14-Mar-1994,0.41,1.666,17.7222,-1.9056,0.3601
15-Mar-1994,0.01,1.704,15.0389,0.7889,0.4595
16-Mar-1994,0.29,1.741,9.2778,0.4389,0.5347
17-Mar-1994,0.44,1.779,11.4167,-5.1111,0.4702
18-Mar-1994,0.01,1.818,8.5722,-0.5944,0.4353
19-Mar-1994,0.29,1.856,7.3278,-2.1778,0.446
20-Mar-1994,0.99,1.895,10.25,-6.6889,0.4192
21-Mar-1994,0.05,1.935,8.7556,-2.0778,0.4299
22-Mar-1994,3.21,1.974,1.2944,-8.2889,0.4568
23-Mar-1994,1.2,2.014,2.3389,-11.85,0.3923
24-Mar-1994,1.98,2.054,4.3667,-6.0278,0.3869
25-Mar-1994,7.82,2.094,3.4444,-2.9278,0.3708
26-Mar-1994,1,2.135,8.7667,-6.2444,0.3547
27-Mar-1994,0.46,2.176,12.5722,-4.4278,0.352
28-Mar-1994,0.04,2.217,13.5,-3.7111,0.3896
29-Mar-1994,1.22,2.258,12.9167,-2.9667,0.4568
30-Mar-1994,0,2.299,12.4167,-1.6667,0.5428
31-Mar-1994,0.32,2.341,12.2556,-2.5944,0.6906
01-Apr-1994,0.21,2.382,13.2056,-3.7889,0.704
02-Apr-1994,0.02,2.424,13.0389,-2.5056,0.7255
03-Apr-1994,12.28,2.466,8.6833,-2.7333,0.833
04-Apr-1994,1.12,2.508,8.9611,-6.7444,0.7685
05-Apr-1994,0.71,2.551,11.2944,-6.15,0.6691
06-Apr-1994,1.42,2.593,6.7056,-2.65,0.6771
07-Apr-1994,0.7,2.635,7.4889,-4.5944,0.618
08-Apr-1994,3.32,2.678,4.0722,-2.9,0.5831
09-Apr-1994,2.41,2.72,4.3556,-5.45,0.5616
10-Apr-1994,0.6,2.763,6.0333,-5.6222,0.5267
11-Apr-1994,1.15,2.806,12.7722,-5.9333,0.4756
12-Apr-1994,0.1,2.848,14.0333,-1.5778,0.5213
13-Apr-1994,0.58,2.891,15.6111,-1.5444,0.6073
14-Apr-1994,0.28,2.934,11.3667,0.5,0.8169
15-Apr-1994,0,2.977,18.3444,-0.6278,1.0399
16-Apr-1994,0.03,3.019,18.4333,2.0333,1.3274
17-Apr-1994,0,3.062,18.95,3.6,1.6848
18-Apr-1994,2,3.104,19.1167,2.6889,1.932
19-Apr-1994,0.42,3.147,18.7389,2.1944,2.2598
20-Apr-1994,0.44,3.189,18.8111,1,2.2813
21-Apr-1994,0.17,3.232,14.6556,-0.6,2.1523
22-Apr-1994,0.11,3.274,10.7833,-2.3389,1.8433
23-Apr-1994,1.47,3.316,5.2111,-3.5056,1.537
24-Apr-1994,1.79,3.358,4.2833,-6.0278,1.2011
25-Apr-1994,11.08,3.4,2.5222,-4.9778,1.0399
26-Apr-1994,1.89,3.442,4.8833,-5.7556,0.9539
27-Apr-1994,2.63,3.483,5.15,-2.1222,0.8813
28-Apr-1994,0.19,3.525,8.3889,-2.7778,0.8007
29-Apr-1994,1.73,3.566,11.75,-3.9611,0.79
30-Apr-1994,2.28,3.607,11.3111,-1.4833,0.8572
01-May-1994,0.13,3.648,12.6833,-1.9778,0.8599
02-May-1994,0.48,3.689,13.0778,0.1833,0.927
03-May-1994,0.04,3.729,13.9333,0.4889,1.0883
04-May-1994,0.52,3.769,14.5556,2.1056,1.357
05-May-1994,3.55,3.809,13.1611,0.8722,1.5639
06-May-1994,11,3.848,7.4333,0.3278,1.6095
07-May-1994,8.26,3.888,7.1222,-1.1611,1.3785
08-May-1994,5.5,3.927,11.75,-1.4889,1.2092
09-May-1994,2.39,3.965,15.7278,1.5889,1.5854
10-May-1994,0.01,4.004,19.9167,3.0722,2.0448
11-May-1994,0.07,4.042,21.5056,4.5722,2.2571
12-May-1994,0.04,4.08,19.35,3.3667,2.5876
13-May-1994,0.03,4.117,18.5722,1.8222,2.3592
14-May-1994,0.04,4.154,18.8222,1.8167,2.1819
15-May-1994,0.36,4.191,11.1111,1.6667,2.0932
16-May-1994,0.91,4.227,5.7556,-2.3556,1.6552
17-May-1994,4.76,4.263,5.45,-3.0611,1.357
18-May-1994,19.08,4.298,5.6444,-2.0278,1.3005
19-May-1994,2.7,4.333,6.6778,-2.5111,1.2226
20-May-1994,1.66,4.368,10.6389,-3.3222,1.1984
21-May-1994,1.61,4.402,13.0889,-1.3444,1.2092
22-May-1994,0.43,4.436,16.8278,-4.3944,1.2199
23-May-1994,1.05,4.469,17.1556,1.75,1.2683
24-May-1994,0.27,4.502,19.1389,3.1167,1.4107
25-May-1994,0.07,4.535,19.4389,4.5056,1.5021
26-May-1994,0.43,4.566,17.7778,4.9667,1.5558
27-May-1994,0.02,4.598,16.2,4.4889,1.6901
28-May-1994,0.04,4.629,17.0333,1.7722,1.6848
29-May-1994,0.02,4.659,18.9778,4.1944,1.6176
30-May-1994,3.26,4.689,19.5389,2.9889,1.7036
31-May-1994,1.52,4.718,15.3611,4.0722,1.9159
01-Jun-1994,0.11,4.747,17.7056,2.3389,1.7681
02-Jun-1994,0,4.775,18.7111,3.7944,1.5773
03-Jun-1994,0.01,4.803,17.35,3.5944,1.5719
04-Jun-1994,0,4.83,17.2222,2.45,1.3838
05-Jun-1994,0.32,4.857,16.4111,2.9389,1.2925
06-Jun-1994,0,4.883,11.6111,1.7278,1.2548
07-Jun-1994,0.02,4.908,14.8167,-1.6333,1.0883
08-Jun-1994,0.06,4.933,18.8833,0.0222,1.0264
09-Jun-1994,0.02,4.957,21.6222,3.6333,1.0264
10-Jun-1994,0.04,4.981,23.6278,5.8556,1.0372
11-Jun-1994,0,5.004,23.3556,7.3778,1.0641
12-Jun-1994,0,5.026,21.2889,6.1611,1.0184
13-Jun-1994,0.09,5.048,19.0389,7.6056,0.9351
14-Jun-1994,0,5.069,17.4722,4.8833,0.8975
15-Jun-1994,0,5.089,15.2167,3.0778,0.8115
16-Jun-1994,0,5.109,16.4111,0.45,0.7013
17-Jun-1994,0,5.128,18.4833,0.7833,0.6395
18-Jun-1994,0,5.147,19.6444,1.3222,0.6046
19-Jun-1994,0.04,5.165,22.5833,3.85,0.5777
20-Jun-1994,0.03,5.182,23.7111,6.4889,0.5508
21-Jun-1994,0,5.198,24.1389,5.35,0.5079
22-Jun-1994,0.03,5.214,22.2556,5.3056,0.4783
23-Jun-1994,0,5.229,21.9833,7.3889,0.4434
24-Jun-1994,0,5.244,23.2278,6.9,0.4219
25-Jun-1994,0,5.258,21.9111,6.7833,0.4084
26-Jun-1994,0.03,5.271,22.7778,7.1,0.3977
27-Jun-1994,0,5.283,23.7278,6.9056,0.3762
28-Jun-1994,0,5.295,23.7667,9.5889,0.3547
29-Jun-1994,0,5.306,23.9111,8.8833,0.3493
30-Jun-1994,0,5.316,22.9056,9.8222,0.3386
01-Jul-1994,0,5.325,22.8278,8.3278,0.3224
02-Jul-1994,0,5.334,21.4889,6.7889,0.3171
03-Jul-1994,0,5.342,21.6056,6.2056,0.3117
04-Jul-1994,0,5.35,22.7944,6.3278,0.3117
05-Jul-1994,0,5.356,22.7056,6.55,0.309
06-Jul-1994,0,5.362,22.7722,3.6944,0.2741
07-Jul-1994,0.02,5.367,23.3889,5.85,0.2606
08-Jul-1994,0,5.372,25.4778,8.3889,0.266
09-Jul-1994,0,5.376,26.9056,10.7,0.2848
10-Jul-1994,0,5.379,24.3333,7.7222,0.2875
11-Jul-1994,0,5.381,26.0833,7.2333,0.2821
12-Jul-1994,0,5.382,24.7667,7.3389,0.3171
13-Jul-1994,0,5.383,27.3222,8.1667,0.3251
14-Jul-1994,0,5.383,25.4167,7.4,0.3332
15-Jul-1994,0,5.383,27.8444,8.7056,0.3117
16-Jul-1994,1.57,5.381,25.2722,9.0833,0.2741
17-Jul-1994,0.09,5.379,25.1056,7.5778,0.2714
18-Jul-1994,0.02,5.376,25.3889,8.6833,0.2553
19-Jul-1994,0,5.373,25.8611,9.0833,0.2338
20-Jul-1994,0,5.368,26.2222,10.8611,0.215
21-Jul-1994,0.61,5.363,28.0556,10.3222,0.215
22-Jul-1994,0.15,5.358,24.3167,10.3722,0.2311
23-Jul-1994,0,5.351,24.95,8.9444,0.2203
24-Jul-1994,0,5.344,23.4611,7.6944,0.2069
25-Jul-1994,0,5.336,24.6556,6.6389,0.1988
26-Jul-1994,0.03,5.327,27.9833,8.7556,0.1827
27-Jul-1994,0,5.318,28.6667,9.6167,0.1558
28-Jul-1994,0,5.308,26.6556,9.6222,0.1424
29-Jul-1994,0,5.297,28.4444,12.0389,0.137
30-Jul-1994,0,5.286,25.4444,12.5889,0.1424
31-Jul-1994,0.01,5.273,25.2333,10.7167,0.1612
01-Aug-1994,0.02,5.26,25.3611,8.85,0.1666
02-Aug-1994,0,5.247,25.3722,7.9,0.1773
03-Aug-1994,0.02,5.232,26.9944,7.4833,0.1881
04-Aug-1994,0,5.217,27.7667,8.5667,0.1881
05-Aug-1994,0,5.202,27.5611,8.6333,0.1612
06-Aug-1994,0.02,5.185,27.25,7.4556,0.1424
07-Aug-1994,0.02,5.168,26.3722,9.3944,0.137
08-Aug-1994,0,5.151,24.3444,11.5667,0.129
09-Aug-1994,0,5.132,23.7278,10.4667,0.129
10-Aug-1994,0,5.113,24.2833,10.4667,0.1263
11-Aug-1994,0,5.094,25.2056,9.7389,0.1317
12-Aug-1994,0,5.073,26.2167,9.2389,0.1344
13-Aug-1994,0,5.052,27.4389,9.7778,0.1317
14-Aug-1994,0,5.031,27.6778,11.4611,0.129
15-Aug-1994,0,5.009,28.2944,10.45,0.1236
16-Aug-1994,0,4.986,28.5333,8.9833,0.1209
17-Aug-1994,0,4.962,28.4056,8.0833,0.1182
18-Aug-1994,0,4.938,26.65,9.2889,0.1182
19-Aug-1994,0,4.913,25.45,8.4389,0.1182
20-Aug-1994,0,4.888,25.3889,5.9,0.1182
21-Aug-1994,0,4.862,22.1667,5.6889,0.1129
22-Aug-1994,0,4.836,23.3556,5.1944,0.129
23-Aug-1994,0,4.809,24.3889,5.6833,0.1317
24-Aug-1994,0,4.781,23.9222,5.7667,0.129
25-Aug-1994,0,4.753,23.8722,5.05,0.1182
26-Aug-1994,0,4.724,24.3667,7.9722,0.1102
27-Aug-1994,0,4.695,24.3667,8.4056,0.1075
28-Aug-1994,0,4.665,23.2056,7.5,0.1155
29-Aug-1994,0.35,4.635,24.3222,4.0611,0.1075
30-Aug-1994,0,4.604,24.8167,5.2,0.1075
31-Aug-1994,0,4.573,22.5,5.1556,0.1048
01-Sep-1994,0,4.541,23.0722,4.6056,0.1021
02-Sep-1994,0.33,4.509,19.6889,4.0611,0.0994
03-Sep-1994,0.62,4.476,21.6778,1.6667,0.0806
04-Sep-1994,0,4.443,24,3.5,0.0806
05-Sep-1994,0,4.409,23.7333,5.4389,0.0806
06-Sep-1994,0,4.375,24.4444,6.1389,0.0806
07-Sep-1994,0,4.341,23.9167,6.9833,0.0752
08-Sep-1994,0,4.306,21.9056,7.7722,0.0699
09-Sep-1994,0.37,4.27,19.0278,7.25,0.0645
10-Sep-1994,0.81,4.235,16.4389,2.6833,0.0618
11-Sep-1994,0.03,4.198,14.6833,0.0611,0.0672
12-Sep-1994,5.4,4.162,11.5833,0.1167,0.086
13-Sep-1994,1.62,4.125,12.95,-0.0389,0.1263
14-Sep-1994,0.24,4.088,17.7667,0.0222,0.129
15-Sep-1994,0,4.05,19.4222,2.2111,0.1236
16-Sep-1994,0.01,4.012,21.0722,2.85,0.1182
17-Sep-1994,0,3.974,21.6278,5.1444,0.1155
18-Sep-1994,0.4,3.935,21.7167,4.5444,0.1129
19-Sep-1994,0.18,3.896,20.0944,6.3556,0.1129
20-Sep-1994,0.12,3.857,20.0944,4.6833,0.1155
21-Sep-1994,0.05,3.817,21.1222,5.0889,0.1129
22-Sep-1994,0,3.777,23.1778,4.8556,0.1102
23-Sep-1994,0.1,3.737,21.8111,5.5556,0.1075
24-Sep-1994,4.21,3.697,19.2778,5.3167,0.1048
25-Sep-1994,0.21,3.656,19.5667,3.5,0.1209
26-Sep-1994,0.45,3.616,22.6778,4.4333,0.1155
27-Sep-1994,0.05,3.575,23.2056,5.8556,0.1129
28-Sep-1994,5.84,3.534,15.4833,5.5722,0.1129
29-Sep-1994,4.27,3.492,12.0889,1.9611,0.1236
30-Sep-1994,0.6,3.451,15.1,-0.2278,0.1317
01-Oct-1994,0.01,3.409,17.2167,1.15,0.1236
02-Oct-1994,0.18,3.367,19.5111,2.2556,0.1209
03-Oct-1994,1.32,3.325,12.1222,-0.0056,0.1182
04-Oct-1994,32.45,3.283,3.8611,-0.9,0.1317
05-Oct-1994,3.66,3.241,7.1056,-2.1722,0.1693
06-Oct-1994,0.34,3.198,10.0556,-2.4222,0.1747
07-Oct-1994,0.12,3.156,13.0278,-1.9889,0.1773
08-Oct-1994,0.16,3.113,17.5556,-1.1333,0.1747
09-Oct-1994,1.14,3.071,16.5944,0.7167,0.172
10-Oct-1994,0.06,3.028,15.0167,2.2,0.1666
11-Oct-1994,0,2.986,14.6167,2.3167,0.1585
12-Oct-1994,0.79,2.943,11.0667,-0.7778,0.1558
13-Oct-1994,0.69,2.9,7.1778,-3.2333,0.1532
14-Oct-1994,0.7,2.857,7.8167,-2.8278,0.1478
15-Oct-1994,1.1,2.815,2.7389,-4.5278,0.1478
16-Oct-1994,0.48,2.772,4.5111,-7.2056,0.1478
17-Oct-1994,0.22,2.729,10.4167,-5.6222,0.1451
18-Oct-1994,0.08,2.687,12.7556,-3.3278,0.1478
19-Oct-1994,0.04,2.644,13.3111,-2.1611,0.1451
20-Oct-1994,0,2.602,13.2556,-1.3944,0.1424
21-Oct-1994,0.01,2.56,15.9611,-1.4167,0.1424
22-Oct-1994,0,2.517,16.6611,-0.8778,0.1451
23-Oct-1994,0.16,2.475,16.4222,-0.3944,0.1397
24-Oct-1994,0,2.433,14.8667,-0.1,0.1397
25-Oct-1994,0,2.391,14.5778,-0.6,0.1451
26-Oct-1994,0.04,2.349,14.1556,0.4056,0.1532
27-Oct-1994,0.1,2.308,16.5111,2.1222,0.1505
28-Oct-1994,0,2.266,14.7833,-0.8722,0.1478
29-Oct-1994,0.05,2.225,10.0278,-5.0778,0.1505
30-Oct-1994,0,2.184,10.8111,-5.3667,0.1505
31-Oct-1994,0.29,2.143,15.8722,-0.8556,0.1451
01-Nov-1994,7.79,2.103,10.5667,-1.4389,0.1478
02-Nov-1994,3.14,2.062,1.5889,-7.0556,0.1612
03-Nov-1994,1.85,2.022,-2.8833,-10.8389,0.1478
04-Nov-1994,2.11,1.982,3.9444,-9.9056,0.129
05-Nov-1994,33.95,1.943,4.2667,-0.8667,0.2553
06-Nov-1994,7.33,1.904,5.5,0.4889,0.5105
07-Nov-1994,12.95,1.865,2.9389,-1.8167,0.3762
08-Nov-1994,1.12,1.826,4.35,-4.9389,0.2821
09-Nov-1994,13.27,1.787,3.5444,-3.5889,0.215
10-Nov-1994,8.26,1.749,-0.1278,-8.9111,0.1988
11-Nov-1994,0.67,1.712,1.3111,-9.1611,0.1854
12-Nov-1994,2.23,1.674,0.3722,-9.5889,0.2015
13-Nov-1994,0.93,1.637,0.9444,-14.3,0.1827
14-Nov-1994,0.73,1.601,3.7778,-12.7111,0.1612
15-Nov-1994,4.55,1.564,1.6944,-8.9167,0.1935
16-Nov-1994,4.29,1.528,-2.2278,-11.85,0.2123
17-Nov-1994,28.21,1.493,-3.1722,-9.5389,0.3708
18-Nov-1994,12.06,1.458,-6.8944,-13.2167,0.3896
19-Nov-1994,1.91,1.423,-1.4056,-16.7444,0.3869
20-Nov-1994,0.74,1.389,2.1667,-10.4722,0.3359
21-Nov-1994,0.01,1.355,0.1667,-10.6722,0.2714
22-Nov-1994,0.01,1.322,3.0556,-13.8889,0.2445
23-Nov-1994,0.75,1.289,5.3556,-10.6333,0.2365
24-Nov-1994,1.23,1.257,5.4944,-6.6556,0.2391
25-Nov-1994,32.88,1.225,-0.1389,-7.9722,0.2123
26-Nov-1994,13.31,1.193,-4.5056,-13.4389,0.215
27-Nov-1994,2.78,1.163,-0.3111,-15.4222,0.266
28-Nov-1994,0.17,1.132,1.9222,-12.9,0.2472
29-Nov-1994,0.31,1.102,6.2833,-9.2,0.2445
30-Nov-1994,0.5,1.073,8.9611,-6.4056,0.2472
01-Dec-1994,0.63,1.044,8.1611,-4.9556,0.2687
02-Dec-1994,0.74,1.016,5.1667,-2.6333,0.2768
03-Dec-1994,8.91,0.988,3.5722,-1.2333,0.2741
04-Dec-1994,4.58,0.961,2.4056,-1.2833,0.3117
05-Dec-1994,3.3,0.935,3.0444,-3.1056,0.2929
06-Dec-1994,1.81,0.909,0.1889,-5.5056,0.2768
07-Dec-1994,0.79,0.883,-0.8833,-13.8556,0.2553
08-Dec-1994,0.15,0.858,0.7556,-15.95,0.223
09-Dec-1994,0.07,0.834,1.9944,-12.9389,0.2203
10-Dec-1994,0.83,0.811,3.7333,-11.2222,0.2741
11-Dec-1994,2.4,0.788,2.5944,-9.5556,0.2983
12-Dec-1994,14.82,0.765,-1.1722,-6.3333,0.258
13-Dec-1994,4.12,0.743,-2.6333,-11.4889,0.2418
14-Dec-1994,3.53,0.722,-2.1389,-13.3722,0.215
15-Dec-1994,1.01,0.702,1.4222,-12.8944,0.223
16-Dec-1994,1.08,0.682,6.4389,-5.7167,0.2284
17-Dec-1994,0.19,0.663,7.9,-4.7444,0.2338
18-Dec-1994,0.12,0.644,4.8278,-6.3111,0.2365
19-Dec-1994,0.08,0.627,8.1056,-7.2556,0.2257
20-Dec-1994,0.15,0.609,9.8889,-4.5556,0.2257
21-Dec-1994,0,0.593,9.6333,-5.6333,0.2284
22-Dec-1994,0.18,0.577,8.2611,-6.8111,0.2203
23-Dec-1994,0.13,0.562,6.8778,-7.0889,0.2203
24-Dec-1994,3.57,0.547,2.4,-6.9278,0.2391
25-Dec-1994,1.27,0.534,0.7778,-6.8222,0.2391
26-Dec-1994,0.95,0.521,5.5833,-8.0278,0.2338
27-Dec-1994,0.98,0.508,6.5556,-4.7944,0.2311
28-Dec-1994,5.86,0.497,1.55,-5.5056,0.2257
29-Dec-1994,0.11,0.486,-0.9833,-8.0833,0.2284
30-Dec-1994,0.3,0.475,2.5,-12.4278,0.2203
31-Dec-1994,0.92,0.466,2.5111,-11.2556,0.1827
01-Jan-1995,0.01,0.44,0.9611,-9.5833,0.2096
02-Jan-1995,0.29,0.442,1.35,-10.1167,0.2123
03-Jan-1995,0.87,0.435,-0.0722,-8.6778,0.2069
04-Jan-1995,18.71,0.429,-2.8556,-9.1667,0.2123
05-Jan-1995,15.39,0.424,-1.7056,-7.0889,0.2203
06-Jan-1995,12.69,0.419,0.9833,-6.6333,0.2472
07-Jan-1995,26.74,0.416,1.3278,-3.6111,0.3977
08-Jan-1995,10.8,0.413,2.1278,-2.3389,0.3224
09-Jan-1995,16.34,0.41,4.9278,0.3556,0.4192
10-Jan-1995,56.52,0.409,3.0278,-2.6389,1.9589
11-Jan-1995,12.24,0.408,0.9056,-4.85,1.3462
12-Jan-1995,7.26,0.408,3.0778,-2.6778,0.8303
13-Jan-1995,19.1,0.409,3.8,0.2444,0.8787
14-Jan-1995,32.03,0.41,2.9389,-2.3167,2.0556
15-Jan-1995,13.53,0.412,0.0611,-7.4889,1.4564
16-Jan-1995,2.41,0.415,-1.8833,-11.55,0.9646
17-Jan-1995,1.82,0.419,-1.3833,-14.2444,0.7497
18-Jan-1995,0.89,0.423,2.0667,-9.4056,0.6556
19-Jan-1995,1.81,0.428,3.25,-9.3556,0.5804
20-Jan-1995,1.03,0.434,2.0889,-8.3222,0.5508
21-Jan-1995,1.23,0.44,1.6333,-9.9278,0.524
22-Jan-1995,5.18,0.447,1.8389,-5.9889,0.5079
23-Jan-1995,6.43,0.455,1.8222,-3.7111,0.4971
24-Jan-1995,12.85,0.464,1.5333,-3.0389,0.4998
25-Jan-1995,6.54,0.473,1.9389,-3.4444,0.489
26-Jan-1995,6.49,0.483,-0.5444,-4.4389,0.4649
27-Jan-1995,9.36,0.494,1.4167,-3.3444,0.4595
28-Jan-1995,1.67,0.506,4.3333,-1.9778,0.4487
29-Jan-1995,0.46,0.518,7.3556,-1.6833,0.4434
30-Jan-1995,1.59,0.531,7.7667,-0.2556,0.4917
31-Jan-1995,1.07,0.545,11.2278,1.3722,0.618
01-Feb-1995,0.29,0.559,11.5889,-0.6278,1.005
02-Feb-1995,0.7,0.574,12.0889,-3.3944,1.0426
03-Feb-1995,0.47,0.589,12.2056,-3.1611,0.8867
04-Feb-1995,0.13,0.606,12.6556,-3.05,0.7792
05-Feb-1995,4.73,0.623,12.8944,-3.1167,0.7551
06-Feb-1995,0,0.641,10.4722,-3.1611,0.7524
07-Feb-1995,0.13,0.659,9.3,-4.4167,0.7255
08-Feb-1995,0.57,0.678,4.7944,-4.3778,0.6798
09-Feb-1995,0.29,0.698,6.0667,-4.4222,0.6449
10-Feb-1995,0.02,0.718,7.9389,-6.6444,0.618
11-Feb-1995,0.83,0.739,7.9667,-5.5111,0.5911
12-Feb-1995,0.38,0.761,4.2667,-4.4667,0.5723
13-Feb-1995,10.48,0.783,1.0056,-4.2944,0.5643
14-Feb-1995,6.84,0.806,1.05,-13.4833,0.5562
15-Feb-1995,2.45,0.829,5.0722,-12.3333,0.532
16-Feb-1995,1.08,0.853,6.8722,-8.5611,0.5428
17-Feb-1995,0.28,0.878,9.2,-5.6833,0.5374
18-Feb-1995,0.39,0.903,11.8611,-4.4333,0.5293
19-Feb-1995,0.34,0.929,15.8,-3.1444,0.5482
20-Feb-1995,0.02,0.955,15.8389,-2.5,0.618
21-Feb-1995,0.12,0.982,14.5222,-2.7611,0.6798
22-Feb-1995,0.05,1.01,12.9222,-3.6611,0.7255
23-Feb-1995,0.1,1.038,14,-3.5,0.7389
24-Feb-1995,0,1.067,13.5222,-3.2,0.7389
25-Feb-1995,0.03,1.096,12.75,-3.3222,0.7389
26-Feb-1995,0.22,1.126,11.5667,-4.1333,0.7551
27-Feb-1995,0.03,1.156,10.7611,-2.9667,0.7201
28-Feb-1995,1.5,1.187,7.8444,-1.8111,0.6959
01-Mar-1995,2.77,1.218,5.4167,-1.2389,0.6852
02-Mar-1995,7.18,1.25,5.3556,-2.1444,0.6718
03-Mar-1995,24.78,1.282,2.0333,-4.5778,0.8088
04-Mar-1995,3.93,1.315,3.4111,-7.2333,0.7148
05-Mar-1995,1.2,1.348,3.9889,-7.15,0.6664
06-Mar-1995,0.88,1.382,7.7167,-11.3167,0.6126
07-Mar-1995,2.07,1.416,8.8667,-8.8833,0.5885
08-Mar-1995,2.96,1.451,7.5278,-1.65,0.5723
09-Mar-1995,73.51,1.486,5.4111,0.9111,4.2993
10-Mar-1995,96.2,1.521,2.2833,-1.0222,9.4315
11-Mar-1995,22.09,1.557,3.2333,-2.5778,5.2666
12-Mar-1995,4.06,1.593,3.9556,-3.1333,2.9289
13-Mar-1995,6.57,1.629,5.9944,-1.3611,2.327
14-Mar-1995,3.65,1.666,7.7611,0.8611,2.3243
15-Mar-1995,2.12,1.704,10.6611,-0.8333,2.3458
16-Mar-1995,2.98,1.741,10.7111,-3.1611,2.155
17-Mar-1995,2.31,1.779,12.8778,-4.5667,1.8594
18-Mar-1995,12.89,1.818,7.3167,-1.5611,2.0422
19-Mar-1995,3.89,1.856,8.85,-4.0944,2.2491
20-Mar-1995,38.84,1.895,4.9556,-3.2222,2.6467
21-Mar-1995,19.23,1.935,-1.3167,-7.3889,2.4425
22-Mar-1995,25.66,1.974,-1.8667,-7.8722,2.0072
23-Mar-1995,31.39,2.014,-1.8444,-10.0222,1.7896
24-Mar-1995,5.4,2.054,-0.6056,-11.9278,1.6283
25-Mar-1995,1.21,2.094,-0.1389,-12.7333,1.5021
26-Mar-1995,2.15,2.135,2.3278,-14.5556,1.3892
27-Mar-1995,1.09,2.176,2.4278,-12.1222,1.3408
28-Mar-1995,1.07,2.217,2.4056,-9.1278,1.2844
29-Mar-1995,3.46,2.258,4.2722,-10.4389,1.1877
30-Mar-1995,1.03,2.299,9.1389,-9.7944,1.2092
31-Mar-1995,1.15,2.341,12.2167,-6.8,1.3919
01-Apr-1995,0.63,2.382,9.3278,-2.1278,1.6095
02-Apr-1995,0.53,2.424,8.4778,-3.4944,1.5934
03-Apr-1995,0.42,2.466,15.0389,-4.9278,1.5343
04-Apr-1995,0.82,2.508,14.9278,-2.5111,1.674
05-Apr-1995,0.05,2.551,13.7667,-1.2833,1.8164
06-Apr-1995,1.56,2.593,8.9111,0.2778,1.9642
07-Apr-1995,17.06,2.635,6.4778,-0.7944,2.1926
08-Apr-1995,3.32,2.678,2.4944,-5.5833,2.3162
09-Apr-1995,1.09,2.72,2.2833,-11.7167,1.9669
10-Apr-1995,1.51,2.763,9.8667,-8.9833,1.7923
11-Apr-1995,0.1,2.806,12.5611,-2.9222,1.8084
12-Apr-1995,1.73,2.848,11.7944,-0.6389,2.0341
13-Apr-1995,23.34,2.891,4.8722,-6.5611,2.4479
14-Apr-1995,2.58,2.934,2.5167,-11.4444,2.1254
15-Apr-1995,0.56,2.977,2.0389,-9.5056,1.94
16-Apr-1995,4.68,3.019,1.4556,-7.0278,1.8057
17-Apr-1995,2.01,3.062,3.3389,-7.9444,1.6525
18-Apr-1995,1.61,3.104,2.8222,-6,1.5612
19-Apr-1995,1.49,3.147,5.0222,-7.1333,1.4698
20-Apr-1995,5.28,3.189,2.0667,-7.45,1.4349
21-Apr-1995,3.15,3.232,4.0833,-8.9611,1.3919
22-Apr-1995,2.3,3.274,10.9444,-7.55,1.3032
23-Apr-1995,0.09,3.316,13.8889,-4.3056,1.322
24-Apr-1995,0.63,3.358,15.2556,-2.45,1.5424
25-Apr-1995,0.14,3.4,14.9778,-1.0389,2.155
26-Apr-1995,1.68,3.442,14.7278,-2.0889,2.5285
27-Apr-1995,9.33,3.483,8.3778,0.7167,2.7945
28-Apr-1995,11.28,3.525,6.1278,0.7389,2.9557
29-Apr-1995,26.91,3.566,6.1667,1.8889,3.52
30-Apr-1995,14.84,3.607,10.5778,1.1278,5.0248
01-May-1995,38.06,3.648,6.85,0.0167,7.6849
02-May-1995,5.03,3.689,8.9444,-3.4889,6.4758
03-May-1995,0.76,3.729,10.8944,-2.85,4.6755
04-May-1995,1.38,3.769,9.6111,-0.8889,4.2993
05-May-1995,2.27,3.809,4.7833,-2.8722,3.8962
06-May-1995,2.04,3.848,5.4944,-3.3389,3.4932
07-May-1995,1.31,3.888,8.4111,-2.75,3.0901
08-May-1995,0.73,3.927,10.3444,-1.7611,2.9826
09-May-1995,0.1,3.965,10.5389,-1.1444,3.2782
10-May-1995,0.66,4.004,11.3,-0.8444,3.3857
11-May-1995,0.15,4.042,8.5778,-0.5444,3.7887
12-May-1995,3.24,4.08,5.3611,-4.7056,3.7081
13-May-1995,19.45,4.117,3.9222,-5.2944,3.3051
14-May-1995,26.17,4.154,4.8222,-2.9,3.0901
15-May-1995,6.29,4.191,7.1722,-3.0444,3.0364
16-May-1995,3.52,4.227,10.85,-4.6389,2.9557
17-May-1995,0.99,4.263,13.65,0,2.9826
18-May-1995,1.65,4.298,15.9111,0.1444,3.1976
19-May-1995,1.19,4.333,16.9222,0.7278,3.8962
20-May-1995,0.13,4.368,16.75,0.6056,4.7829
21-May-1995,0.2,4.402,15.7444,1.7333,5.589
22-May-1995,11.97,4.436,9.9833,2.3778,6.2339
23-May-1995,1.99,4.469,12.1444,1.0833,5.6965
24-May-1995,7.16,4.502,9.5111,0.0778,5.6159
25-May-1995,3.12,4.535,11.2444,-1.3722,4.5948
26-May-1995,2.25,4.566,14.55,0.0333,4.7023
27-May-1995,0.42,4.598,14.8278,2.0722,5.6159
28-May-1995,0.74,4.629,15.2778,0.25,5.589
29-May-1995,0.88,4.659,17.9556,0.9389,6.2071
30-May-1995,0.49,4.689,19.0722,2.6056,6.7176
31-May-1995,0.15,4.718,19.0444,4.4167,7.3625
01-Jun-1995,4.55,4.747,18.3556,3.3333,8.4373
02-Jun-1995,1.64,4.775,16.0278,1.6056,8.8672
03-Jun-1995,1.21,4.803,17.4,1.7556,7.8462
04-Jun-1995,1.65,4.83,17.4278,3.0944,8.2492
05-Jun-1995,1.02,4.857,10.7278,0.0389,8.7598
06-Jun-1995,5.78,4.883,6.8389,-4.9889,6.637
07-Jun-1995,3.42,4.908,5.3444,-5.1278,5.186
08-Jun-1995,3.23,4.933,9.7389,-3.7944,4.2455
09-Jun-1995,1.83,4.957,14.6056,-1.2944,4.0037
10-Jun-1995,1.51,4.981,18.5222,1.8944,4.8098
11-Jun-1995,1.03,5.004,19.4944,6.6167,6.4758
12-Jun-1995,0.4,5.026,20.6389,4.8278,7.2819
13-Jun-1995,0.06,5.048,19.2444,4.4056,7.255
14-Jun-1995,1.36,5.069,12.4667,3.7722,7.3625
15-Jun-1995,5.18,5.089,7.8833,-0.9444,6.1802
16-Jun-1995,1.24,5.109,9.1611,-3.8778,4.8367
17-Jun-1995,0.95,5.128,11.0389,-0.3222,4.3799
18-Jun-1995,0.2,5.147,11.55,2.7444,4.7292
19-Jun-1995,0.35,5.165,12.6667,-0.3333,5.2666
20-Jun-1995,0,5.182,12.5444,-2.5556,5.0516
21-Jun-1995,0.68,5.198,16.05,-1.7333,4.8635
22-Jun-1995,0.02,5.214,19.3278,1.6667,5.2935
23-Jun-1995,0.66,5.229,22.45,4.0333,5.9652
24-Jun-1995,0.18,5.244,24.25,5.9,6.8251
25-Jun-1995,0.11,5.258,25.1833,6.9722,7.7118
26-Jun-1995,2.54,5.271,24.95,7.4056,7.9536
27-Jun-1995,0.88,5.283,23.9778,5.9722,7.5506
28-Jun-1995,0.94,5.295,23.6056,6.1444,7.7655
29-Jun-1995,1.17,5.306,21.7056,5.8667,7.6043
30-Jun-1995,1.28,5.316,20.6611,5.3389,6.9863
01-Jul-1995,0.35,5.325,20.2333,5.0667,7.0132
02-Jul-1995,0.66,5.334,20.0833,4.7722,6.5833
03-Jul-1995,0.17,5.342,20.8667,5.3889,6.4489
04-Jul-1995,0.05,5.35,22.9278,4.0722,6.3952
05-Jul-1995,0,5.356,23.9556,6.7222,6.2339
06-Jul-1995,0,5.362,21.0944,7.8222,6.7176
07-Jul-1995,0.05,5.367,21.3278,7.4,6.9863
08-Jul-1995,1.11,5.372,20.8722,7.8722,6.9594
09-Jul-1995,0.23,5.376,20.2056,9.8444,6.9594
10-Jul-1995,0.35,5.379,19.3,6.5556,6.4758
11-Jul-1995,0,5.381,18.5111,4.5556,5.6965
12-Jul-1995,0,5.382,15.2889,3.2278,4.9979
13-Jul-1995,0,5.383,18.2778,0.65,4.2993
14-Jul-1995,0,5.383,22.7611,3.8444,4.138
15-Jul-1995,0,5.383,24.8944,6.1833,4.138
16-Jul-1995,0.1,5.381,26.4056,8.0278,4.2455
17-Jul-1995,0.21,5.379,21.4778,8.3167,4.2455
18-Jul-1995,0.41,5.376,20.8556,6.4167,4.0574
19-Jul-1995,0.04,5.373,21.6333,5.4056,3.9499
20-Jul-1995,0.1,5.368,22.4778,5.75,3.7887
21-Jul-1995,0.01,5.363,21.5667,5.2167,3.7081
22-Jul-1995,0,5.358,21,3.35,3.6006
23-Jul-1995,0.01,5.351,23.4444,3.4722,3.2782
24-Jul-1995,0.01,5.344,25.4222,5.1222,3.0901
25-Jul-1995,0.01,5.336,24.8111,5.1222,2.9826
26-Jul-1995,0,5.327,25.9722,6.5833,2.8483
27-Jul-1995,0.59,5.318,26.9611,8.4556,2.7408
28-Jul-1995,0.05,5.308,26.9333,11.5556,2.8751
29-Jul-1995,0,5.297,24.0278,10.4111,3.0632
30-Jul-1995,0,5.286,24.0222,6.0667,3.0095
31-Jul-1995,0,5.273,26.3167,6.0611,2.6467
01-Aug-1995,0,5.26,27.2,8.75,2.4694
02-Aug-1995,0,5.247,26.7944,8.8778,2.3727
03-Aug-1995,0,5.232,26.7333,8.6222,2.2249
04-Aug-1995,0,5.217,27.1111,8.7333,2.1389
05-Aug-1995,0,5.202,26.4167,9.1944,2.1147
06-Aug-1995,0,5.185,24.7111,7.8944,2.0798
07-Aug-1995,0,5.168,21.4167,7.4167,1.9293
08-Aug-1995,0,5.151,22.0778,3.2944,1.8514
09-Aug-1995,0,5.132,23.5833,5.8611,1.6579
10-Aug-1995,0,5.113,20.7778,8.3667,1.5612
11-Aug-1995,0,5.094,21.7722,4.5556,1.4671
12-Aug-1995,0,5.073,23.3389,4.9111,1.3435
13-Aug-1995,0,5.052,24.5,5.1167,1.2817
14-Aug-1995,0,5.031,25.8889,6.0111,1.2199
15-Aug-1995,0.01,5.009,24.3556,8.1056,1.1689
16-Aug-1995,0,4.986,20.3111,8.5722,1.1232
17-Aug-1995,0,4.962,18.0833,4.9722,1.1286
18-Aug-1995,0.03,4.938,20.65,1.1444,1.1044
19-Aug-1995,0.01,4.913,24.55,4.2722,1.0238
20-Aug-1995,0.19,4.888,25.7,7.5389,0.97
21-Aug-1995,2.92,4.862,24.05,10.15,1.0076
22-Aug-1995,0.15,4.836,24.1444,10.0833,1.0103
23-Aug-1995,0.05,4.809,22.9611,9.9389,0.962
24-Aug-1995,0.05,4.781,21.4278,8.5111,0.9405
25-Aug-1995,0,4.753,22.5722,5.3111,0.8813
26-Aug-1995,0.04,4.724,23.0389,5.3111,0.7981
27-Aug-1995,0.04,4.695,22.1111,4.75,0.7443
28-Aug-1995,0,4.665,21.1278,5.05,0.7094
29-Aug-1995,0,4.635,22.0333,5.8944,0.6691
30-Aug-1995,0.06,4.604,24.0556,5.0222,0.6315
31-Aug-1995,0,4.573,25.4,5.4722,0.61
01-Sep-1995,0,4.541,24.8833,7.0389,0.5911
02-Sep-1995,0,4.509,23.8667,9.6722,0.575
03-Sep-1995,0.05,4.476,22.8389,9.4667,0.5885
04-Sep-1995,0,4.443,22.1333,7.4889,0.5965
05-Sep-1995,0.01,4.409,23.5056,3.8222,0.5858
06-Sep-1995,0,4.375,23.6278,4.2111,0.5508
07-Sep-1995,0,4.341,22.7889,5.0167,0.5186
08-Sep-1995,0,4.306,22.1833,4.0389,0.524
09-Sep-1995,0,4.27,22.3278,4.6056,0.5616
10-Sep-1995,0,4.235,22.1944,4.6944,0.5616
11-Sep-1995,0.07,4.198,23.5556,5.7056,0.5428
12-Sep-1995,0,4.162,24.4778,6.2722,0.532
13-Sep-1995,0,4.125,25.4556,6.4556,0.5186
14-Sep-1995,0,4.088,26.1444,6.9778,0.5105
15-Sep-1995,0,4.05,25.3278,7.4111,0.4917
16-Sep-1995,0,4.012,21.9111,7.5722,0.4783
17-Sep-1995,0,3.974,20.95,3.5278,0.4756
18-Sep-1995,0,3.935,22.3278,5.0278,0.481
19-Sep-1995,0,3.896,24.4167,5.7722,0.5025
20-Sep-1995,0,3.857,23.6167,6.3833,0.4944
21-Sep-1995,0,3.817,20.6611,3.3389,0.481
22-Sep-1995,0,3.777,20.1333,3.8611,0.481
23-Sep-1995,0,3.737,20.0167,4.2278,0.481
24-Sep-1995,0,3.697,19.2611,3.8167,0.489
25-Sep-1995,1.97,3.656,17.3278,2.9056,0.4944
26-Sep-1995,1.15,3.616,17.1333,1.0611,0.4944
27-Sep-1995,0,3.575,17.1222,0.1389,0.4864
28-Sep-1995,0,3.534,14.5167,-0.3611,0.4756
29-Sep-1995,0.16,3.492,13.6111,-3.1722,0.4837
30-Sep-1995,0,3.451,16.2333,-1.6111,0.481
01-Oct-1995,0,3.409,16.4833,-0.9444,0.4702
02-Oct-1995,0,3.367,18.8389,-0.1778,0.4568
03-Oct-1995,0,3.325,18.4667,0.35,0.446
04-Oct-1995,0,3.283,14.3278,-3.3778,0.438
05-Oct-1995,0,3.241,15.4944,-4.5222,0.395
06-Oct-1995,0,3.198,15.7389,-0.7889,0.3789
07-Oct-1995,0,3.156,16.7833,0.8278,0.3574
08-Oct-1995,0,3.113,17.1778,-0.7278,0.3466
09-Oct-1995,0,3.071,19.0222,0.2556,0.3439
10-Oct-1995,0.04,3.028,20.9611,1.75,0.3198
11-Oct-1995,0,2.986,17.4056,4,0.3036
12-Oct-1995,0,2.943,14.7333,0.4056,0.2956
13-Oct-1995,0,2.9,14.6278,-2.9056,0.3063
14-Oct-1995,0,2.857,19.2167,-0.5278,0.3117
15-Oct-1995,0,2.815,18.8222,0.7333,0.3063
16-Oct-1995,0,2.772,17.9444,0.5667,0.2983
17-Oct-1995,0,2.729,20.9111,-0.2222,0.2983
18-Oct-1995,0,2.687,19.0833,1.4,0.2929
19-Oct-1995,0,2.644,18.2056,-0.8389,0.2848
20-Oct-1995,0,2.602,18.5778,2.3444,0.2821
21-Oct-1995,0,2.56,16.3167,-1.9222,0.2687
22-Oct-1995,0,2.517,8.1778,-6.4833,0.2714
23-Oct-1995,0.23,2.475,10.4944,-5.2556,0.2741
24-Oct-1995,0,2.433,12.75,-4.1611,0.2848
25-Oct-1995,0,2.391,14.7278,-3.6944,0.2795
26-Oct-1995,0,2.349,18.5222,1.0389,0.2768
27-Oct-1995,0,2.308,18.4556,0.7778,0.2741
28-Oct-1995,0,2.266,15.9556,1.9778,0.2687
29-Oct-1995,0,2.225,16.3278,2.45,0.2687
30-Oct-1995,0,2.184,15.85,0.3333,0.266
31-Oct-1995,0,2.143,12.25,2.1333,0.266
01-Nov-1995,0.31,2.103,12.0722,-2.2722,0.2687
02-Nov-1995,0.39,2.062,10.1167,-4.6944,0.2633
03-Nov-1995,0.39,2.022,9.3389,-5.2278,0.2606
04-Nov-1995,0,1.982,11.6722,-6.4889,0.258
05-Nov-1995,0,1.943,10.6167,-1.9667,0.2687
06-Nov-1995,0.11,1.904,11.7556,-1.0611,0.2633
07-Nov-1995,0,1.865,15.2278,-0.8222,0.2606
08-Nov-1995,0,1.826,13.8889,0.3167,0.2633
09-Nov-1995,0,1.787,10.5111,1.5222,0.258
10-Nov-1995,0,1.749,11.6611,-2.5667,0.2606
11-Nov-1995,0,1.712,15.1167,-0.1278,0.258
12-Nov-1995,0,1.674,16.0389,1.2667,0.2633
13-Nov-1995,0.01,1.637,16.6667,0.1222,0.2633
14-Nov-1995,0,1.601,16.6611,-0.25,0.2633
15-Nov-1995,0,1.564,15.7333,0.0278,0.2606
16-Nov-1995,0,1.528,14.8222,0.3444,0.2553
17-Nov-1995,0.12,1.493,16.6556,-0.4,0.2526
18-Nov-1995,0,1.458,14.1167,1.5,0.2472
19-Nov-1995,0,1.423,13.8278,-1.3333,0.2526
20-Nov-1995,0,1.389,14.7056,-1.0556,0.2553
21-Nov-1995,0,1.355,10.7222,-1.3833,0.2526
22-Nov-1995,0.01,1.322,13.3056,-3.1778,0.2499
23-Nov-1995,0,1.289,15.7111,-2.3222,0.2499
24-Nov-1995,0,1.257,15.5056,0.2944,0.2526
25-Nov-1995,4.23,1.225,13.5,-1.1667,0.2499
26-Nov-1995,3.48,1.193,5.5833,-6.5056,0.2795
27-Nov-1995,0.46,1.163,5.7056,-8.75,0.2553
28-Nov-1995,0.14,1.132,9.8444,-2.6722,0.2526
29-Nov-1995,0.09,1.102,13.7333,-1.5778,0.266
30-Nov-1995,0.5,1.073,13.1278,0.9111,0.2714
01-Dec-1995,0.19,1.044,10.3333,0.3556,0.2633
02-Dec-1995,0.43,1.016,8.5611,-1.5389,0.258
03-Dec-1995,2.33,0.988,8.1444,-4.05,0.2472
04-Dec-1995,4.78,0.961,7.5778,1.4278,0.2741
05-Dec-1995,2.46,0.935,7.9889,1.0611,0.3654
06-Dec-1995,1.11,0.909,9.6389,-1.1167,0.309
07-Dec-1995,2.98,0.883,8.4,-1.5667,0.2902
08-Dec-1995,0.01,0.858,9.4944,-2.9278,0.2768
09-Dec-1995,0,0.834,10.6167,-1.7278,0.2714
10-Dec-1995,0.58,0.811,10.7333,-1.6222,0.258
11-Dec-1995,57.94,0.788,6.6333,0.1889,0.3117
12-Dec-1995,70.6,0.765,5.1556,-1.7389,2.327
13-Dec-1995,18.72,0.743,1.2444,-4.3167,0.8491
14-Dec-1995,5.83,0.722,3.0278,-7.9944,0.5777
15-Dec-1995,4.75,0.702,0.6889,-7.2222,0.4917
16-Dec-1995,1.05,0.682,-0.5167,-9.4722,0.4434
17-Dec-1995,0.41,0.663,0.8,-12.2889,0.3869
18-Dec-1995,0.72,0.644,0.6389,-9.6611,0.4004
19-Dec-1995,0.02,0.627,1.3444,-11.3111,0.3628
20-Dec-1995,0.08,0.609,0.5167,-11.5444,0.3493
21-Dec-1995,0.04,0.593,0.5278,-12.7833,0.3413
22-Dec-1995,3.04,0.577,0.2667,-10.6333,0.3171
23-Dec-1995,1.29,0.562,-2.9556,-10.1611,0.3681
24-Dec-1995,0.3,0.547,-2.0111,-12.9889,0.3171
25-Dec-1995,0.27,0.534,2.5278,-12.7722,0.2956
26-Dec-1995,0.31,0.521,5.3111,-9.0833,0.2821
27-Dec-1995,1.11,0.508,5.2722,-7.1389,0.2768
28-Dec-1995,1.45,0.497,3.3111,-8.2944,0.3063
29-Dec-1995,4.24,0.486,3.2778,-3.0167,0.3439
30-Dec-1995,2.26,0.475,8.2722,1.5389,0.4514
31-Dec-1995,0.49,0.466,8.4611,-2.3389,0.5616
01-Jan-1996,0.11,0.44,7.6444,-6,0.4649
02-Jan-1996,0.1,0.442,10.5111,-3.6944,0.4192
03-Jan-1996,0.02,0.435,8.9056,-1.6944,0.4084
04-Jan-1996,0,0.429,8.2333,-2.0333,0.3977
05-Jan-1996,0,0.424,7.4667,-2.3667,0.3842
06-Jan-1996,0.25,0.419,11.5778,-2.2389,0.3762
07-Jan-1996,0.21,0.416,12.2111,-1.8833,0.3708
08-Jan-1996,0.02,0.413,11.2056,-0.4667,0.3735
09-Jan-1996,0.03,0.41,8.7333,-1.5056,0.3708
10-Jan-1996,0.53,0.409,7.3611,-3.8722,0.3681
11-Jan-1996,0.01,0.408,9.3167,-4.4222,0.352
12-Jan-1996,0.02,0.408,12.2333,-2.6333,0.352
13-Jan-1996,0.02,0.409,11.0667,-2.5278,0.3547
14-Jan-1996,0.52,0.41,11.3889,-3.6722,0.3493
15-Jan-1996,5.92,0.412,6.2167,-1.8056,0.3574
16-Jan-1996,46.16,0.415,3.1611,-1.8889,0.5965
17-Jan-1996,2.9,0.419,1.6167,-7.8222,0.5938
18-Jan-1996,24.63,0.423,0.0444,-5.6778,0.4971
19-Jan-1996,16.89,0.428,-0.8944,-7.0333,0.4568
20-Jan-1996,1.57,0.434,0.2444,-9.3944,0.4057
21-Jan-1996,19.96,0.44,-2.0222,-11.0167,0.4407
22-Jan-1996,1.1,0.447,-3.0389,-15.6,0.3842
23-Jan-1996,7.87,0.455,-2.2222,-14.2944,0.4004
24-Jan-1996,28.12,0.464,-0.4167,-4.8889,0.4165
25-Jan-1996,10.82,0.473,-0.4111,-9.3,0.3816
26-Jan-1996,1.85,0.483,0.9389,-11.3167,0.3601
27-Jan-1996,35.64,0.494,0.5944,-6.3111,0.4487
28-Jan-1996,5.23,0.506,1.6389,-7.5389,0.4004
29-Jan-1996,1.37,0.518,2.3278,-6.1556,0.3923
30-Jan-1996,4,0.531,5.1833,-1.9778,0.4111
31-Jan-1996,3.47,0.545,3.1111,-2.35,0.4299
01-Feb-1996,0.08,0.559,4.2278,-6.3111,0.4272
02-Feb-1996,0.06,0.574,4.9333,-5.8778,0.4219
03-Feb-1996,5.16,0.589,5.3778,-5.1889,0.4192
04-Feb-1996,54.46,0.606,4.6278,-0.1611,1.6901
05-Feb-1996,10.58,0.623,6.7611,0.4167,5.3741
06-Feb-1996,0.29,0.641,9.5444,-1.0389,2.9289
07-Feb-1996,0.16,0.659,12.3944,-0.3833,1.8863
08-Feb-1996,0.25,0.678,12.9056,1.7722,1.6391
09-Feb-1996,0.05,0.698,12.4278,0.2556,1.5827
10-Feb-1996,0,0.718,9.6889,-0.9722,1.4107
11-Feb-1996,0.05,0.739,9.9,-2.9611,1.2468
12-Feb-1996,0.04,0.761,9.7778,-2.8667,1.1823
13-Feb-1996,0.05,0.783,11.7778,-3.2556,1.1474
14-Feb-1996,0.15,0.806,12.6056,-3.5889,1.1071
15-Feb-1996,1.31,0.829,13.2556,-2.8111,1.0668
16-Feb-1996,1.23,0.853,9.6667,-0.65,1.1581
17-Feb-1996,4.94,0.878,6.8167,-0.8333,1.3435
18-Feb-1996,8.41,0.903,6.2056,-1.6611,1.2763
19-Feb-1996,64.47,0.929,2.2889,-2.2889,2.1469
20-Feb-1996,16.63,0.955,1.2889,-3.3611,2.5312
21-Feb-1996,33.73,0.982,-0.8611,-6.4667,1.5719
22-Feb-1996,9.18,1.01,-2.8833,-12.9056,1.2495
23-Feb-1996,2.99,1.038,1.7667,-13.2222,1.1339
24-Feb-1996,7.37,1.067,-2.9667,-10.6,1.0883
25-Feb-1996,8.5,1.096,-5.0167,-14.1722,0.9835
26-Feb-1996,2.83,1.126,-5.4778,-15.1833,0.9109
27-Feb-1996,1.36,1.156,-3.5167,-14.9722,0.8491
28-Feb-1996,1.91,1.187,-1.7944,-14.3278,0.8088
29-Feb-1996,1.15,1.218,1.1778,-11.1778,0.7604
01-Mar-1996,2.92,1.25,5.5056,-10.9167,0.7362
02-Mar-1996,1.64,1.282,9.8556,-9.25,0.7497
03-Mar-1996,7.77,1.315,8.2056,-4.45,0.8572
04-Mar-1996,29.04,1.348,1.8778,-3.7222,1.2602
05-Mar-1996,16.63,1.382,-1.6722,-10.4111,1.005
06-Mar-1996,8.05,1.416,4.7111,-14.2111,0.8652
07-Mar-1996,0.16,1.451,9.2167,-5.8556,0.9646
08-Mar-1996,1.2,1.486,12.5389,-4.7944,0.9969
09-Mar-1996,1.01,1.521,12.2778,-0.3611,1.1823
10-Mar-1996,0.51,1.557,8.9278,-1.1222,1.3167
11-Mar-1996,10.94,1.593,4.5222,-2.7222,1.3973
12-Mar-1996,26.83,1.629,0.2667,-3.8278,1.2844
13-Mar-1996,5.6,1.666,-0.5944,-3.7833,1.1097
14-Mar-1996,1.58,1.704,5.1833,-4.4611,1.0479
15-Mar-1996,2.04,1.741,10.4833,-6.5444,1.1124
16-Mar-1996,0.4,1.779,10.4944,-5.0667,1.2253
17-Mar-1996,0.73,1.818,14.7389,-2.9611,1.3381
18-Mar-1996,0.11,1.856,15.8556,-2.7778,1.5988
19-Mar-1996,0.1,1.895,15.7056,-1.7611,1.8648
20-Mar-1996,0.01,1.935,15.8333,-0.7,2.1496
21-Mar-1996,2.21,1.974,14.55,-1.2444,2.2437
22-Mar-1996,2.58,2.014,5.7444,-4.8611,2.1846
23-Mar-1996,2.75,2.054,2.1611,-10.5722,1.8111
24-Mar-1996,0.72,2.094,6.1278,-9.65,1.5477
25-Mar-1996,1.62,2.135,5.0167,-7.3944,1.4214
26-Mar-1996,1.48,2.176,11.5167,-11.0167,1.3247
27-Mar-1996,3.66,2.217,7.7389,-3.1111,1.3596
28-Mar-1996,15.29,2.258,1.7833,-7.7944,1.6445
29-Mar-1996,1.99,2.299,7.8,-11.9778,1.3516
30-Mar-1996,0.2,2.341,10.1722,-4.4778,1.3328
31-Mar-1996,1.46,2.382,12.1722,-3.8444,1.3381
01-Apr-1996,22.4,2.424,6.9222,-2.2667,1.5612
02-Apr-1996,3.33,2.466,7.0556,-4.5056,1.7358
03-Apr-1996,0.39,2.508,8.1167,-4.7667,1.5289
04-Apr-1996,0.12,2.551,8.8111,-4.5167,1.4349
05-Apr-1996,0.52,2.593,13.0833,-4.7944,1.4752
06-Apr-1996,0.25,2.635,16.5333,-2.0056,1.6498
07-Apr-1996,0.48,2.678,18.1333,-0.6278,1.9803
08-Apr-1996,0,2.72,17.8444,0.4778,2.5016
09-Apr-1996,0.02,2.763,13.2278,-0.4278,2.9557
10-Apr-1996,0.65,2.806,10.6167,-3.8611,2.8214
11-Apr-1996,0.34,2.848,10.7111,-5.7556,2.5446
12-Apr-1996,0.03,2.891,6.1056,-4.85,2.4479
13-Apr-1996,0.34,2.934,9.7722,-7.7333,2.1819
14-Apr-1996,0.87,2.977,14.1056,-4.25,2.2061
15-Apr-1996,1.82,3.019,11.7833,-0.6222,2.5742
16-Apr-1996,24.81,3.062,4.6833,-1.55,3.0095
17-Apr-1996,13.93,3.104,4.4278,-4.3889,2.4425
18-Apr-1996,7.81,3.147,3.5889,-7.4,2.2732
19-Apr-1996,0.78,3.189,4.3722,-8.7389,1.9239
20-Apr-1996,0.25,3.232,5.1722,-9.0333,1.7466
21-Apr-1996,0.97,3.274,8.1167,-8.7611,1.6042
22-Apr-1996,1.64,3.316,12.05,-3.3111,1.5558
23-Apr-1996,0.04,3.358,14.7556,0.9444,1.6713
24-Apr-1996,0.16,3.4,12.3722,3.2889,2.4318
25-Apr-1996,0.19,3.442,17.6278,0.6389,3.3051
26-Apr-1996,0.02,3.483,18.0056,1.6778,3.8962
27-Apr-1996,0.13,3.525,15.7667,-1.6889,4.3261
28-Apr-1996,0.02,3.566,12.7222,-3.6611,3.9768
29-Apr-1996,0.2,3.607,18.6333,-2.35,3.7081
30-Apr-1996,1.26,3.648,19.6167,0.75,4.4067
01-May-1996,0.01,3.689,19.1889,1.2278,4.7292
02-May-1996,0.39,3.729,15.6167,1.7111,4.8635
03-May-1996,0,3.769,13.0833,1.2556,4.6217
04-May-1996,0.53,3.809,13.4389,-0.3889,4.1649
05-May-1996,0.47,3.848,14.0667,2.25,4.0574
06-May-1996,0,3.888,14.3556,1.7889,4.2993
07-May-1996,0,3.927,13.8222,2.3778,4.2993
08-May-1996,0.05,3.965,12.3333,0.4278,4.4336
09-May-1996,0,4.004,14.4667,-1.5444,4.1918
10-May-1996,1.17,4.042,18.4333,0.3056,4.3261
11-May-1996,0.03,4.08,22.1389,3.3278,4.7023
12-May-1996,0.19,4.117,23.35,3.5667,5.4547
13-May-1996,0.12,4.154,19.6056,3.9333,5.9652
14-May-1996,1.58,4.191,14.3889,6.2444,6.2071
15-May-1996,14.41,4.227,11.3111,4.4,7.873
16-May-1996,45.42,4.263,7.4,1.7444,14.7519
17-May-1996,23.52,4.298,8.1444,2.7056,8.8135
18-May-1996,10.33,4.333,7.2889,1.3056,9.4584
19-May-1996,2.46,4.368,8.4889,-1.1111,5.7234
20-May-1996,0.34,4.402,12.3889,-3.8556,4.7292
21-May-1996,1.36,4.436,9.95,0.6667,4.4605
22-May-1996,0.79,4.469,10.8,-0.3389,4.2724
23-May-1996,2.38,4.502,7.1611,-3.6889,3.9768
24-May-1996,1.77,4.535,7.2889,-2.7722,3.5469
25-May-1996,1.06,4.566,11.8556,1.1833,3.1976
26-May-1996,0.21,4.598,15.6222,0.7722,3.1707
27-May-1996,1.31,4.629,11.1111,1.2167,3.6006
28-May-1996,1.37,4.659,13.1667,-1.2167,3.2782
29-May-1996,1.01,4.689,13.5389,0.0889,3.3857
30-May-1996,0.16,4.718,14.0278,-1.9944,3.4663
31-May-1996,0.13,4.747,16.8111,-0.4222,3.4394
01-Jun-1996,0.48,4.775,20.6444,2.0611,3.7081
02-Jun-1996,0,4.803,24.1111,4.9611,4.2187
03-Jun-1996,0.01,4.83,25.3389,6.3722,4.7829
04-Jun-1996,0,4.857,25.0722,5.7278,5.0785
05-Jun-1996,0,4.883,25.9111,5.3611,4.971
06-Jun-1996,0.01,4.908,26.3833,7.2444,5.0248
07-Jun-1996,0.13,4.933,26.1667,8.3889,5.2935
08-Jun-1996,0.1,4.957,24.9222,6.8111,5.2129
09-Jun-1996,0,4.981,23.8056,5.3222,4.7561
10-Jun-1996,0,5.004,21.9611,4.6111,4.353
11-Jun-1996,0.25,5.026,22,2.5167,3.9768
12-Jun-1996,0.01,5.048,22.6,5.5778,3.7887
13-Jun-1996,0.12,5.069,22.7111,5.7,4.0037
14-Jun-1996,0,5.089,22.6056,3.9389,3.8425
15-Jun-1996,0,5.109,22.5111,4.4,3.4663
16-Jun-1996,0,5.128,21.1111,3.6556,3.2513
17-Jun-1996,0,5.147,19.2167,4.5944,3.0364
18-Jun-1996,0,5.165,19.9833,3.3611,2.8214
19-Jun-1996,0,5.182,20.8778,3.0778,2.7408
20-Jun-1996,0,5.198,19.1833,6.2056,2.6467
21-Jun-1996,0,5.214,17.7444,3.2889,2.5446
22-Jun-1996,0,5.229,19.1222,1.2778,2.2759
23-Jun-1996,0.02,5.244,18.8333,3.3278,2.1631
24-Jun-1996,0.56,5.258,13.1944,3.7222,2.1846
25-Jun-1996,14.38,5.271,7.6667,0.8833,2.2679
26-Jun-1996,5.97,5.283,8.4556,0.1056,2.1308
27-Jun-1996,2.18,5.295,11.4611,-1.8833,1.8809
28-Jun-1996,0.92,5.306,16.8444,1.1333,1.6283
29-Jun-1996,0.36,5.316,21.9056,3.6278,1.5397
30-Jun-1996,0.13,5.325,25.1389,6.4389,1.6122
01-Jul-1996,0,5.334,27.1222,8.4278,1.7278
02-Jul-1996,0.32,5.342,26.15,9.2444,1.8164
03-Jul-1996,0.01,5.35,24.1778,9.85,1.8675
04-Jul-1996,0,5.356,23.0111,7.3,1.7546
05-Jul-1996,0.27,5.362,25.3833,5.0667,1.5907
06-Jul-1996,0.59,5.367,27.0611,7.9778,1.4618
07-Jul-1996,0,5.372,28.0611,9.7,1.4967
08-Jul-1996,0.27,5.376,27.2222,10.3833,1.5155
09-Jul-1996,0.18,5.379,26.7278,9.3778,1.4752
10-Jul-1996,1.47,5.381,26.8333,10.3833,1.4268
11-Jul-1996,6.09,5.382,26.8389,10.6389,1.4107
12-Jul-1996,2.64,5.383,25,10.2333,1.3435
13-Jul-1996,2.07,5.383,24.3889,10.4056,1.3167
14-Jul-1996,1.95,5.383,25.0944,9.8,1.2898
15-Jul-1996,0.1,5.381,24.3056,8.9611,1.142
16-Jul-1996,0.32,5.379,22.0944,6.1,1.0479
17-Jul-1996,0.01,5.376,20.6722,5.0222,0.919
18-Jul-1996,0.01,5.373,20.1611,5.9278,0.8357
19-Jul-1996,0.05,5.368,22.8833,3.3056,0.7873
20-Jul-1996,0.78,5.363,25.95,5.5333,0.7309
21-Jul-1996,0.3,5.358,28.0722,7.9333,0.6879
22-Jul-1996,0,5.351,28.5667,9.85,0.6637
23-Jul-1996,0.6,5.344,28.2444,10.4,0.6422
24-Jul-1996,0.75,5.336,27.8667,10.0056,0.6798
25-Jul-1996,0,5.327,28.1111,9.05,0.6798
26-Jul-1996,0.66,5.318,28.0944,9.45,0.5831
27-Jul-1996,0.03,5.308,26.5778,11.5667,0.5562
28-Jul-1996,2.52,5.297,23.0167,10.2667,0.5777
29-Jul-1996,0.62,5.286,25.0056,8.3889,0.5616
30-Jul-1996,0.03,5.273,25.9167,8.7222,0.5508
31-Jul-1996,0.04,5.26,25.8667,8.0444,0.5374
01-Aug-1996,0,5.247,25.2556,8.45,0.5159
02-Aug-1996,0.01,5.232,24.05,7.6889,0.4971
03-Aug-1996,0.09,5.217,20.5389,5.9944,0.4783
04-Aug-1996,0.86,5.202,22.1278,3.2833,0.4568
05-Aug-1996,0.05,5.185,22.2278,6.85,0.4514
06-Aug-1996,0,5.168,22.4278,4.5611,0.446
07-Aug-1996,0.01,5.151,25.5611,5.4667,0.438
08-Aug-1996,0,5.132,27.3667,7.7556,0.4353
09-Aug-1996,0,5.113,28.6667,8.7833,0.4246
10-Aug-1996,0.11,5.094,28.5611,9.7889,0.4111
11-Aug-1996,0.07,5.073,27.6667,11.7778,0.4084
12-Aug-1996,3.36,5.052,26.75,10.5444,0.4057
13-Aug-1996,5.42,5.031,25.2833,9.0389,0.4138
14-Aug-1996,2.64,5.009,25.4667,9.5611,0.4434
15-Aug-1996,0.01,4.986,25.8944,8.4111,0.4595
16-Aug-1996,0,4.962,25.6889,9.0778,0.4138
17-Aug-1996,0.11,4.938,24,6.7833,0.395
18-Aug-1996,0,4.913,22.3667,5.2222,0.3735
19-Aug-1996,0,4.888,21.4778,4.7722,0.3601
20-Aug-1996,0.3,4.862,21.4889,4.75,0.3493
21-Aug-1996,0.3,4.836,23.0833,4.0167,0.3547
22-Aug-1996,0.01,4.809,25.0278,6.25,0.3493
23-Aug-1996,0.23,4.781,25.7722,7.7,0.3628
24-Aug-1996,0.5,4.753,24.8333,9.5167,0.3816
25-Aug-1996,0.56,4.724,24.8167,8.7,0.3869
26-Aug-1996,0,4.695,22.5611,7.8722,0.3789
27-Aug-1996,0,4.665,21.1444,5.4167,0.3708
28-Aug-1996,0,4.635,25.0833,4.6333,0.3601
29-Aug-1996,0.39,4.604,27.3167,7.5667,0.3628
30-Aug-1996,0,4.573,28.0111,8.7167,0.3628
31-Aug-1996,0,4.541,26.8111,8.0056,0.3547
01-Sep-1996,0,4.509,25.6111,7.2556,0.3413
02-Sep-1996,0,4.476,24.9,6.1389,0.3251
03-Sep-1996,0,4.443,23.2611,6.2611,0.3171
04-Sep-1996,0.11,4.409,19.4222,6.9611,0.3063
05-Sep-1996,0.02,4.375,17.9444,1.4333,0.2929
06-Sep-1996,0,4.341,19.8833,0.3222,0.3009
07-Sep-1996,0,4.306,22.1667,2.8333,0.3036
08-Sep-1996,0,4.27,23.5889,4.3389,0.3171
09-Sep-1996,0,4.235,24.2667,5.8,0.3117
10-Sep-1996,0,4.198,24.1333,6.9556,0.2983
11-Sep-1996,0,4.162,22.9333,6.7167,0.2902
12-Sep-1996,0.31,4.125,18.8167,4.3889,0.2821
13-Sep-1996,1.25,4.088,10.1944,1.3833,0.2848
14-Sep-1996,0.13,4.05,15.3333,-1.3111,0.3063
15-Sep-1996,1.49,4.012,11.9611,1.2389,0.2956
16-Sep-1996,0.17,3.974,11.6,-1.25,0.309
17-Sep-1996,0.04,3.935,14.3222,-2.7889,0.2983
18-Sep-1996,0.04,3.896,15.0444,-1.9167,0.2902
19-Sep-1996,0.02,3.857,17.6444,0.9111,0.2875
20-Sep-1996,0.07,3.817,22.1278,2.1444,0.2499
21-Sep-1996,0.07,3.777,21.4111,5.0889,0.2338
22-Sep-1996,0.05,3.737,19.8222,4.9,0.223
23-Sep-1996,0.05,3.697,20.55,2.5667,0.2203
24-Sep-1996,0,3.656,20.1944,2.9889,0.2203
25-Sep-1996,0.04,3.616,19.75,2.9111,0.2123
26-Sep-1996,0,3.575,18.0778,1.7833,0.2123
27-Sep-1996,0,3.534,18.1444,1.5722,0.2123
28-Sep-1996,0,3.492,20.6778,2.5389,0.2096
29-Sep-1996,0.01,3.451,22.5333,4.0111,0.2123
30-Sep-1996,0.06,3.409,21.5333,5.3333,0.2042
01-Oct-1996,1.06,3.367,18.7444,3.4778,0.2257
02-Oct-1996,0.29,3.325,19.6,2.3222,0.2284
03-Oct-1996,0.05,3.283,20.7833,3.8444,0.2311
04-Oct-1996,0,3.241,21.6056,4.7944,0.2203
05-Oct-1996,0,3.198,22.5778,4.4556,0.2177
06-Oct-1996,0,3.156,23.4167,4.7167,0.2177
07-Oct-1996,0,3.113,23.5056,4.8778,0.215
08-Oct-1996,0.29,3.071,25,5.5333,0.2177
09-Oct-1996,0,3.028,25.1389,6.0667,0.2177
10-Oct-1996,0.01,2.986,21.9889,5.4833,0.2123
11-Oct-1996,0,2.943,19.7056,2.3056,0.2123
12-Oct-1996,0.02,2.9,17.4389,0.5444,0.2123
13-Oct-1996,1.16,2.857,15.1444,0.6444,0.2123
14-Oct-1996,0,2.815,15.8222,-1.6,0.2123
15-Oct-1996,0,2.772,15.0222,-0.8333,0.215
16-Oct-1996,0.06,2.729,11.4111,-3.6,0.215
17-Oct-1996,0.22,2.687,14.45,-4.8222,0.2177
18-Oct-1996,5.27,2.644,10.2,-1.3667,0.2177
19-Oct-1996,1.93,2.602,4.6611,-5.2389,0.2445
20-Oct-1996,0.83,2.56,3.0611,-9.4,0.2338
21-Oct-1996,0.78,2.517,6.1111,-9.4722,0.2203
22-Oct-1996,0.5,2.475,10.15,-5.1944,0.2203
23-Oct-1996,0.38,2.433,10.3222,-3.5556,0.2311
24-Oct-1996,4.34,2.391,8.5333,-1.9056,0.2284
25-Oct-1996,2.95,2.349,2.8,-5.0556,0.2445
26-Oct-1996,3.16,2.308,-2.3722,-5.7611,0.2472
27-Oct-1996,0.93,2.266,1.6833,-6.0278,0.2338
28-Oct-1996,1.16,2.225,5.5389,-7.0833,0.2391
29-Oct-1996,9.67,2.184,1.6389,-3.0222,0.2499
30-Oct-1996,4.43,2.143,1.4111,-3.6778,0.258
31-Oct-1996,1.43,2.103,1.5444,-3.7389,0.2553
01-Nov-1996,0.73,2.062,5.5722,-5.7222,0.2472
02-Nov-1996,0.52,2.022,7.7,-5.0778,0.2445
03-Nov-1996,0,1.982,10.6333,-4.7889,0.2445
04-Nov-1996,0.39,1.943,7.6444,-5.2556,0.2445
05-Nov-1996,0.44,1.904,3.3111,-8.3944,0.2391
06-Nov-1996,0.02,1.865,6.6556,-10.5778,0.2338
07-Nov-1996,0.24,1.826,11.3667,-6.0722,0.2203
08-Nov-1996,0.01,1.787,14.5111,-2.2,0.2311
09-Nov-1996,0.21,1.749,14.3611,-1.4778,0.2338
10-Nov-1996,0.05,1.712,15.6667,-0.6333,0.2338
11-Nov-1996,0,1.674,16.2722,0.4444,0.2311
12-Nov-1996,0,1.637,15.5389,1.1833,0.2284
13-Nov-1996,0.02,1.601,13.4833,0.0333,0.2284
14-Nov-1996,0.02,1.564,7.5167,-2.9278,0.2284
15-Nov-1996,2.28,1.528,1.9056,-7.7889,0.2284
16-Nov-1996,9.23,1.493,1.9389,-9.0944,0.2257
17-Nov-1996,67.12,1.458,5.1,-2.0333,0.2956
18-Nov-1996,5.83,1.423,7.4222,2.6833,1.7116
19-Nov-1996,15.21,1.389,8.1722,1.4611,1.0668
20-Nov-1996,2.36,1.355,10.2222,0.4667,0.7174
21-Nov-1996,22.01,1.322,9.2333,0.6333,0.5589
22-Nov-1996,17.99,1.289,3.3556,-1.1833,1.2038
23-Nov-1996,4.21,1.257,6.0722,-5.1444,0.927
24-Nov-1996,0.88,1.225,5.5,-3.6333,0.6395
25-Nov-1996,0.7,1.193,6.7333,-4.9167,0.5401
26-Nov-1996,0.44,1.163,2.6778,-6.9278,0.481
27-Nov-1996,1.42,1.132,6.8611,-8.5278,0.4057
28-Nov-1996,2.5,1.102,3.2222,-6.9944,0.3869
29-Nov-1996,1.44,1.073,-0.45,-9.3333,0.3816
30-Nov-1996,1.78,1.044,6.35,-9.5222,0.3305
01-Dec-1996,4.57,1.016,2.75,-9.7,0.3547
02-Dec-1996,0.6,0.988,1.4944,-11.0333,0.3224
03-Dec-1996,0.31,0.961,2.5667,-9.6444,0.3063
04-Dec-1996,8.29,0.935,4.1333,-8.1389,0.3144
05-Dec-1996,45.17,0.909,2.8333,-3.8278,1.5477
06-Dec-1996,7.55,0.883,0.95,-3.65,1.0372
07-Dec-1996,2.21,0.858,5.0722,-4.3722,0.653
08-Dec-1996,2.4,0.834,8.2,2.3667,0.567
09-Dec-1996,4.35,0.811,6.1111,0.9944,0.5428
10-Dec-1996,46.05,0.788,1.9611,-1.3278,0.7604
11-Dec-1996,28.04,0.765,3.4611,-1.0278,0.9163
12-Dec-1996,18.22,0.743,3.8389,0.5056,1.8084
13-Dec-1996,2.29,0.722,5.7278,-3.1556,1.5477
14-Dec-1996,1.43,0.702,2.6722,-8.3444,1.0883
15-Dec-1996,1.07,0.682,6.0667,-8.8389,0.8357
16-Dec-1996,0.01,0.663,8.6056,-5.6222,0.7551
17-Dec-1996,0,0.644,3.3333,-7.8611,0.7067
18-Dec-1996,0.1,0.627,6.0389,-9.5389,0.6422
19-Dec-1996,0.18,0.609,6.5611,-7.1611,0.6126
20-Dec-1996,5.06,0.593,6.0556,-5.9667,0.5965
21-Dec-1996,63.31,0.577,-1.55,-4.7944,0.6153
22-Dec-1996,33.11,0.562,-3.9444,-6.8333,0.5374
23-Dec-1996,10.32,0.547,0.9333,-8.8444,0.5025
24-Dec-1996,1.21,0.534,5.0611,-10.1111,0.5643
25-Dec-1996,1.08,0.521,6.4667,-8.1944,0.6341
26-Dec-1996,13.93,0.508,3.8056,-2.6722,0.7873
27-Dec-1996,13,0.497,1.1833,-2.8556,1.1769
28-Dec-1996,4.49,0.486,3.0722,-2.5944,0.9136
29-Dec-1996,29.54,0.475,5.0611,0.1667,2.069
30-Dec-1996,14.84,0.466,5.3278,1.0222,3.1976
31-Dec-1996,13.91,0.457,6.8222,2.1389,4.0843
01-Jan-1997,99.35,0.44,8.1667,5.05,20.5559
02-Jan-1997,79.23,0.442,6.9167,1.7389,45.6797
03-Jan-1997,16.04,0.435,2.85,-6.5722,13.3009
04-Jan-1997,3.12,0.429,0.2944,-9.3778,7.2013
05-Jan-1997,3.58,0.424,-1.2778,-9.3333,5.3741
06-Jan-1997,4.99,0.419,-2.7278,-13.3111,3.9231
07-Jan-1997,1.41,0.416,1.9833,-11.4667,3.0632
08-Jan-1997,0.26,0.413,5.1389,-8.7778,2.6091
09-Jan-1997,0.31,0.41,8.1722,-6.4889,2.5419
10-Jan-1997,0.6,0.409,7.2889,-6.7889,2.284
11-Jan-1997,0.31,0.408,6.1278,-7.5944,2.1523
12-Jan-1997,7.89,0.408,-0.2,-13.8333,1.7358
13-Jan-1997,6.01,0.409,-9.9056,-19.7222,1.5182
14-Jan-1997,5.32,0.41,-2.6833,-18.6278,1.3758
15-Jan-1997,4.25,0.412,0.3889,-10.6778,1.5262
16-Jan-1997,0.71,0.415,3.5278,-10.4333,1.2925
17-Jan-1997,0.3,0.419,5.8722,-7.2389,1.2495
18-Jan-1997,0.64,0.423,9.85,-3.5222,1.271
19-Jan-1997,0.14,0.428,8.6333,-3.7611,1.3086
20-Jan-1997,12.16,0.434,1.2167,-5.45,1.5128
21-Jan-1997,11.18,0.44,-0.3222,-5.0889,1.451
22-Jan-1997,37.96,0.447,0.2444,-3.3167,1.4107
23-Jan-1997,19.94,0.455,1.9111,-6.6167,1.5934
24-Jan-1997,11.17,0.464,3.7111,-6.9667,1.5907
25-Jan-1997,55.46,0.473,2.4833,-2.0722,5.5353
26-Jan-1997,29.8,0.483,2.95,-2.6278,4.3261
27-Jan-1997,8.41,0.494,4.6944,-6.3278,2.7139
28-Jan-1997,2.36,0.506,6.1444,-3.2056,2.3888
29-Jan-1997,5.25,0.518,7.6056,-5.0778,2.2141
30-Jan-1997,0.49,0.531,10.1111,-3.3167,2.0932
31-Jan-1997,0.74,0.545,9.4444,-1.9056,2.2195
01-Feb-1997,0.1,0.559,7.95,-3.45,2.3189
02-Feb-1997,0.09,0.574,6.2833,-7.8944,2.0663
03-Feb-1997,0,0.589,6.7889,-7.85,1.8299
04-Feb-1997,0.68,0.606,2.8778,-6.0889,1.6472
05-Feb-1997,0.81,0.623,2.4444,-9.4833,1.5289
06-Feb-1997,0.81,0.641,4.6222,-13.1556,1.3032
07-Feb-1997,0.53,0.659,6.0333,-8.5389,1.2737
08-Feb-1997,1.25,0.678,2.4111,-8.5611,1.2226
09-Feb-1997,1.38,0.698,5.6111,-10.1944,1.0963
10-Feb-1997,0.03,0.718,4.2,-6.6278,1.0883
11-Feb-1997,0.45,0.739,8.4333,-8.65,1.005
12-Feb-1997,0.01,0.761,4.0111,-7.3611,1.0211
13-Feb-1997,0.02,0.783,6.3722,-10.3389,0.927
14-Feb-1997,0.17,0.806,8.8722,-6.3278,0.9028
15-Feb-1997,0.51,0.829,10.7611,-4.4556,0.8867
16-Feb-1997,0.7,0.853,10.9333,-3.7333,0.9432
17-Feb-1997,2.61,0.878,5.6611,-3.3389,1.0479
18-Feb-1997,0.86,0.903,8.1944,-8.2,0.9512
19-Feb-1997,0.37,0.929,7.1278,-4.3778,0.9324
20-Feb-1997,0.43,0.955,5.5278,-7.4611,0.919
21-Feb-1997,0.03,0.982,5.0722,-8.3056,0.9002
22-Feb-1997,0,1.01,3.8889,-7.0278,0.8733
23-Feb-1997,0.36,1.038,-1.7111,-8.7278,0.8115
24-Feb-1997,3.02,1.067,-2.2389,-9.9722,0.7067
25-Feb-1997,1.27,1.096,6.9611,-10.7167,0.6906
26-Feb-1997,1.31,1.126,6.9833,-4.2111,0.7577
27-Feb-1997,3.23,1.156,1.6778,-5.3056,0.7362
28-Feb-1997,1.45,1.187,-0.7722,-10.7778,0.6852
01-Mar-1997,0.96,1.218,6.0167,-10.1611,0.6341
02-Mar-1997,1.57,1.25,2.4278,-4.8222,0.6583
03-Mar-1997,0.09,1.282,0.55,-7.8167,0.6315
04-Mar-1997,0.71,1.315,6.6056,-13.5556,0.6126
05-Mar-1997,1.08,1.348,9.6278,-7.4611,0.6046
06-Mar-1997,0.39,1.382,9.05,-5.55,0.61
07-Mar-1997,0.28,1.416,10.3278,-6.6278,0.6395
08-Mar-1997,0.16,1.451,11.4278,-5.5833,0.6852
09-Mar-1997,0.53,1.486,13.7556,-5.3556,0.7658
10-Mar-1997,0.04,1.521,15.8444,-2.8389,1.1124
11-Mar-1997,0.08,1.557,13.5389,-2.4556,1.1017
12-Mar-1997,0,1.593,9.8944,-2.9611,1.1259
13-Mar-1997,0.06,1.629,11.1167,-5.2056,1.0775
14-Mar-1997,0.1,1.666,12.6778,-4.2778,1.1178
15-Mar-1997,0.13,1.704,11.8389,-1.3611,1.2575
16-Mar-1997,0.2,1.741,8.2,-0.8333,1.4161
17-Mar-1997,1.06,1.779,10.8278,-2.0611,1.3355
18-Mar-1997,0.3,1.818,15.5389,-2.6,1.3355
19-Mar-1997,0.24,1.856,17.6111,-0.9,1.5101
20-Mar-1997,0.06,1.895,16.0278,1.3,1.8111
21-Mar-1997,0.01,1.935,12.5056,-0.1722,1.7708
22-Mar-1997,0.02,1.974,13.9111,-0.0056,1.8138
23-Mar-1997,0.06,2.014,13.9,-0.3889,2.0395
24-Mar-1997,0,2.054,11.8944,-2.5556,2.2625
25-Mar-1997,0,2.094,14.7667,-3.2611,2.2732
26-Mar-1997,0.01,2.135,13.7444,-0.5833,2.4183
27-Mar-1997,0,2.176,12.3944,1.6722,2.7408
28-Mar-1997,0,2.217,10.5778,-2.5667,2.6602
29-Mar-1997,0.29,2.258,12.6722,-7.1333,2.4855
30-Mar-1997,3.02,2.299,10.25,-3.2778,2.3888
31-Mar-1997,2.87,2.341,3.2167,-7.9444,2.3162
01-Apr-1997,2.19,2.382,-1.3667,-9.1611,2.0583
02-Apr-1997,2.28,2.424,0.8389,-9.0222,1.8272
03-Apr-1997,0.51,2.466,7.1556,-6.0278,1.7278
04-Apr-1997,0.08,2.508,8.7556,-7.2667,1.6552
05-Apr-1997,0.71,2.551,7.4722,-10.0944,1.6015
06-Apr-1997,1.26,2.593,7.6222,-8.8833,1.5343
07-Apr-1997,0.09,2.635,8.9722,-4.1,1.4994
08-Apr-1997,0.81,2.678,7.9167,-4.7278,1.537
09-Apr-1997,1.04,2.72,2.8,-7.4111,1.5182
10-Apr-1997,1.51,2.763,4.9222,-7.9,1.4214
11-Apr-1997,1.37,2.806,7.1111,-6.0611,1.3785
12-Apr-1997,1.09,2.848,8.6389,-8.5556,1.3462
13-Apr-1997,1.84,2.891,10.9667,-4.75,1.3408
14-Apr-1997,0.74,2.934,13.1944,-3.1611,1.4859
15-Apr-1997,0.09,2.977,14.7333,-1.5667,1.6821
16-Apr-1997,0.1,3.019,15.0611,0.0722,1.9159
17-Apr-1997,0.26,3.062,14.5111,0.6556,2.3189
18-Apr-1997,1.2,3.104,12.3222,2.2444,2.5178
19-Apr-1997,4.28,3.147,12.0222,2.8,3.2513
20-Apr-1997,0.78,3.189,13.2944,2.4111,3.735
21-Apr-1997,3.3,3.232,11.1944,3.6333,4.5142
22-Apr-1997,1.61,3.274,12.7611,-1.1167,4.1918
23-Apr-1997,2.18,3.316,8.5667,-1.8667,3.52
24-Apr-1997,0.52,3.358,8.0333,-3.6833,3.117
25-Apr-1997,1.87,3.4,13.4222,-3.1111,2.8751
26-Apr-1997,0.38,3.442,17.8111,-0.2778,3.0632
27-Apr-1997,0.55,3.483,14.7111,2.7278,3.735
28-Apr-1997,0.6,3.525,11.7667,-0.2056,3.8693
29-Apr-1997,0.09,3.566,10.8,-2.45,3.3051
30-Apr-1997,0.16,3.607,10.6722,-1.2389,3.1438
01-May-1997,1.3,3.648,11.3056,-3.7444,3.0095
02-May-1997,0.21,3.689,12.4278,-2.5278,2.902
03-May-1997,0.47,3.729,14.4333,0.6222,2.9557
04-May-1997,1.05,3.769,16.5611,1.5722,3.3319
05-May-1997,0.45,3.809,16.2889,1.0167,3.6275
06-May-1997,1.29,3.848,15.7833,1.5056,3.6812
07-May-1997,0.25,3.888,17.5444,0.0444,3.735
08-May-1997,0.65,3.927,18.9611,1.1722,3.7887
09-May-1997,0.66,3.965,20.3389,2.5611,4.1918
10-May-1997,0.04,4.004,21.0944,3.1556,4.6217
11-May-1997,0.16,4.042,21.6444,4.1889,4.7561
12-May-1997,0.79,4.08,22.3389,4.2333,4.6755
13-May-1997,0.48,4.117,21.8667,4.0889,5.2935
14-May-1997,0,4.154,20.4944,3.3944,5.1591
15-May-1997,0.08,4.191,20.4056,4.2389,4.9442
16-May-1997,3.19,4.227,19.9556,4.0667,5.0248
17-May-1997,0.35,4.263,20.0611,3.3611,4.9442
18-May-1997,0.76,4.298,20.25,4.3889,4.5948
19-May-1997,1.22,4.333,20.5278,3.9278,4.5142
20-May-1997,0.41,4.368,17.4056,2.8056,4.2724
21-May-1997,0.47,4.402,16.9278,0.9278,3.8962
22-May-1997,0.01,4.436,15.3444,3.9333,3.5738
23-May-1997,1.74,4.469,9.7444,1.6,3.3319
24-May-1997,1.86,4.502,10.2722,-1.2333,3.117
25-May-1997,0.85,4.535,13.0222,-2.0556,2.7945
26-May-1997,1.43,4.566,14.6889,-1.0889,2.6736
27-May-1997,2.68,4.598,18.2722,3.5389,2.6306
28-May-1997,0.87,4.629,19.4222,4.6333,3.0095
29-May-1997,0.8,4.659,20.8056,4.8611,3.2782
30-May-1997,0.51,4.689,23.2944,6.1333,3.735
31-May-1997,0,4.718,19.2444,7.1722,4.0843
01-Jun-1997,0,4.747,17.8833,5.0333,3.9231
02-Jun-1997,0.03,4.775,19.85,3.0611,3.4932
03-Jun-1997,1.29,4.803,15.8111,5.0667,3.2513
04-Jun-1997,4.83,4.83,10.5444,4.3722,3.3588
05-Jun-1997,4.73,4.857,9.4444,2.9389,3.4394
06-Jun-1997,4.25,4.883,15.6111,1.8056,2.9557
07-Jun-1997,1.67,4.908,19.2056,3.6667,2.8214
08-Jun-1997,4.01,4.933,18.4444,4.3667,2.8751
09-Jun-1997,3.55,4.957,15.7056,3.9167,2.8214
10-Jun-1997,2.51,4.981,15.4389,1.9111,2.6602
11-Jun-1997,0.85,5.004,17.2778,2.8722,2.4425
12-Jun-1997,1.03,5.026,14.8556,2.1889,2.37
13-Jun-1997,7.86,5.048,9.2556,0.5056,2.3458
14-Jun-1997,20.3,5.069,11.3667,4.3889,3.117
15-Jun-1997,7.56,5.089,17.1222,4.2556,2.9557
16-Jun-1997,2.28,5.109,21.9,5.9889,2.6655
17-Jun-1997,1.16,5.128,23.4611,7.8389,2.5957
18-Jun-1997,1.12,5.147,23.95,7.8333,2.6199
19-Jun-1997,0.76,5.165,24.2056,8.3389,2.5043
20-Jun-1997,0,5.182,22.3556,8.5389,2.4291
21-Jun-1997,0,5.198,20.7278,6.6833,2.3001
22-Jun-1997,0.02,5.214,18.2667,3.6833,2.1228
23-Jun-1997,0,5.229,19.0833,-0.1278,1.9212
24-Jun-1997,0,5.244,20.5389,1.8889,1.7358
25-Jun-1997,0,5.258,22.8944,4.3333,1.6498
26-Jun-1997,0,5.271,22.6,5.9611,1.5827
27-Jun-1997,0,5.283,20.5944,8.3111,1.5155
28-Jun-1997,0,5.295,18.3278,5.0611,1.4214
29-Jun-1997,0,5.306,16.3444,1.7611,1.3435
30-Jun-1997,0.08,5.316,10.6167,0.4444,1.279
01-Jul-1997,0,5.325,17.0833,-2.2278,1.2226
02-Jul-1997,0.08,5.334,19.1778,2.3222,1.1017
03-Jul-1997,0.71,5.342,23.2833,3.25,1.0399
04-Jul-1997,0.02,5.35,25.1722,6.4944,1.0211
05-Jul-1997,0,5.356,23.6722,6.5444,0.9942
06-Jul-1997,0.33,5.362,24.6556,5.3222,0.9781
07-Jul-1997,0.36,5.367,25.8,6.1444,0.9485
08-Jul-1997,0.07,5.372,27.0056,8.2944,0.9485
09-Jul-1997,0,5.376,24.6389,8.1833,0.9351
10-Jul-1997,0,5.379,22.1444,7.5111,0.9136
11-Jul-1997,0,5.381,20.3889,4.8333,0.8975
12-Jul-1997,0.02,5.382,21.3444,3.3778,0.8491
13-Jul-1997,0.05,5.383,24.9222,5.3333,0.8061
14-Jul-1997,0,5.383,26.0333,8.5556,0.7739
15-Jul-1997,0,5.383,25.6111,9.2556,0.7577
16-Jul-1997,0,5.381,24.8333,7.0056,0.7362
17-Jul-1997,0,5.379,20.8167,7.3833,0.6986
18-Jul-1997,0,5.376,21.7722,2.3389,0.6933
19-Jul-1997,0.01,5.373,24.0944,5.9278,0.661
20-Jul-1997,0.96,5.368,26.0889,7.7333,0.6395
21-Jul-1997,0.15,5.363,26.2111,8.6222,0.6906
22-Jul-1997,0.12,5.358,24.7722,8.3444,0.6341
23-Jul-1997,0.38,5.351,18.6167,9.8444,0.6395
24-Jul-1997,4.4,5.344,20.8,8.4056,0.6691
25-Jul-1997,0.07,5.336,22.3833,7.8056,0.6288
26-Jul-1997,2.19,5.327,23.6833,8.2944,0.5992
27-Jul-1997,1.43,5.318,23.4278,7.2333,0.5965
28-Jul-1997,1.94,5.308,22.2167,6.8889,0.61
29-Jul-1997,3.66,5.297,21.8056,5.6833,0.6341
30-Jul-1997,0.88,5.286,21.0833,5.8389,0.6046
31-Jul-1997,0.85,5.273,22.0833,5.0278,0.567
01-Aug-1997,1.05,5.26,22.2389,6.4556,0.524
02-Aug-1997,0.07,5.247,24.1,4.2389,0.4971
03-Aug-1997,0.39,5.232,25.8944,6.8444,0.4756
04-Aug-1997,0,5.217,26.5889,8.4444,0.4622
05-Aug-1997,0.34,5.202,28.55,9.45,0.4514
06-Aug-1997,0.14,5.185,29.3778,10.3722,0.4487
07-Aug-1997,0.02,5.168,29.2944,11.7778,0.4649
08-Aug-1997,0.24,5.151,28.2444,10.8611,0.489
09-Aug-1997,0.03,5.132,25.1,9.0333,0.4917
10-Aug-1997,0,5.113,22.7611,5.6778,0.4837
11-Aug-1997,0.01,5.094,22.7111,4.6056,0.489
12-Aug-1997,0,5.073,23.5889,6.2889,0.4729
13-Aug-1997,0.01,5.052,25.0611,7.3167,0.489
14-Aug-1997,0,5.031,25.9944,7.8444,0.4272
15-Aug-1997,0,5.009,26.0444,8.4222,0.4192
16-Aug-1997,0,4.986,23.9389,8.6111,0.4165
17-Aug-1997,0,4.962,22.5778,7.1611,0.4084
18-Aug-1997,0,4.938,22.9667,6.1444,0.4004
19-Aug-1997,0.34,4.913,23.0944,7.4611,0.4138
20-Aug-1997,0.01,4.888,21.4167,8.7722,0.4299
21-Aug-1997,0.01,4.862,23.8389,5.5833,0.4219
22-Aug-1997,0.03,4.836,24.6944,5.8111,0.4299
23-Aug-1997,0.01,4.809,24.0222,8.3,0.4246
24-Aug-1997,0,4.781,21.7333,7.6889,0.4165
25-Aug-1997,0.02,4.753,22.6,4.5722,0.395
26-Aug-1997,0,4.724,21.8056,5.3278,0.3789
27-Aug-1997,0,4.695,21.8944,5.0444,0.395
28-Aug-1997,0.01,4.665,21.2,5.7889,0.395
29-Aug-1997,0,4.635,22.4167,3.55,0.395
30-Aug-1997,0.29,4.604,23.2556,5.2167,0.3789
31-Aug-1997,0,4.573,22.8778,8.2278,0.3654
01-Sep-1997,0.11,4.541,23.3722,7.5333,0.3654
02-Sep-1997,5.38,4.509,19.0611,6.6333,0.3628
03-Sep-1997,1.74,4.476,19.4722,5.8778,0.4487
04-Sep-1997,0.63,4.443,22.3889,6.0778,0.4514
05-Sep-1997,0.69,4.409,22.0889,7.1056,0.4219
06-Sep-1997,0.6,4.375,22.1833,6.7833,0.3789
07-Sep-1997,0.64,4.341,23.5222,4.6889,0.3574
08-Sep-1997,0,4.306,23.2667,7.2944,0.3493
09-Sep-1997,0,4.27,23.0722,8.1611,0.3332
10-Sep-1997,0,4.235,20.8222,8.1333,0.258
11-Sep-1997,0,4.198,19.7056,5.2611,0.2499
12-Sep-1997,0,4.162,21.5944,3.7,0.2418
13-Sep-1997,0,4.125,20.8389,5.5,0.2284
14-Sep-1997,0.2,4.088,18.3167,6.8611,0.2177
15-Sep-1997,1.27,4.05,15.5278,2.2667,0.2257
16-Sep-1997,0.02,4.012,18.9333,0.5556,0.223
17-Sep-1997,0.09,3.974,18.2444,3.4778,0.2123
18-Sep-1997,0.5,3.935,15.6611,4.9167,0.2096
19-Sep-1997,2.17,3.896,12.7278,1.5111,0.2338
20-Sep-1997,0.04,3.857,15.5167,0.2278,0.2311
21-Sep-1997,0.11,3.817,20.1833,0.8833,0.223
22-Sep-1997,0.01,3.777,21.4,2.5556,0.2123
23-Sep-1997,0.01,3.737,21.3556,3.2056,0.2123
24-Sep-1997,0.12,3.697,21.6056,4.5333,0.2177
25-Sep-1997,1.92,3.656,15.8889,6.5056,0.223
26-Sep-1997,0.33,3.616,17.65,5.2,0.2418
27-Sep-1997,0.04,3.575,18.4833,1.8833,0.2311
28-Sep-1997,0.02,3.534,19.2222,1.6,0.2257
29-Sep-1997,0.39,3.492,21.9278,4.4611,0.2257
30-Sep-1997,0,3.451,23.1778,6.15,0.2177
01-Oct-1997,0.14,3.409,19.8556,6.5556,0.2257
02-Oct-1997,1.83,3.367,13.8722,3.3333,0.223
03-Oct-1997,0.26,3.325,20.3111,0.0389,0.2338
04-Oct-1997,0,3.283,20.9111,3.6611,0.2203
05-Oct-1997,0,3.241,20.0833,2.7611,0.2123
06-Oct-1997,0.56,3.198,11.9222,-0.8833,0.2096
07-Oct-1997,0.82,3.156,8.4,-3.1056,0.2069
08-Oct-1997,3.16,3.113,9.3778,-2.6889,0.2123
09-Oct-1997,9.15,3.071,7.1778,-0.0278,0.2284
10-Oct-1997,4.02,3.028,5.6333,-1.4556,0.2606
11-Oct-1997,2.58,2.986,4.2611,-4.4222,0.2553
12-Oct-1997,0.63,2.943,7.3389,-6.9278,0.2365
13-Oct-1997,0.28,2.9,12.6167,-4.3722,0.223
14-Oct-1997,0.94,2.857,17.3889,-2.45,0.2257
15-Oct-1997,0,2.815,18.6722,-0.3722,0.2257
16-Oct-1997,0.06,2.772,19.5944,1.0889,0.223
17-Oct-1997,0,2.729,18.5056,0.5333,0.2203
18-Oct-1997,0,2.687,18.3056,0.2722,0.2177
19-Oct-1997,0,2.644,15.8556,-0.7611,0.2123
20-Oct-1997,0.04,2.602,11.6833,-1.9611,0.2042
21-Oct-1997,0,2.56,13.5278,-1.3167,0.2042
22-Oct-1997,0,2.517,15.6667,-1.0833,0.1908
23-Oct-1997,0.02,2.475,13.0389,-1.4444,0.1747
24-Oct-1997,0.4,2.433,6.1278,-5.1889,0.172
25-Oct-1997,0,2.391,7.3333,-7.5667,0.1827
26-Oct-1997,0.01,2.349,12.1556,-5.1,0.1747
27-Oct-1997,0,2.308,11.8556,-3.7556,0.18
28-Oct-1997,0.08,2.266,10.6167,-4.2722,0.1827
29-Oct-1997,0.14,2.225,10.5778,-0.5444,0.18
30-Oct-1997,0.14,2.184,14.3833,0.0333,0.1935
31-Oct-1997,0,2.143,16.2667,1.6333,0.1962
01-Nov-1997,0,2.103,16.6222,-0.6611,0.1962
02-Nov-1997,0,2.062,18.4278,-0.8111,0.1935
03-Nov-1997,0.24,2.022,15.3833,0.3222,0.1908
04-Nov-1997,0,1.982,16.4778,0.1944,0.1962
05-Nov-1997,0.37,1.943,16.2222,-0.9556,0.2015
06-Nov-1997,0.54,1.904,14.5167,0.2111,0.2015
07-Nov-1997,0.84,1.865,9.3222,-2.6944,0.2069
08-Nov-1997,0,1.826,8.6889,-8.1444,0.2123
09-Nov-1997,1.26,1.787,8.2944,-6.5389,0.2069
10-Nov-1997,1.24,1.749,5.7556,-2.6222,0.2177
11-Nov-1997,2.06,1.712,3.4333,-4.2333,0.2365
12-Nov-1997,0.54,1.674,4.5444,-6.2222,0.2391
13-Nov-1997,1.03,1.637,3.3611,-6.5722,0.2284
14-Nov-1997,1.22,1.601,2.3389,-7.5667,0.2338
15-Nov-1997,0.82,1.564,1.6889,-8.2833,0.2365
16-Nov-1997,1.07,1.528,3.3,-7.6444,0.2284
17-Nov-1997,0.29,1.493,5.0278,-6.3889,0.2284
18-Nov-1997,2.45,1.458,5.75,-6.0833,0.2284
19-Nov-1997,5.78,1.423,4.7778,-1.8667,0.2553
20-Nov-1997,0.65,1.389,6.5222,-4.9,0.2714
21-Nov-1997,0.81,1.355,7.5833,-3.3278,0.2418
22-Nov-1997,0.41,1.322,10.6944,-2.9222,0.2418
23-Nov-1997,0.07,1.289,9.3056,0.1333,0.2391
24-Nov-1997,1.64,1.257,9.0389,-1.5944,0.2338
25-Nov-1997,9.36,1.225,6.3222,-2.4944,0.2391
26-Nov-1997,27.56,1.193,2.7389,-2.9167,0.3278
27-Nov-1997,5.89,1.163,3.9556,-5.4444,0.2956
28-Nov-1997,1.25,1.132,7.5722,-6.5444,0.258
29-Nov-1997,0.29,1.102,6.5444,-5.6944,0.2553
30-Nov-1997,0.45,1.073,2.7889,-4.8278,0.2606
01-Dec-1997,0.41,1.044,1.8444,-6.9278,0.258
02-Dec-1997,1.43,1.016,5.0944,-9.7111,0.2445
03-Dec-1997,0.04,0.988,5.1556,-8.5778,0.2123
04-Dec-1997,0.63,0.961,3.9778,-7.3778,0.2284
05-Dec-1997,9.77,0.935,0.0444,-5.3056,0.2445
06-Dec-1997,6.57,0.909,0.2833,-4.0278,0.2472
07-Dec-1997,26.73,0.883,0.8111,-6.0056,0.2714
08-Dec-1997,9.62,0.858,-2.7056,-10.6556,0.266
09-Dec-1997,0.75,0.834,-2.1167,-12.9278,0.2203
10-Dec-1997,0.65,0.811,-0.2333,-13.6611,0.2311
11-Dec-1997,0.06,0.788,1.1833,-12.5222,0.2365
12-Dec-1997,0.25,0.765,2.9222,-11.1389,0.2418
13-Dec-1997,0.73,0.743,5.7944,-7.6167,0.2418
14-Dec-1997,4.17,0.722,3.05,-6.5111,0.2418
15-Dec-1997,1.26,0.702,3.0056,-10.7333,0.2472
16-Dec-1997,0.54,0.682,6.4444,-5.3222,0.2526
17-Dec-1997,0.09,0.663,5.4722,-4.1222,0.2606
18-Dec-1997,2.15,0.644,-0.7722,-8.6944,0.2553
19-Dec-1997,1.05,0.627,0.6889,-12.6667,0.2391
20-Dec-1997,0.92,0.609,4.8,-11.2667,0.2338
21-Dec-1997,0.94,0.593,-3.7778,-13.8667,0.2177
22-Dec-1997,0.75,0.577,-4.4111,-14.0167,0.2418
23-Dec-1997,0.84,0.562,1.7111,-13.3556,0.2687
24-Dec-1997,0.29,0.547,-4.9667,-12,0.2821
25-Dec-1997,0.89,0.534,-4.0333,-13.4222,0.2768
26-Dec-1997,0.93,0.521,1.8278,-13.9167,0.2687
27-Dec-1997,1.74,0.508,5.2944,-10.7778,0.2687
28-Dec-1997,0.34,0.497,7.1667,-7.8222,0.2687
29-Dec-1997,0.44,0.486,7.7556,-5.6833,0.2687
30-Dec-1997,0.39,0.475,8.9722,-5.0722,0.2687
31-Dec-1997,1.06,0.466,8.0556,-1.7778,0.2687
01-Jan-1998,4.5,0.44,7.7278,-0.7833,0.2687
02-Jan-1998,13.26,0.442,2.3278,-2.8889,0.2687
03-Jan-1998,2.05,0.435,1.2833,-4.9167,0.2418
04-Jan-1998,14.8,0.429,-2.1944,-10.4833,0.215
05-Jan-1998,2.07,0.424,-0.8444,-16.0167,0.2123
06-Jan-1998,3.61,0.419,0.4111,-13.3833,0.215
07-Jan-1998,1.38,0.416,4,-8.4167,0.2418
08-Jan-1998,1.84,0.413,4.9167,-7.3,0.2553
09-Jan-1998,2.39,0.41,3.0667,-3.5556,0.2499
10-Jan-1998,3.5,0.409,2.75,-3.2278,0.2472
11-Jan-1998,6.7,0.408,2.3333,-1.6,0.2526
12-Jan-1998,19,0.408,2.5222,-3.7444,0.3036
13-Jan-1998,4.38,0.409,1.4833,-7.1,0.3224
14-Jan-1998,11.38,0.41,2.95,-4.8333,0.2848
15-Jan-1998,25.73,0.412,3.5889,-0.9111,0.5347
16-Jan-1998,4.69,0.415,6.1611,1.3056,0.5965
17-Jan-1998,4.77,0.419,7.0722,-0.0111,0.61
18-Jan-1998,32.99,0.423,7.8333,-5.0722,0.5885
19-Jan-1998,8.88,0.428,-1.2444,-8.2,0.5643
20-Jan-1998,1.13,0.434,-1.2667,-10.6,0.4299
21-Jan-1998,1.8,0.44,2.7556,-12.4556,0.3816
22-Jan-1998,0.57,0.447,6.0389,-6.7111,0.3762
23-Jan-1998,0.67,0.455,6.9944,-5.3889,0.3735
24-Jan-1998,0.02,0.464,7.6278,-4.7333,0.3628
25-Jan-1998,0.46,0.473,8.5889,-5.0111,0.3386
26-Jan-1998,0.43,0.483,8.6778,-3.3278,0.3359
27-Jan-1998,0.38,0.494,8.7889,-3.8833,0.3251
28-Jan-1998,0.43,0.506,9.6278,-4.7056,0.3224
29-Jan-1998,10.41,0.518,3.0611,-7.6722,0.3493
30-Jan-1998,3.69,0.531,3.9222,-11.3111,0.3036
31-Jan-1998,1.15,0.545,2.5833,-8.0611,0.3144
01-Feb-1998,11.6,0.559,1.1056,-6.6,0.3198
02-Feb-1998,39.44,0.574,1.0556,-3.1167,0.3601
03-Feb-1998,18.71,0.589,1.5889,-4.1278,0.6126
04-Feb-1998,2.14,0.606,0.3,-7.1389,0.5589
05-Feb-1998,4.05,0.623,1.85,-6.4056,0.438
06-Feb-1998,19.5,0.641,1,-3.5833,0.4407
07-Feb-1998,23.42,0.659,-0.3056,-4.4611,0.446
08-Feb-1998,29.94,0.678,-0.15,-5.7444,0.4138
09-Feb-1998,2.85,0.698,1.5167,-9.3944,0.3977
10-Feb-1998,9.18,0.718,2.2389,-8.4111,0.3789
11-Feb-1998,6.62,0.739,3.4944,-6.6056,0.395
12-Feb-1998,4.17,0.761,2.2278,-6.0222,0.3842
13-Feb-1998,1.68,0.783,5.0111,-4.6889,0.395
14-Feb-1998,29.29,0.806,1.1778,-6.1778,0.4407
15-Feb-1998,3.39,0.829,0.8444,-11.5167,0.3923
16-Feb-1998,8.27,0.853,-0.2444,-13.6833,0.3547
17-Feb-1998,3.24,0.878,1.4167,-10.3167,0.3789
18-Feb-1998,1.57,0.903,4.7889,-11.1444,0.3359
19-Feb-1998,10.75,0.929,1.8389,-7.2333,0.3762
20-Feb-1998,5.3,0.955,2.75,-12.5944,0.3574
21-Feb-1998,18.57,0.982,0.5333,-5.8556,0.3681
22-Feb-1998,7.3,1.01,0.15,-5.5667,0.3439
23-Feb-1998,17.68,1.038,-0.1,-9.3722,0.3601
24-Feb-1998,2.34,1.067,0.65,-14.5056,0.3224
25-Feb-1998,0.47,1.096,1.2611,-13.0667,0.3413
26-Feb-1998,0.79,1.126,2.1222,-9.1167,0.3386
27-Feb-1998,0.33,1.156,5.2722,-6.7222,0.3466
28-Feb-1998,0.01,1.187,8.5944,-6.6444,0.3574
01-Mar-1998,0.53,1.218,9.9389,-6.4389,0.3735
02-Mar-1998,0.11,1.25,8.4611,-5.0056,0.4165
03-Mar-1998,0.57,1.282,4.55,-7.5778,0.4702
04-Mar-1998,0.78,1.315,3.9667,-12.7944,0.446
05-Mar-1998,4.2,1.348,0.7278,-10.9833,0.4138
06-Mar-1998,15.18,1.382,-1.3056,-13.3667,0.4219
07-Mar-1998,2.95,1.416,3.35,-17.2778,0.352
08-Mar-1998,0.23,1.451,5.7056,-9.2389,0.3923
09-Mar-1998,0.58,1.486,8.0556,-10.0167,0.3869
10-Mar-1998,0.64,1.521,11.4111,-7.7667,0.4004
11-Mar-1998,0.16,1.557,12.5889,-4.3222,0.4649
12-Mar-1998,1.6,1.593,10.2389,-3.9444,0.5455
13-Mar-1998,3.38,1.629,5.7444,-1.9889,0.5482
14-Mar-1998,3.01,1.666,8.7944,-2.8222,0.5992
15-Mar-1998,1.83,1.704,12.95,-2.9556,0.6771
16-Mar-1998,1.15,1.741,11,-2.2667,0.8625
17-Mar-1998,0.04,1.779,11.2833,-5.6778,0.9593
18-Mar-1998,0.38,1.818,10.6611,-6.95,0.9727
19-Mar-1998,0.01,1.856,13.2667,-3.8833,0.9297
20-Mar-1998,0.41,1.895,12.9,-2.0889,1.1071
21-Mar-1998,2.03,1.935,11.45,-1.4278,1.2575
22-Mar-1998,7.91,1.974,9.5778,2.4833,1.9589
23-Mar-1998,10.66,2.014,9.6667,2.8889,4.2455
24-Mar-1998,64.44,2.054,5.5611,-0.45,6.3414
25-Mar-1998,18.42,2.094,5.4167,-1.7778,4.4605
26-Mar-1998,5.26,2.135,7.8778,-2.5056,2.7677
27-Mar-1998,6,2.176,2.0167,-5.1111,2.2141
28-Mar-1998,5.15,2.217,-0.1389,-9.8389,1.8594
29-Mar-1998,3.38,2.258,-1.1722,-10.4222,1.5477
30-Mar-1998,2.8,2.299,5.5889,-11.7722,1.3596
31-Mar-1998,4.37,2.341,2.0778,-6.15,1.2817
01-Apr-1998,6.01,2.382,2.6333,-6.1667,1.1877
02-Apr-1998,1.62,2.424,5.8667,-7.9722,1.0775
03-Apr-1998,1.89,2.466,3.2667,-6.4556,1.0399
04-Apr-1998,1.14,2.508,3.35,-8.7333,0.9378
05-Apr-1998,1.66,2.551,3.8278,-5.8889,0.8894
06-Apr-1998,0.96,2.593,1.45,-6.55,0.8491
07-Apr-1998,0.6,2.635,4.9389,-7.8944,0.8007
08-Apr-1998,0.98,2.678,5.8167,-9.1833,0.7685
09-Apr-1998,0.44,2.72,7.1333,-4.1056,0.7658
10-Apr-1998,0.82,2.763,5.2667,-2.4778,0.7792
11-Apr-1998,3.43,2.806,3.5944,-5.7556,0.7766
12-Apr-1998,0.66,2.848,0.9111,-6.9556,0.7309
13-Apr-1998,5.49,2.891,-0.0111,-7.5278,0.6852
14-Apr-1998,1.02,2.934,0.9611,-10.6833,0.6744
15-Apr-1998,2.34,2.977,3.0444,-12.2278,0.6341
16-Apr-1998,3.47,3.019,5.7278,-9.5778,0.618
17-Apr-1998,2.39,3.062,9.8444,-8.5167,0.6126
18-Apr-1998,1.75,3.104,13.4,-4.15,0.6691
19-Apr-1998,0.38,3.147,16.0222,-2.4167,0.8545
20-Apr-1998,0.41,3.189,18.2111,-1.5111,1.1742
21-Apr-1998,0.21,3.232,18.9389,0.5667,1.8138
22-Apr-1998,0.78,3.274,17.0556,1.8333,2.6709
23-Apr-1998,1.3,3.316,9.8611,-0.1278,3.0632
24-Apr-1998,1.31,3.358,8.4278,-2.2056,2.2732
25-Apr-1998,0.6,3.4,8.0556,-3.3556,2.0529
26-Apr-1998,2.32,3.442,11.1833,-3.7444,1.8621
27-Apr-1998,0.76,3.483,14.4278,-2.15,2.0422
28-Apr-1998,0.04,3.525,16.7833,-0.7722,2.4291
29-Apr-1998,0.3,3.566,18.4833,0.05,2.902
30-Apr-1998,0.2,3.607,17.7389,0.6889,3.4932
01-May-1998,0.21,3.648,14.5222,-0.2778,3.8156
02-May-1998,1.31,3.689,10.9556,0.9722,3.8693
03-May-1998,1.51,3.729,10.0167,0.0778,3.5738
04-May-1998,2.07,3.769,9.2722,-1.1222,3.4394
05-May-1998,8.73,3.809,8.5556,-1.8944,3.4394
06-May-1998,20.43,3.848,6.2611,-1.0056,3.0632
07-May-1998,5.74,3.888,9.5278,0.6889,2.7139
08-May-1998,1.41,3.927,10.75,1.6056,3.1707
09-May-1998,2.72,3.965,6.8556,-2.2611,3.735
10-May-1998,2.55,4.004,6.9667,-4.4556,3.2244
11-May-1998,1.08,4.042,8.65,-4.7667,2.8214
12-May-1998,2.72,4.08,4.6111,-3.8778,2.6252
13-May-1998,6.6,4.117,5.0389,-4.0889,2.3109
14-May-1998,2.37,4.154,7.3889,-4.0778,2.0636
15-May-1998,1,4.191,9.9667,-3.9389,2.0395
16-May-1998,6.13,4.227,3.7944,-3.3222,2.3109
17-May-1998,4.12,4.263,8.1,-6.7556,2.018
18-May-1998,0.31,4.298,12.0056,-5.3722,1.8944
19-May-1998,0.2,4.333,12.2389,-2.5611,2.1658
20-May-1998,0.03,4.368,9.4389,-2.55,2.4721
21-May-1998,0.45,4.402,7.3,-4.6722,2.4479
22-May-1998,0.58,4.436,12.0667,-5.15,2.1496
23-May-1998,0.13,4.469,10.4556,-1.4556,2.5796
24-May-1998,1.58,4.502,14.1333,-1.5611,2.5527
25-May-1998,4.84,4.535,7.3611,-0.9667,3.52
26-May-1998,2.89,4.566,2.25,-5.5167,2.9557
27-May-1998,2.55,4.598,6.7722,-3.8778,2.4183
28-May-1998,5.32,4.629,11.6167,-3.8111,2.3324
29-May-1998,2.63,4.659,7.7556,-5.7833,2.6199
30-May-1998,2.91,4.689,13.8111,-5.0444,2.3458
31-May-1998,0.46,4.718,17.2889,-0.5056,2.8483
01-Jun-1998,0.59,4.747,18.5722,1.2278,3.7887
02-Jun-1998,1.6,4.775,13.1389,2.1444,4.5142
03-Jun-1998,0.33,4.803,10.6389,0.4944,4.2455
04-Jun-1998,0.03,4.83,13.5444,-0.6389,4.0574
05-Jun-1998,1.35,4.857,15.3,0.1611,4.1649
06-Jun-1998,12.88,4.883,15.6556,1.7611,4.6217
07-Jun-1998,4.94,4.908,14.5556,1.6389,6.0727
08-Jun-1998,2.75,4.933,13.4389,0.6722,5.4816
09-Jun-1998,3.59,4.957,14.4722,0.9778,5.0248
10-Jun-1998,3.16,4.981,9.2611,2.5611,5.1322
11-Jun-1998,4.62,5.004,9.7889,2.7556,4.8904
12-Jun-1998,5.98,5.026,13.8556,3,4.8367
13-Jun-1998,2.28,5.048,16.2611,3.1111,5.0785
14-Jun-1998,0.88,5.069,18.7833,2.5556,5.4816
15-Jun-1998,0.39,5.089,19.8667,2.8833,5.8846
16-Jun-1998,0.01,5.109,16.2944,1.7167,6.2877
17-Jun-1998,0,5.128,18.3167,-1.5667,5.6965
18-Jun-1998,0.62,5.147,19.6056,3.2111,5.401
19-Jun-1998,0.02,5.165,19.5111,4.0778,5.804
20-Jun-1998,0.01,5.182,19.4667,3.0389,5.6697
21-Jun-1998,0.23,5.198,19.5667,3.9778,5.7503
22-Jun-1998,0,5.214,18.0111,2.6611,5.8309
23-Jun-1998,0.01,5.229,17.6556,0.1944,5.3741
24-Jun-1998,0,5.244,18.3111,2.1167,4.8904
25-Jun-1998,0.01,5.258,16.5056,6.0722,5.3203
26-Jun-1998,0,5.271,18.2389,3.8667,5.2935
27-Jun-1998,0.01,5.283,21.4222,1.6556,4.7292
28-Jun-1998,0.01,5.295,21.7556,4.7111,4.5948
29-Jun-1998,0.01,5.306,21.8278,4.6056,4.7292
30-Jun-1998,0.01,5.316,22.3556,3.3667,4.5948
01-Jul-1998,0.71,5.325,22.5,3.6944,4.2724
02-Jul-1998,0.29,5.334,21.9667,4.7278,4.1649
03-Jul-1998,0.91,5.342,21.4889,2.9167,4.1649
04-Jul-1998,0.64,5.35,21.7,4.8833,4.0037
05-Jul-1998,0.74,5.356,22.7833,5.2889,3.8962
06-Jul-1998,0.37,5.362,23.8222,6.8667,3.9231
07-Jul-1998,0.01,5.367,24.6,6.4333,3.8962
08-Jul-1998,0.01,5.372,25.1833,7.2722,3.8425
09-Jul-1998,0.05,5.376,23.8333,5.9056,3.8962
10-Jul-1998,0,5.379,21.7389,5.6611,3.7081
11-Jul-1998,0,5.381,23.8778,4.7278,3.3051
12-Jul-1998,0.03,5.382,26.1167,5.9444,2.9289
13-Jul-1998,0.08,5.383,25.0056,7.1444,2.8751
14-Jul-1998,0,5.383,25.4667,5.1,2.7408
15-Jul-1998,0,5.383,27.6389,5.1833,2.4775
16-Jul-1998,0.09,5.381,29.9778,8.7056,2.3861
17-Jul-1998,0.01,5.379,29.8833,10.8667,2.4533
18-Jul-1998,0.01,5.376,29.6611,10.3444,2.4828
19-Jul-1998,0.01,5.373,29.5889,9.7611,2.3162
20-Jul-1998,0.36,5.368,28.1611,9.8167,2.2034
21-Jul-1998,0.28,5.363,27.15,10.0278,2.1469
22-Jul-1998,0.59,5.358,22.7222,11.8167,2.0744
23-Jul-1998,1.11,5.351,21.95,10.6722,1.9508
24-Jul-1998,6.54,5.344,22.2444,8.65,2.0341
25-Jul-1998,2.92,5.336,24.2778,7.0333,2.112
26-Jul-1998,2.03,5.327,25.2167,8.2333,1.6928
27-Jul-1998,0.82,5.318,26.3667,7.8667,1.5289
28-Jul-1998,0.35,5.308,26.7833,9.2,1.4456
29-Jul-1998,0.02,5.297,23.9889,7.2611,1.3381
30-Jul-1998,0,5.286,21.3333,4.9944,1.2602
31-Jul-1998,0,5.273,20.5611,2.5167,1.142
01-Aug-1998,0,5.26,23.5111,4.9667,1.0399
02-Aug-1998,0.05,5.247,26.4667,7.3778,0.9673
03-Aug-1998,0,5.232,27.8444,8.4556,0.9136
04-Aug-1998,0.31,5.217,29.1944,9.3778,0.8545
05-Aug-1998,0.01,5.202,29.1833,10.8611,0.7927
06-Aug-1998,0,5.185,27.6056,11.5444,0.7389
07-Aug-1998,0,5.168,25.8111,11.0222,0.6986
08-Aug-1998,0.32,5.151,24.5611,7.2167,0.653
09-Aug-1998,0.45,5.132,25.0111,7.1,0.618
10-Aug-1998,0.61,5.113,26.3944,8.0056,0.6046
11-Aug-1998,0,5.094,27.2944,9.2111,0.5911
12-Aug-1998,0.02,5.073,28.35,10.4167,0.5777
13-Aug-1998,0.03,5.052,29.0889,11.0778,0.5911
14-Aug-1998,2.52,5.031,27.7722,10.05,0.5911
15-Aug-1998,1.88,5.009,25.2222,9.1167,0.5911
16-Aug-1998,0,4.986,23.8944,9.0111,0.5643
17-Aug-1998,0.2,4.962,21.4056,6.5111,0.5374
18-Aug-1998,0,4.938,20.3,3.8556,0.5105
19-Aug-1998,0.01,4.913,20.2222,4.7944,0.4756
20-Aug-1998,0.01,4.888,20.6556,4.1,0.4649
21-Aug-1998,0.02,4.862,21.8222,3.5833,0.438
22-Aug-1998,0,4.836,23.6833,3.8167,0.4246
23-Aug-1998,0,4.809,24.2333,6.1444,0.4326
24-Aug-1998,0,4.781,24.6056,4.9611,0.4192
25-Aug-1998,0.02,4.753,23.2444,7.9111,0.4165
26-Aug-1998,0,4.724,22.4333,5.8722,0.4165
27-Aug-1998,0,4.695,25.5667,5.7389,0.4057
28-Aug-1998,0.02,4.665,27.55,8.6278,0.4031
29-Aug-1998,0,4.635,28.5222,10.3056,0.3923
30-Aug-1998,0,4.604,27.7111,10.9556,0.3869
31-Aug-1998,0.02,4.573,27.3389,9.0889,0.4031
01-Sep-1998,0.39,4.541,26.7611,9.6722,0.4031
02-Sep-1998,0.05,4.509,26.5667,9.5556,0.3977
03-Sep-1998,2.62,4.476,26.0889,9.8944,0.4084
04-Sep-1998,3.63,4.443,22.7056,9.6444,0.4917
05-Sep-1998,6.21,4.409,22.2667,9.1278,0.489
06-Sep-1998,2.25,4.375,20.3333,9.3278,0.6664
07-Sep-1998,0.63,4.341,21.4722,8.4333,0.5132
08-Sep-1998,4.1,4.306,20.7667,7.6611,0.4299
09-Sep-1998,8.78,4.27,15.6444,3.8333,0.5347
10-Sep-1998,0.48,4.235,15.5056,0.5167,0.5401
11-Sep-1998,3.91,4.198,16.0278,2.7,0.4246
12-Sep-1998,0.92,4.162,18.1333,4.0278,0.4192
13-Sep-1998,0.07,4.125,20.6611,5.7778,0.3896
14-Sep-1998,0.33,4.088,22.8111,6.3611,0.3735
15-Sep-1998,0.01,4.05,22.8611,8.1833,0.3601
16-Sep-1998,0.16,4.012,23.4056,7.4667,0.3708
17-Sep-1998,0.15,3.974,18.8111,5.8778,0.3654
18-Sep-1998,0.15,3.935,17.1444,2.8444,0.3547
19-Sep-1998,0.02,3.896,17.1,-0.3722,0.3547
20-Sep-1998,0.28,3.857,14.9833,0.6611,0.352
21-Sep-1998,0.01,3.817,13.6611,-0.3167,0.3493
22-Sep-1998,1.51,3.777,14.0556,-0.3167,0.352
23-Sep-1998,2.92,3.737,13.5944,0.9389,0.3493
24-Sep-1998,2.43,3.697,12.6833,0.5111,0.3842
25-Sep-1998,3.05,3.656,11.3889,0.3778,0.3977
26-Sep-1998,15.9,3.616,6.5611,0.1111,0.4246
27-Sep-1998,5.76,3.575,7.3278,-0.5444,0.5428
28-Sep-1998,6.28,3.534,10.4,-0.5556,0.4702
29-Sep-1998,10.81,3.492,13.0444,1.0944,0.5508
30-Sep-1998,0.38,3.451,13.1611,2.7556,0.5347
01-Oct-1998,0.53,3.409,16.1722,3.0111,0.438
02-Oct-1998,0.25,3.367,13.1667,3.1167,0.3654
03-Oct-1998,0.25,3.325,9.5111,-1.2333,0.3386
04-Oct-1998,0.12,3.283,11.4667,-3.7667,0.3305
05-Oct-1998,0,3.241,11.9111,-2.3556,0.3251
06-Oct-1998,0,3.198,15.3,-1.3389,0.3171
07-Oct-1998,0.32,3.156,15.2333,0.4,0.3117
08-Oct-1998,0.01,3.113,14.6222,0.0944,0.3009
09-Oct-1998,0,3.071,14.0167,-1.5667,0.2956
10-Oct-1998,0,3.028,13.4278,-2.8167,0.2929
11-Oct-1998,0,2.986,16.7111,-1.0833,0.2956
12-Oct-1998,0,2.943,17.8611,1.1111,0.2929
13-Oct-1998,0,2.9,14.2222,-0.2333,0.2875
14-Oct-1998,0,2.857,11.7944,-2.2611,0.2848
15-Oct-1998,0,2.815,8.5333,-3.5,0.2768
16-Oct-1998,0.06,2.772,5.0722,-5.4667,0.266
17-Oct-1998,0,2.729,9.9833,-7.05,0.2553
18-Oct-1998,0.01,2.687,10.3556,-3.8889,0.2499
19-Oct-1998,0.69,2.644,10.7556,-3.4167,0.2553
20-Oct-1998,0.01,2.602,10.8,-2.7278,0.2526
21-Oct-1998,0.01,2.56,12.9389,-1.85,0.2526
22-Oct-1998,0,2.517,13.7833,-1.0167,0.2553
23-Oct-1998,0.85,2.475,14.2389,-1.25,0.2499
24-Oct-1998,5.07,2.433,9.5778,-2.3889,0.258
25-Oct-1998,7.18,2.391,4.0778,-2.7222,0.2983
26-Oct-1998,0.7,2.349,6.9444,-0.7389,0.2902
27-Oct-1998,1.7,2.308,10.5,-1.6056,0.2956
28-Oct-1998,1.27,2.266,9.3778,0.5778,0.2902
29-Oct-1998,2.06,2.225,5.85,-1.5111,0.2902
30-Oct-1998,0.46,2.184,4.2778,-5.1278,0.2929
31-Oct-1998,3.06,2.143,11.1778,-5.9944,0.2687
01-Nov-1998,1.33,2.103,6.9889,-4.7389,0.2741
02-Nov-1998,0.19,2.062,7.7556,-6.3111,0.2768
03-Nov-1998,0,2.022,8.6722,-3.5944,0.2633
04-Nov-1998,0,1.982,10.2722,-3.7556,0.2633
05-Nov-1998,0.15,1.943,5.7611,-5.8444,0.2553
06-Nov-1998,2.99,1.904,1.4167,-6.2278,0.2445
07-Nov-1998,8.74,1.865,2.1333,-3.85,0.2445
08-Nov-1998,2.47,1.826,0.8944,-7.3722,0.266
09-Nov-1998,3.19,1.787,1.8389,-10.2222,0.2553
10-Nov-1998,2.73,1.749,2.0667,-5.6667,0.2553
11-Nov-1998,8.66,1.712,1.6111,-6.85,0.2983
12-Nov-1998,2.72,1.674,5.8056,-9.1,0.2633
13-Nov-1998,1.72,1.637,11.2111,-3.4278,0.266
14-Nov-1998,0.39,1.601,13.6944,-1.5444,0.2956
15-Nov-1998,0.17,1.564,10.7444,-2.6111,0.3009
16-Nov-1998,0.31,1.528,11.4389,-3.2944,0.2875
17-Nov-1998,5.43,1.493,3.9944,-7.1278,0.2983
18-Nov-1998,1.59,1.458,4.0056,-8.6278,0.2526
19-Nov-1998,0.58,1.423,6.4778,-9.6056,0.2687
20-Nov-1998,2.03,1.389,7.9167,-6.3611,0.2526
21-Nov-1998,1.08,1.355,8.7056,-0.7778,0.2768
22-Nov-1998,6.17,1.322,6.3667,-1.5222,0.3009
23-Nov-1998,19.22,1.289,4.7333,-1.6556,0.3305
24-Nov-1998,5.67,1.257,3.3889,-3.8056,0.4622
25-Nov-1998,0.97,1.225,8.7056,-3.2056,0.3654
26-Nov-1998,0.75,1.193,9.8833,-0.8944,0.3493
27-Nov-1998,0.77,1.163,6.1,-1.8889,0.3439
28-Nov-1998,1.57,1.132,2.4944,-3.2722,0.3466
29-Nov-1998,14.71,1.102,3.2389,-4.0611,0.3493
30-Nov-1998,29.58,1.073,3.9167,-2.3389,0.5293
01-Dec-1998,9.94,1.044,4.6389,-4.8444,0.6126
02-Dec-1998,2.04,1.016,5.9778,-4.8056,0.4917
03-Dec-1998,5.74,0.988,3.4778,-7.4167,0.5267
04-Dec-1998,4,0.961,-1.3833,-14.3778,0.4487
05-Dec-1998,4.19,0.935,-2.2444,-17.0111,0.3923
06-Dec-1998,2.37,0.909,-4.2889,-15.2222,0.395
07-Dec-1998,4.28,0.883,1.9389,-15.3389,0.3654
08-Dec-1998,0.77,0.858,3.0111,-11.1778,0.4192
09-Dec-1998,0.27,0.834,0.3889,-12.4833,0.395
10-Dec-1998,0.76,0.811,6.8111,-10.2278,0.3654
11-Dec-1998,0.46,0.788,6.7833,-4.7167,0.4111
12-Dec-1998,0.68,0.765,10.2444,-4.1889,0.4057
13-Dec-1998,1.78,0.743,8.3222,-5.3278,0.4057
14-Dec-1998,0.22,0.722,2.2333,-9.2,0.4004
15-Dec-1998,0.64,0.702,6.0833,-7.2222,0.3789
16-Dec-1998,0.01,0.682,9.2833,-4.6444,0.3896
17-Dec-1998,0.01,0.663,12.5278,-4.1722,0.3869
18-Dec-1998,0.13,0.644,9.6222,-5.2278,0.3896
19-Dec-1998,2.69,0.627,0.6778,-11.2056,0.3816
20-Dec-1998,5.62,0.609,-9.6278,-16.5722,0.3413
21-Dec-1998,1.32,0.593,-4.5667,-19.6389,0.2983
22-Dec-1998,0.44,0.577,-9.0222,-18.5556,0.2983
23-Dec-1998,2.89,0.562,-2.0278,-17.6611,0.3009
24-Dec-1998,2.55,0.547,1.9333,-11.85,0.3117
25-Dec-1998,0.59,0.534,5.4056,-7.3611,0.3117
26-Dec-1998,0.5,0.521,7.3056,-5.7667,0.3117
27-Dec-1998,0.01,0.508,7.7667,-5.7556,0.3063
28-Dec-1998,0.43,0.497,10.6,-3.8667,0.3063
29-Dec-1998,0.01,0.486,11.6833,-4.4833,0.3063
30-Dec-1998,0,0.475,10.6778,-3.9556,0.309
31-Dec-1998,0.15,0.466,6.0667,-6.7889,0.309
01-Jan-1999,0,0.44,8.0889,-7.8611,0.3198
02-Jan-1999,0.01,0.442,7.9333,-7.7111,0.3278
03-Jan-1999,0,0.435,8.1833,-9.1722,0.3224
04-Jan-1999,0.01,0.429,9.5778,-6.1722,0.3251
05-Jan-1999,0,0.424,10.8389,-4.7556,0.3439
06-Jan-1999,0.39,0.419,9.8722,-4.4167,0.3332
07-Jan-1999,0,0.416,8.7444,-6.2889,0.3413
08-Jan-1999,0,0.413,5.3278,-8.7389,0.3224
09-Jan-1999,0,0.41,8.8167,-7.7944,0.3036
10-Jan-1999,0,0.409,11.1722,-5.1444,0.3171
11-Jan-1999,0,0.408,9.1889,-4.0333,0.3332
12-Jan-1999,0,0.408,9.0944,-4.9111,0.3278
13-Jan-1999,0,0.409,6.6389,-5.2056,0.3251
14-Jan-1999,5.61,0.41,9.3778,-3.7778,0.3198
15-Jan-1999,7.04,0.412,7.7667,-0.6556,0.3386
16-Jan-1999,5.34,0.415,3.8444,-1.0722,0.4084
17-Jan-1999,7.98,0.419,5.4111,-0.0556,0.3681
18-Jan-1999,37.83,0.423,3.3222,-0.2056,0.5643
19-Jan-1999,38.73,0.428,2.4278,-1.6778,0.8518
20-Jan-1999,26.37,0.434,1.5944,-3.4056,0.8813
21-Jan-1999,5.93,0.44,0.5167,-6.4667,0.5858
22-Jan-1999,7.16,0.447,3.0611,-5.0222,0.4837
23-Jan-1999,27.15,0.455,0.6389,-7.0833,0.6073
24-Jan-1999,9.06,0.464,-3.8722,-13.0611,0.5159
25-Jan-1999,3.74,0.473,-0.8667,-9.6389,0.481
26-Jan-1999,2.04,0.483,-1.7611,-8.3333,0.4622
27-Jan-1999,0.76,0.494,-1.7167,-11.3889,0.446
28-Jan-1999,2.47,0.506,3.2444,-12.7444,0.3708
29-Jan-1999,0.65,0.518,6.1167,-10.6333,0.4084
30-Jan-1999,0.9,0.531,4.5611,-7.2444,0.4165
31-Jan-1999,1.88,0.545,0.3667,-9.1611,0.4138
01-Feb-1999,1.25,0.559,2.1167,-12.75,0.3601
02-Feb-1999,1.75,0.574,7.3944,-10.5,0.3681
03-Feb-1999,0.35,0.589,9.5611,-5.8944,0.4057
04-Feb-1999,0.79,0.606,6.2,-4.6889,0.4219
05-Feb-1999,1.14,0.623,3.0222,-7.0944,0.4138
06-Feb-1999,9.53,0.641,1.7778,-4.4444,0.3977
07-Feb-1999,56.81,0.659,1.4778,-1.8111,2.1577
08-Feb-1999,34.89,0.678,1.0889,-2.35,1.7761
09-Feb-1999,27.1,0.698,0.4556,-10.7056,1.9911
10-Feb-1999,7.16,0.718,-3.0667,-17.0056,1.0614
11-Feb-1999,4.5,0.739,1.7278,-16.7889,0.7551
12-Feb-1999,0.81,0.761,5.6889,-9.2833,0.7739
13-Feb-1999,0.57,0.783,7.4889,-8.0111,0.6959
14-Feb-1999,0.19,0.806,4.3889,-8.9667,0.6341
15-Feb-1999,0.52,0.829,6.8,-11.05,0.5831
16-Feb-1999,13.8,0.853,3.1056,-4.9944,0.5885
17-Feb-1999,16.81,0.878,5.7722,-1.9167,0.9861
18-Feb-1999,8.41,0.903,4.5111,-4.7111,0.8115
19-Feb-1999,3.69,0.929,3.4111,-10.8944,0.6852
20-Feb-1999,8.33,0.955,3.6333,-11.1889,0.6153
21-Feb-1999,14.29,0.982,-2.2667,-9.2556,0.6449
22-Feb-1999,2.55,1.01,5.2611,-7.5667,0.5831
23-Feb-1999,2.05,1.038,7.9167,-6.0944,0.575
24-Feb-1999,1.49,1.067,9.2389,-4.8,0.5643
25-Feb-1999,8.29,1.096,1.2667,-9.2889,0.5858
26-Feb-1999,3.32,1.126,6.3222,-12.3056,0.524
27-Feb-1999,1.6,1.156,9.5833,-4.4111,0.567
28-Feb-1999,1.76,1.187,9.9389,-2.0944,0.6234
01-Mar-1999,1.43,1.218,9.2167,-3.0889,0.7013
02-Mar-1999,1.34,1.25,10.6778,-4.7889,0.7766
03-Mar-1999,4.21,1.282,5.5611,-2.3,0.919
04-Mar-1999,0.28,1.315,3.8889,-7.9944,0.9458
05-Mar-1999,0.51,1.348,3.05,-10.1556,0.7631
06-Mar-1999,0.2,1.382,4.3667,-7.5444,0.6879
07-Mar-1999,1.19,1.416,2.9722,-10.7944,0.6476
08-Mar-1999,2.97,1.451,0.5556,-7.0556,0.61
09-Mar-1999,12.68,1.486,-1.7278,-12.1778,0.61
10-Mar-1999,5.35,1.521,2.3611,-14.2222,0.5455
11-Mar-1999,1.1,1.557,3.2611,-11.0222,0.5885
12-Mar-1999,1.94,1.593,9.6056,-11.8333,0.5482
13-Mar-1999,0.8,1.629,11.4167,-5.3389,0.5804
14-Mar-1999,0.49,1.666,9.4333,-4.5722,0.6234
15-Mar-1999,0.41,1.704,8.4444,-4.8167,0.618
16-Mar-1999,0.4,1.741,9.35,-5.7111,0.6073
17-Mar-1999,1.1,1.779,12.3556,-4.7611,0.6664
18-Mar-1999,0.35,1.818,12.7167,-2.6556,0.7685
19-Mar-1999,0.45,1.856,10.4611,-1.6667,0.8679
20-Mar-1999,0.59,1.895,3.8611,-4.1222,0.8249
21-Mar-1999,0.16,1.935,4.4944,-7.9167,0.7443
22-Mar-1999,0.93,1.974,9.5333,-7.6944,0.7174
23-Mar-1999,0.89,2.014,8.1556,-5.0833,0.7551
24-Mar-1999,0.36,2.054,9.2833,-3.4833,0.7792
25-Mar-1999,0,2.094,11.2444,-3.1278,0.8142
26-Mar-1999,0.3,2.135,10.6333,-2.5889,0.9351
27-Mar-1999,0.5,2.176,8.1556,-4.6611,1.0399
28-Mar-1999,0.01,2.217,8.1167,-4.8,0.9727
29-Mar-1999,0.29,2.258,8.6167,-4.0111,0.9217
30-Mar-1999,2.24,2.299,1.5944,-6.4,0.8625
31-Mar-1999,8.73,2.341,-0.9389,-12.7056,0.8303
01-Apr-1999,2.3,2.382,-0.4944,-14.0111,0.7577
02-Apr-1999,2.15,2.424,2,-8.2444,0.7658
03-Apr-1999,4.81,2.466,-0.5667,-8.9222,0.747
04-Apr-1999,4.43,2.508,4.6167,-10.5056,0.7094
05-Apr-1999,16.44,2.551,-1.6944,-6.9778,0.7362
06-Apr-1999,22.68,2.593,-0.1056,-6.8667,0.7174
07-Apr-1999,13.89,2.635,0.9778,-5.7,0.6906
08-Apr-1999,10.68,2.678,-2.8667,-10.15,0.6583
09-Apr-1999,7.43,2.72,0.1389,-14.5833,0.6073
10-Apr-1999,3.62,2.763,3.4056,-12.8611,0.6341
11-Apr-1999,1.81,2.806,6.5389,-5.8611,0.6744
12-Apr-1999,0.76,2.848,9.6444,-5.0889,0.7577
13-Apr-1999,1.32,2.891,14.8833,-4.0167,1.0076
14-Apr-1999,0.61,2.934,11.9167,-3.3944,1.2548
15-Apr-1999,0.73,2.977,13.3889,-4.35,1.2307
16-Apr-1999,1.66,3.019,16.5611,-2.65,1.3032
17-Apr-1999,1.32,3.062,17.0167,0.2833,1.537
18-Apr-1999,0.43,3.104,17.05,0.2722,1.8487
19-Apr-1999,0.24,3.147,15.6667,2.3611,2.3216
20-Apr-1999,0.84,3.189,14.0778,0.3111,2.5097
21-Apr-1999,0.14,3.232,10.3667,-1.6722,2.6575
22-Apr-1999,3.31,3.274,4.5778,-3.8944,2.4291
23-Apr-1999,8.66,3.316,5.3667,-3.7167,1.9508
24-Apr-1999,1.73,3.358,10.5611,-3.4889,1.7654
25-Apr-1999,0.91,3.4,13.7833,-1.1722,1.7385
26-Apr-1999,1.38,3.442,9.9444,0.65,2.3028
27-Apr-1999,1.18,3.483,7.1556,-3.1,2.5849
28-Apr-1999,2.4,3.525,3.1222,-8.2722,2.3753
29-Apr-1999,5.11,3.566,3.2,-5.25,1.9911
30-Apr-1999,5.76,3.607,9.1333,-1.95,1.8379
01-May-1999,0.95,3.648,11.95,-0.9778,1.8299
02-May-1999,1.32,3.689,5.6778,-1.0667,2.2652
03-May-1999,4.3,3.729,3.0722,-3.5389,1.9803
04-May-1999,2.35,3.769,9.1056,-4.3944,1.76
05-May-1999,1.29,3.809,14.6333,-3.3778,1.8487
06-May-1999,0.85,3.848,16.6611,-1.0111,2.4425
07-May-1999,0.19,3.888,14.1278,0.5611,3.4663
08-May-1999,0.11,3.927,12.0278,-3.2778,3.7081
09-May-1999,0.11,3.965,10.4667,-5.2444,3.4932
10-May-1999,0.47,4.004,13.0611,-3.5944,3.2513
11-May-1999,0.01,4.042,16.3222,-0.2667,3.6812
12-May-1999,0,4.08,13.9944,1.1778,4.7023
13-May-1999,0.01,4.117,10.4056,-2.3833,5.0516
14-May-1999,0.47,4.154,8.2667,-5.4444,3.9231
15-May-1999,0.59,4.191,9.2167,-6.7833,3.3857
16-May-1999,0,4.227,12.8056,-5.2222,3.2513
17-May-1999,1.83,4.263,16.3389,-1.2944,3.6006
18-May-1999,0.7,4.298,14.5278,-0.1111,4.2993
19-May-1999,0.9,4.333,16.0556,-1.5389,4.2187
20-May-1999,0.47,4.368,15.5889,0.3278,4.4605
21-May-1999,0.76,4.402,17.6,0.6,4.6755
22-May-1999,1.06,4.436,18.5556,2.1944,5.2935
23-May-1999,1.6,4.469,19.8556,3.6,5.9652
24-May-1999,2.38,4.502,19.3111,4.5333,6.3145
25-May-1999,1.49,4.535,20.7056,3.7778,6.6907
26-May-1999,0.06,4.566,21.35,4.7444,6.9863
27-May-1999,0.01,4.598,21.6056,4.3389,6.8788
28-May-1999,0,4.629,19.5056,4.5722,7.2013
29-May-1999,0.01,4.659,15.6389,2.8056,6.6639
30-May-1999,0.69,4.689,17.8056,1.1889,5.5084
31-May-1999,0.02,4.718,17.1778,0.3444,5.589
01-Jun-1999,0.13,4.747,14.15,3.2556,5.2666
02-Jun-1999,4.42,4.775,6.5833,-1.6111,4.9442
03-Jun-1999,7.44,4.803,3.5389,-4.35,3.8962
04-Jun-1999,2.5,4.83,7.3611,-1.5278,3.3051
05-Jun-1999,1.43,4.857,15.3444,2.0056,2.8483
06-Jun-1999,0.44,4.883,13.7278,2.4167,3.0632
07-Jun-1999,0.39,4.908,12.6778,-0.8333,3.52
08-Jun-1999,0,4.933,13.2111,-2.7611,3.2244
09-Jun-1999,0.51,4.957,15.0222,-2.9611,3.1438
10-Jun-1999,0.22,4.981,17.1167,-0.6278,3.1438
11-Jun-1999,0.03,5.004,19.2,1.6778,3.6544
12-Jun-1999,0.03,5.026,20.9778,3.4667,3.9768
13-Jun-1999,0.5,5.048,22.6722,5,4.2993
14-Jun-1999,0.22,5.069,24.2389,5.6889,4.7023
15-Jun-1999,0.38,5.089,21.2611,6.3111,4.9173
16-Jun-1999,0.22,5.109,20.7,4.6611,4.9173
17-Jun-1999,0.37,5.128,22.6278,4.8611,4.7292
18-Jun-1999,0,5.147,22.8611,5.5889,4.6486
19-Jun-1999,0.14,5.165,23.2278,6.6389,4.4605
20-Jun-1999,0.04,5.182,24.1056,5.8111,4.2187
21-Jun-1999,0.01,5.198,22.1278,8.1278,4.0843
22-Jun-1999,0.01,5.214,24.5,6.5722,3.9231
23-Jun-1999,0,5.229,24.7944,6.7167,3.9768
24-Jun-1999,0.07,5.244,21.3056,8.4833,4.0306
25-Jun-1999,0.01,5.258,19.8167,4.9556,3.7619
26-Jun-1999,0.18,5.271,20.5056,1.6056,3.1976
27-Jun-1999,0.45,5.283,23.3056,2.5833,2.8214
28-Jun-1999,0.6,5.295,25.4278,5.6889,2.6467
29-Jun-1999,0.13,5.306,25.9556,6.5667,2.6306
30-Jun-1999,0,5.316,27.2611,7.8889,2.5742
01-Jul-1999,0,5.325,27.3278,9.5222,2.5849
02-Jul-1999,0,5.334,24.4389,10.5056,2.5473
03-Jul-1999,0,5.342,19.5556,9.1,2.4371
04-Jul-1999,0,5.35,19.6222,5.6944,2.2625
05-Jul-1999,0,5.356,24.7222,3.6778,1.9857
06-Jul-1999,1.09,5.362,25.9611,7.3444,1.8084
07-Jul-1999,0,5.367,24.9333,8.9278,1.7331
08-Jul-1999,0,5.372,25.0278,5.8667,1.6364
09-Jul-1999,0.03,5.376,26.8556,6.4722,1.5101
10-Jul-1999,0.24,5.379,26.5444,8.5778,1.408
11-Jul-1999,0.03,5.381,26.5833,9.2389,1.3489
12-Jul-1999,0.03,5.382,28.3778,10.6,1.2898
13-Jul-1999,1.49,5.383,26.8611,11.3667,1.2387
14-Jul-1999,0.04,5.383,23.8611,9.7222,1.1474
15-Jul-1999,0.06,5.383,23.0333,10.5111,1.0856
16-Jul-1999,0,5.381,20.9389,8.6278,0.9915
17-Jul-1999,0.06,5.379,20.4889,6.6389,0.9002
18-Jul-1999,0,5.376,21.4667,4.3444,0.8276
19-Jul-1999,0,5.373,21.1389,5.85,0.7739
20-Jul-1999,0,5.368,19.0944,4.8944,0.7228
21-Jul-1999,0,5.363,20.7889,3.2833,0.6879
22-Jul-1999,0,5.358,23.0556,5.0444,0.6476
23-Jul-1999,0,5.351,22.0389,5.6444,0.6153
24-Jul-1999,0,5.344,21.0889,5.0333,0.5992
25-Jul-1999,0,5.336,23.5056,4.4333,0.575
26-Jul-1999,0.04,5.327,24.8889,6.4389,0.5535
27-Jul-1999,0,5.318,25.5444,7.3389,0.532
28-Jul-1999,0,5.308,25.1944,8.5111,0.5132
29-Jul-1999,0,5.297,23.8278,8.5611,0.4837
30-Jul-1999,0.02,5.286,23.6389,6.7,0.4675
31-Jul-1999,0.11,5.273,24.1167,7.5056,0.4729
01-Aug-1999,0,5.26,22.8778,6.7667,0.4702
02-Aug-1999,0.01,5.247,23.6278,4.6444,0.4434
03-Aug-1999,0,5.232,24.4278,5.8111,0.4165
04-Aug-1999,0.28,5.217,23.7167,7.3333,0.4622
05-Aug-1999,0.69,5.202,21.3833,6.0111,0.489
06-Aug-1999,0.62,5.185,14.0278,6.1556,0.4675
07-Aug-1999,0.66,5.168,16.6278,1.9778,0.4729
08-Aug-1999,0.24,5.151,18.1167,3.8611,0.4541
09-Aug-1999,1.89,5.132,20.1889,5.0444,0.4595
10-Aug-1999,2.78,5.113,15.4056,4.3333,0.524
11-Aug-1999,4.97,5.094,17.1833,1.3444,0.575
12-Aug-1999,1.14,5.073,21.0333,3.4167,0.5079
13-Aug-1999,0,5.052,20.5167,7,0.4514
14-Aug-1999,0.01,5.031,19.8556,3.9556,0.4353
15-Aug-1999,0.08,5.009,21.6778,2.1944,0.4299
16-Aug-1999,0.32,4.986,23.8722,5.15,0.438
17-Aug-1999,0,4.962,24.9611,5.8667,0.4353
18-Aug-1999,0,4.938,23.4556,8.7111,0.4219
19-Aug-1999,0.39,4.913,24.9833,6.2889,0.4138
20-Aug-1999,0.05,4.888,24.8389,7.3222,0.4084
21-Aug-1999,0,4.862,24.7833,7.7444,0.4192
22-Aug-1999,1.49,4.836,25.1111,7.3167,0.4246
23-Aug-1999,0.16,4.809,24.7333,7.2722,0.4299
24-Aug-1999,0.05,4.781,25.45,7.0556,0.4165
25-Aug-1999,0.87,4.753,26.5,7.8222,0.4138
26-Aug-1999,4.83,4.724,23.7278,8.3944,0.4084
27-Aug-1999,0.76,4.695,21.7778,6.7556,0.5052
28-Aug-1999,0.48,4.665,24.35,5.3667,0.4299
29-Aug-1999,0,4.635,24.4556,6.5778,0.4004
30-Aug-1999,0.81,4.604,16.5222,3.1111,0.3816
31-Aug-1999,0.11,4.573,16.4667,-0.8389,0.3816
01-Sep-1999,0.01,4.541,14.7944,-0.2556,0.4004
02-Sep-1999,0.03,4.509,16.6167,0.7944,0.4031
03-Sep-1999,0.4,4.476,18.1722,0.6889,0.4004
04-Sep-1999,0,4.443,20.4333,0.7944,0.3413
05-Sep-1999,0.91,4.409,23.4889,3.45,0.3224
06-Sep-1999,0,4.375,24.3778,6.0444,0.3117
07-Sep-1999,0,4.341,25.2278,5.3444,0.3278
08-Sep-1999,0,4.306,25.4222,5.9778,0.3198
09-Sep-1999,0.81,4.27,23.1,6.1389,0.3386
10-Sep-1999,0.36,4.235,21.5833,5.5944,0.3601
11-Sep-1999,0,4.198,21.3333,4.7778,0.3439
12-Sep-1999,0,4.162,22.5167,4.95,0.3224
13-Sep-1999,0.22,4.125,22.7278,5.75,0.2929
14-Sep-1999,0,4.088,22.1167,5.2333,0.2821
15-Sep-1999,0.02,4.05,22.7944,4.3833,0.2741
16-Sep-1999,0,4.012,23.1556,5.0889,0.2714
17-Sep-1999,0,3.974,22.9278,5.8389,0.2445
18-Sep-1999,2.9,3.935,15.4944,5.5,0.2365
19-Sep-1999,3.6,3.896,19.6556,3.6,0.2633
20-Sep-1999,2.72,3.857,21.2722,5.4056,0.2445
21-Sep-1999,0.01,3.817,22.1111,4.7167,0.2445
22-Sep-1999,0.13,3.777,17.2778,6.0333,0.2311
23-Sep-1999,0.65,3.737,19.5944,4.9889,0.2338
24-Sep-1999,0.01,3.697,21.75,5.3889,0.2257
25-Sep-1999,0.01,3.656,24.7667,5.5667,0.223
26-Sep-1999,0.36,3.616,23.3778,4.2556,0.215
27-Sep-1999,0.05,3.575,20.6556,1.5278,0.215
28-Sep-1999,0,3.534,17.0556,-0.8833,0.2123
29-Sep-1999,0,3.492,21.9944,2.9778,0.2123
30-Sep-1999,0,3.451,23.0667,3.8167,0.2096
01-Oct-1999,0,3.409,21.4333,3.7722,0.2042
02-Oct-1999,0,3.367,19.8056,2.2667,0.2042
03-Oct-1999,0.86,3.325,20.3944,2.4333,0.2015
04-Oct-1999,0,3.283,19.1056,2.1722,0.2015
05-Oct-1999,0.04,3.241,16.05,2.9889,0.1988
06-Oct-1999,0.21,3.198,10.15,0.9944,0.1988
07-Oct-1999,0.14,3.156,15.2444,-2.6111,0.2042
08-Oct-1999,0,3.113,21.1278,0.8722,0.2069
09-Oct-1999,0,3.071,22.1278,2.6111,0.2096
10-Oct-1999,0,3.028,21.7,3.0222,0.2042
11-Oct-1999,0,2.986,21.0222,3.4,0.2015
12-Oct-1999,0,2.943,22.6278,1.3944,0.1935
13-Oct-1999,0,2.9,22.1167,1.9667,0.1827
14-Oct-1999,0,2.857,20.8167,2.5278,0.1854
15-Oct-1999,1.24,2.815,14.9889,-0.5556,0.1881
16-Oct-1999,0,2.772,11.5389,-4.2111,0.1908
17-Oct-1999,0,2.729,15.0111,-4.2,0.1935
18-Oct-1999,0,2.687,16.7889,-1.5556,0.1962
19-Oct-1999,0,2.644,18.1722,-1.0444,0.1962
20-Oct-1999,0,2.602,19.2722,0.2278,0.1935
21-Oct-1999,0,2.56,19.3722,0.6,0.1935
22-Oct-1999,0,2.517,18.4167,0.3333,0.1935
23-Oct-1999,0,2.475,17.1278,1.3444,0.1935
24-Oct-1999,0,2.433,17.9111,-0.2944,0.1881
25-Oct-1999,0.12,2.391,18.4611,0.1444,0.1881
26-Oct-1999,0.07,2.349,16.7278,0.9556,0.1881
27-Oct-1999,8.78,2.308,14.7722,2.65,0.1854
28-Oct-1999,18.01,2.266,9.3611,-0.2778,0.2795
29-Oct-1999,0.12,2.225,12.1667,-4.2389,0.3305
30-Oct-1999,0.76,2.184,16.3056,-1.2833,0.2741
31-Oct-1999,0,2.143,17.6278,0.2889,0.2499
01-Nov-1999,0.21,2.103,16.9722,-1.3111,0.2365
02-Nov-1999,0,2.062,17.8722,-0.2667,0.2311
03-Nov-1999,0.01,2.022,17.7111,-1.1444,0.2257
04-Nov-1999,0.14,1.982,17.1611,-0.2611,0.2203
05-Nov-1999,0,1.943,17.05,0.5667,0.2177
06-Nov-1999,0.14,1.904,17.0389,0.2389,0.2123
07-Nov-1999,5.92,1.865,13.6556,-1.1444,0.2096
08-Nov-1999,8.11,1.826,5.7778,-4,0.2365
09-Nov-1999,0.48,1.787,8.9333,-4.7611,0.2311
10-Nov-1999,0.35,1.749,10.4722,-0.2333,0.2284
11-Nov-1999,0.21,1.712,14.3278,0.2944,0.2284
12-Nov-1999,0.38,1.674,15.9111,-0.5556,0.2311
13-Nov-1999,0,1.637,16.3833,-0.6389,0.2257
14-Nov-1999,0.04,1.601,15.3111,-0.4722,0.2203
15-Nov-1999,1.25,1.564,10.7556,-0.1556,0.2203
16-Nov-1999,9.19,1.528,10.4278,-2.9222,0.2284
17-Nov-1999,4.05,1.493,3.3333,-6.7222,0.2553
18-Nov-1999,1.42,1.458,7.5778,-8.1722,0.2257
19-Nov-1999,16.05,1.423,6.75,-3.6556,0.2391
20-Nov-1999,3.22,1.389,5.2389,-3.45,0.3251
21-Nov-1999,0.93,1.355,0.9333,-8.5556,0.2768
22-Nov-1999,0.44,1.322,2.9278,-12.9444,0.2257
23-Nov-1999,0.04,1.289,3.1389,-9.6389,0.2042
24-Nov-1999,0.52,1.257,7.1389,-8.8611,0.2177
25-Nov-1999,0.26,1.225,11.3222,-4.1722,0.2257
26-Nov-1999,0,1.193,11.95,-2.95,0.2311
27-Nov-1999,0,1.163,10.2722,-3.1722,0.2311
28-Nov-1999,0.45,1.132,10.9167,-2.9111,0.2203
29-Nov-1999,0.24,1.102,11.2667,-0.2056,0.2257
30-Nov-1999,3.65,1.073,6.6611,-3.0778,0.2257
01-Dec-1999,0.94,1.044,4.8056,-7.05,0.2257
02-Dec-1999,0.46,1.016,3.2389,-8.9444,0.2069
03-Dec-1999,0.07,0.988,1.3167,-11.2444,0.2096
04-Dec-1999,0.87,0.961,7.1556,-10.1167,0.1854
05-Dec-1999,0.01,0.935,6.2167,-4.8389,0.2177
06-Dec-1999,0.21,0.909,7.3722,-4.6611,0.223
07-Dec-1999,0.2,0.883,0.8,-9.6222,0.2257
08-Dec-1999,1.66,0.858,4.2778,-13.3722,0.1881
09-Dec-1999,1.1,0.834,1.3222,-9.0611,0.215
10-Dec-1999,1.1,0.811,-1.6778,-10.2,0.2177
11-Dec-1999,0.71,0.788,4.3,-10.8722,0.1881
12-Dec-1999,1.78,0.765,8.2444,-6.3722,0.2096
13-Dec-1999,0.31,0.743,2.8222,-9.3444,0.2311
14-Dec-1999,0.34,0.722,2.3056,-11.2667,0.2015
15-Dec-1999,0.57,0.702,8.2889,-7.4222,0.2015
16-Dec-1999,0,0.682,11.9556,-5.2111,0.2123
17-Dec-1999,0,0.663,12.0167,-4.7444,0.2069
18-Dec-1999,0.01,0.644,9.1,-3.3778,0.2123
19-Dec-1999,0,0.627,7.9278,-4.7778,0.2015
20-Dec-1999,0,0.609,7.3667,-5.6833,0.1988
21-Dec-1999,0,0.593,6.0722,-7.2278,0.1908
22-Dec-1999,0,0.577,6.6444,-8.0556,0.1854
23-Dec-1999,0,0.562,6.7889,-7.5722,0.2123
24-Dec-1999,0,0.547,6.3389,-8.0389,0.2042
25-Dec-1999,0,0.534,5.3611,-8.2167,0.215
26-Dec-1999,0,0.521,6.0667,-8.5778,0.2069
27-Dec-1999,0,0.508,4.7,-8.5222,0.2123
28-Dec-1999,0,0.497,7.3,-8.8333,0.2096
29-Dec-1999,0,0.486,7.9333,-8.3167,0.2069
30-Dec-1999,0,0.475,7.6722,-8.4444,0.2042
31-Dec-1999,0,0.466,6.2111,-7.5722,0.2069
01-Jan-2000,0.55,0.44,3.4722,-10.1556,0.215
02-Jan-2000,0.36,0.442,-0.05,-14.0778,0.2069
03-Jan-2000,0.05,0.435,4.7889,-9.7444,0.2284
04-Jan-2000,0.08,0.429,4.1778,-8.1889,0.1854
05-Jan-2000,0,0.424,1.3111,-11.5278,0.1773
06-Jan-2000,0,0.419,6.45,-11.1722,0.1908
07-Jan-2000,0.04,0.416,5.4611,-7.7278,0.1988
08-Jan-2000,0.03,0.413,7.6778,-7.4278,0.1935
09-Jan-2000,0.01,0.41,4.4944,-4.2167,0.1854
10-Jan-2000,3.08,0.409,4.5111,-0.8444,0.1908
11-Jan-2000,18.68,0.408,2.8667,-1.7833,0.1908
12-Jan-2000,2.13,0.408,1.9389,-3.2556,0.2015
13-Jan-2000,0.65,0.409,5.7556,-2.0222,0.1962
14-Jan-2000,0.82,0.41,7.1,0.6167,0.1962
15-Jan-2000,18.89,0.412,3.8889,-0.5222,0.223
16-Jan-2000,22.29,0.415,2.1278,-2.8667,0.3144
17-Jan-2000,10.88,0.419,3.0556,-1.4,0.2606
18-Jan-2000,30.1,0.423,4.3889,-0.25,0.446
19-Jan-2000,3.43,0.428,6.2444,-2.2389,0.5508
20-Jan-2000,2.86,0.434,5.6389,-1.6778,0.4219
21-Jan-2000,2.22,0.44,3.3222,-4.8333,0.3923
22-Jan-2000,1.83,0.447,3.8833,-6.7,0.3251
23-Jan-2000,15.12,0.455,1.8056,-3.1222,0.2983
24-Jan-2000,44.53,0.464,1.3944,-0.6167,0.7121
25-Jan-2000,20.7,0.473,2.75,-3.4278,1.0103
26-Jan-2000,1.92,0.483,4.0889,-8.4778,0.575
27-Jan-2000,0.07,0.494,3.9389,-9.1056,0.4192
28-Jan-2000,0.02,0.506,3.55,-11.0944,0.3789
29-Jan-2000,1.77,0.518,4.6333,-9.8944,0.3251
30-Jan-2000,14.69,0.531,1.2056,-7.0722,0.3466
31-Jan-2000,5.22,0.545,2.9833,-5.5,0.3332
01-Feb-2000,0.5,0.559,9.3833,-3.2056,0.3251
02-Feb-2000,0.21,0.574,12.6833,-3.6056,0.3224
03-Feb-2000,1.83,0.589,9.4944,-4.8778,0.3278
04-Feb-2000,0.09,0.606,6.1722,-2.65,0.3251
05-Feb-2000,0.14,0.623,6.7444,-3.85,0.3251
06-Feb-2000,0.4,0.641,9.2333,-6.2111,0.3036
07-Feb-2000,0.41,0.659,10.1833,-3.9722,0.2983
08-Feb-2000,0.17,0.678,10.9611,-1.5722,0.3009
09-Feb-2000,1.31,0.698,6.7722,-0.5444,0.3036
10-Feb-2000,4.34,0.718,4.0833,-4.3889,0.3117
11-Feb-2000,7.22,0.739,2.2722,-5.9167,0.3117
12-Feb-2000,9.34,0.761,0.2778,-5.0167,0.309
13-Feb-2000,52.36,0.783,3.0389,-3.1278,0.3439
14-Feb-2000,26.41,0.806,2.2056,-4.2556,2.5204
15-Feb-2000,3.16,0.829,5.3333,-7.4778,1.0264
16-Feb-2000,3.15,0.853,0.8389,-6.6167,0.7094
17-Feb-2000,0.23,0.878,2.8722,-6.7444,0.5777
18-Feb-2000,0.66,0.903,3.7111,-7.7111,0.5025
19-Feb-2000,1.31,0.929,6.0833,-7.9056,0.4595
20-Feb-2000,5.16,0.955,4.1444,-3.1389,0.4487
21-Feb-2000,1.21,0.982,5.0111,-6.2889,0.446
22-Feb-2000,5.19,1.01,3.3,-4.7,0.4084
23-Feb-2000,16.73,1.038,-0.0389,-8.5444,0.4192
24-Feb-2000,2.17,1.067,-0.8833,-14.5056,0.3681
25-Feb-2000,2.51,1.096,4.2722,-9.4056,0.3896
26-Feb-2000,4.17,1.126,5.5,-4.1333,0.3842
27-Feb-2000,47.7,1.156,2.3,-4.9222,0.6637
28-Feb-2000,1.35,1.187,4.1111,-8.4056,0.5455
29-Feb-2000,5.55,1.218,2.3,-9.6556,0.5428
01-Mar-2000,1.44,1.25,4.9778,-12.4167,0.4568
02-Mar-2000,4.4,1.282,3.9667,-6.9833,0.4702
03-Mar-2000,0.72,1.315,5.6611,-4.1944,0.4434
04-Mar-2000,0.66,1.348,9.9944,-5.5722,0.4622
05-Mar-2000,4.19,1.382,3.9222,-5.0278,0.532
06-Mar-2000,4.27,1.416,0.7611,-7.0778,0.4729
07-Mar-2000,2.05,1.451,2.0944,-9.7278,0.4299
08-Mar-2000,9.09,1.486,0.1111,-6.5444,0.4326
09-Mar-2000,4.77,1.521,0.7833,-7.6111,0.4111
10-Mar-2000,1.69,1.557,7.9722,-9.35,0.3896
11-Mar-2000,2.16,1.593,8.8667,-4.7167,0.4138
12-Mar-2000,0.24,1.629,11.8889,-5.9278,0.4675
13-Mar-2000,0.01,1.666,12.8444,-4.9389,0.4971
14-Mar-2000,0.1,1.704,13.55,-2.1,0.5482
15-Mar-2000,0.11,1.741,11.7778,-4.7222,0.6234
16-Mar-2000,0,1.779,9.8,-4.7944,0.6126
17-Mar-2000,0,1.818,11.8556,-7.3111,0.6664
18-Mar-2000,0.09,1.856,14.0722,-4.7278,0.6341
19-Mar-2000,0.11,1.895,9.9389,-4.6778,0.7604
20-Mar-2000,0,1.935,1.8611,-8.25,0.8625
21-Mar-2000,0,1.974,5.7056,-9.0667,0.7013
22-Mar-2000,0.2,2.014,11.7611,-6.2833,0.6422
23-Mar-2000,0.13,2.054,9.9056,-2.0333,0.661
24-Mar-2000,0.06,2.094,11.1833,-4.4111,0.7067
25-Mar-2000,0.01,2.135,12.3889,-2.6389,0.7416
26-Mar-2000,0.02,2.176,14.7611,-3.3111,0.8464
27-Mar-2000,0,2.217,11.2722,-1.7222,0.9781
28-Mar-2000,0,2.258,10.2444,-5.7111,0.9512
29-Mar-2000,0,2.299,10.3278,-5.5778,0.9055
30-Mar-2000,0,2.341,7.1944,-6.6,0.8975
31-Mar-2000,0,2.382,7.5111,-6.1222,0.8195
01-Apr-2000,0.01,2.424,11.5222,-3.3222,0.7712
02-Apr-2000,0.04,2.466,15.6944,-1.0222,0.8034
03-Apr-2000,0,2.508,19.2444,-0.6944,1.0399
04-Apr-2000,0.01,2.551,15.7944,1.0167,1.4429
05-Apr-2000,0,2.593,15.8556,-0.5167,1.7788
06-Apr-2000,0,2.635,15.2278,-0.3056,1.7224
07-Apr-2000,0,2.678,16.8556,-1.9667,1.6418
08-Apr-2000,0,2.72,13.0944,-1.5611,1.7815
09-Apr-2000,0.08,2.763,10.9722,-3.2056,1.6283
10-Apr-2000,0.02,2.806,12.4222,-2.8111,1.5128
11-Apr-2000,0.43,2.848,15.5833,-1.7722,1.6337
12-Apr-2000,1.14,2.891,15.8722,1.1611,1.7761
13-Apr-2000,25.28,2.934,7.2889,-0.8278,2.6521
14-Apr-2000,2.28,2.977,6.6444,-3.8722,2.1281
15-Apr-2000,0.05,3.019,7.5556,-4,1.6472
16-Apr-2000,3.01,3.062,7.6611,-1.6889,1.4295
17-Apr-2000,5.75,3.104,4.9222,-2.6667,1.3113
18-Apr-2000,1.99,3.147,2.8722,-4.5,1.185
19-Apr-2000,1.84,3.189,9.6833,-4.2944,1.0614
20-Apr-2000,0.01,3.232,12.9667,-0.6833,1.1447
21-Apr-2000,0.78,3.274,14.95,-0.8833,1.3543
22-Apr-2000,0.02,3.316,10.75,-0.9444,1.5262
23-Apr-2000,0,3.358,10.7667,-3.5333,1.5101
24-Apr-2000,1.23,3.4,14.6222,-5.4833,1.5558
25-Apr-2000,0,3.442,14.3722,-0.1833,1.6982
26-Apr-2000,0.17,3.483,19.7167,0.9444,2.104
27-Apr-2000,0,3.525,17.2278,1.2778,2.6252
28-Apr-2000,0.01,3.566,9.3944,-2.1389,2.7408
29-Apr-2000,0,3.607,12.9167,-5.9833,2.1577
30-Apr-2000,0.01,3.648,18.8333,-1.9111,2.0475
01-May-2000,0,3.689,19.1722,1.45,2.5231
02-May-2000,0,3.729,17.6556,1.4222,2.8214
03-May-2000,0.03,3.769,17.3111,1.5333,3.0901
04-May-2000,0.01,3.809,15.5222,3.9889,3.1438
05-May-2000,0.04,3.848,12.0389,3.3278,3.2513
06-May-2000,16.35,3.888,11.5833,0.8,2.8483
07-May-2000,13.94,3.927,8.9778,1.3111,2.687
08-May-2000,5.84,3.965,11.7778,1.8,4.0843
09-May-2000,0.49,4.004,11.2222,2.0667,3.6812
10-May-2000,0.69,4.042,5.45,-5.6667,2.9557
11-May-2000,2.47,4.08,6.2944,-11.0667,2.292
12-May-2000,0.39,4.117,10.3278,-6.7389,1.9938
13-May-2000,0,4.154,12.3889,-0.7889,1.8621
14-May-2000,0.15,4.191,11.8778,-1.2667,1.7949
15-May-2000,4.72,4.227,10.35,-0.8889,1.7681
16-May-2000,5.36,4.263,4.3833,-2.2222,1.7224
17-May-2000,1.76,4.298,11.1889,-1.5722,1.5316
18-May-2000,0.06,4.333,15.7667,0.2444,1.7358
19-May-2000,1.02,4.368,19.3111,2.0667,2.2168
20-May-2000,0.51,4.402,21.4889,2.7444,2.6145
21-May-2000,0.02,4.436,23.65,4.3444,2.9826
22-May-2000,0.24,4.469,24.2667,5.8667,3.4394
23-May-2000,1.25,4.502,24.1,6.4278,3.5738
24-May-2000,3.86,4.535,21.1,7.3333,4.1649
25-May-2000,0.01,4.566,17.9111,4.6222,4.6217
26-May-2000,0.01,4.598,19.35,2.65,3.9499
27-May-2000,0,4.629,21.1778,4.8944,3.6544
28-May-2000,0.01,4.659,21.0833,5.2611,3.7081
29-May-2000,0.01,4.689,18.5611,7.55,3.4125
30-May-2000,0,4.718,17.5778,4.2556,3.0632
31-May-2000,0,4.747,16.6056,-0.3833,2.644
01-Jun-2000,0.01,4.775,20.6167,-0.8278,2.378
02-Jun-2000,0.01,4.803,21.4111,2.0444,2.292
03-Jun-2000,0.02,4.83,23.95,2.4944,2.2383
04-Jun-2000,0.33,4.857,23.5167,5.3444,2.3216
05-Jun-2000,0,4.883,19.1222,6.4278,2.4775
06-Jun-2000,0.01,4.908,22.7111,2.7333,2.2867
07-Jun-2000,1.9,4.933,18.5833,4.2,2.2087
08-Jun-2000,3.47,4.957,10.2889,0.1167,2.1765
09-Jun-2000,0.16,4.981,13.4889,-1.7167,1.7546
10-Jun-2000,0.14,5.004,16.1944,0.6333,1.5773
11-Jun-2000,0.23,5.026,19.4444,0.8556,1.5047
12-Jun-2000,0,5.048,21.5,6.3444,1.5504
13-Jun-2000,0.01,5.069,23.4278,5.3444,1.7063
14-Jun-2000,0,5.089,27.8278,7.1056,1.8567
15-Jun-2000,0,5.109,28.1611,7.9944,1.8756
16-Jun-2000,0,5.128,23.4111,6.7167,1.8541
17-Jun-2000,0.01,5.147,23.7389,4.4556,1.6579
18-Jun-2000,0.07,5.165,21.95,6.7944,1.6069
19-Jun-2000,0,5.182,22.7833,5.0056,1.6042
20-Jun-2000,0,5.198,24,4.7556,1.4134
21-Jun-2000,0,5.214,25.2333,6.6444,1.3167
22-Jun-2000,0.65,5.229,24.7556,6.7333,1.2871
23-Jun-2000,1.11,5.244,24.5944,7.05,1.1957
24-Jun-2000,0.28,5.258,24.0667,7.55,1.1312
25-Jun-2000,4.36,5.271,24.3389,7.5722,1.0721
26-Jun-2000,0.54,5.283,23.4944,6.2889,1.2548
27-Jun-2000,4.14,5.295,25.4611,7.7611,1.0721
28-Jun-2000,1.57,5.306,25.7944,9.5,1.1554
29-Jun-2000,4.24,5.316,25.9556,8.8389,1.0668
30-Jun-2000,0.22,5.325,23.6167,8.1222,0.9861
01-Jul-2000,0,5.334,21.3667,5.9667,0.876
02-Jul-2000,0,5.342,19.5889,4.9333,0.7497
03-Jul-2000,0.04,5.35,16.85,3.8833,0.704
04-Jul-2000,0.3,5.356,17.7389,0.5278,0.661
05-Jul-2000,0,5.362,15.7389,2.4167,0.6126
06-Jul-2000,0,5.367,18.6667,1.3833,0.575
07-Jul-2000,0,5.372,18.8833,3.8167,0.5482
08-Jul-2000,0,5.376,19.6222,3.0278,0.5159
09-Jul-2000,0,5.379,22.2667,4.0444,0.4971
10-Jul-2000,0,5.381,23.2111,6.1722,0.481
11-Jul-2000,0,5.382,25.0222,7.0222,0.4756
12-Jul-2000,0,5.383,25.3,7.7944,0.4702
13-Jul-2000,0,5.383,24.8,7.5667,0.4622
14-Jul-2000,0,5.383,25.0333,8.4778,0.446
15-Jul-2000,0,5.381,24.9333,7.4833,0.4004
16-Jul-2000,0.36,5.379,22.6611,8.2444,0.3923
17-Jul-2000,0.01,5.376,22.1056,6.1222,0.3923
18-Jul-2000,0,5.373,23.0222,4.5278,0.3708
19-Jul-2000,0,5.368,24.8,4.1333,0.3654
20-Jul-2000,0,5.363,26.9611,5.9889,0.3735
21-Jul-2000,0.32,5.358,27.6167,7.2111,0.3654
22-Jul-2000,0,5.351,26,7.9444,0.3628
23-Jul-2000,0,5.344,26.4556,7.1611,0.3574
24-Jul-2000,0,5.336,27.1944,6.6778,0.3466
25-Jul-2000,0,5.327,27.2278,7.7056,0.3466
26-Jul-2000,0,5.318,25.3056,9.3667,0.3628
27-Jul-2000,0,5.308,25.6278,6.0222,0.3601
28-Jul-2000,0,5.297,26.8111,7.3778,0.3628
29-Jul-2000,0,5.286,27.9111,8.2389,0.3547
30-Jul-2000,0,5.273,29.1167,11.5056,0.352
31-Jul-2000,0.44,5.26,30.3722,11.55,0.3144
01-Aug-2000,4.37,5.247,29.9944,12.3778,0.2633
02-Aug-2000,1.57,5.232,28.5667,10.9889,0.4702
03-Aug-2000,5.33,5.217,25.5778,9.9833,0.4031
04-Aug-2000,1.55,5.202,24.2889,8.85,0.4514
05-Aug-2000,0,5.185,26.0111,8.4444,0.4138
06-Aug-2000,0.05,5.168,26.1222,9.2167,0.3896
07-Aug-2000,0,5.151,25.5778,8.6722,0.3708
08-Aug-2000,0,5.132,25.0056,7.4944,0.3251
09-Aug-2000,0.15,5.113,23.95,7.9111,0.3171
10-Aug-2000,0.04,5.094,21.4333,6.0222,0.3198
11-Aug-2000,0,5.073,24.9833,3.4167,0.3144
12-Aug-2000,0.38,5.052,25.8167,5.8778,0.3063
13-Aug-2000,0,5.031,25.8722,5.2167,0.2687
14-Aug-2000,0.14,5.009,26.5278,5.6056,0.2472
15-Aug-2000,0,4.986,27.2,7.2722,0.2821
16-Aug-2000,0,4.962,28.0056,7.1889,0.2741
17-Aug-2000,0.09,4.938,26.1611,7.3444,0.2445
18-Aug-2000,0,4.913,23.2056,7.7556,0.2526
19-Aug-2000,0.09,4.888,21.9444,4.4444,0.223
20-Aug-2000,0,4.862,22.6944,3.6056,0.2015
21-Aug-2000,0,4.836,23.8056,4.3444,0.2015
22-Aug-2000,0.07,4.809,24.7667,5.8778,0.2015
23-Aug-2000,0.02,4.781,24.0556,6.4444,0.1962
24-Aug-2000,0.08,4.753,24.7222,6.0944,0.2042
25-Aug-2000,0.14,4.724,25.1278,8.1556,0.215
26-Aug-2000,0,4.695,24.4556,9.7444,0.215
27-Aug-2000,0.16,4.665,25.1167,7.6222,0.2096
28-Aug-2000,1.5,4.635,25.0556,8.1778,0.2123
29-Aug-2000,1.89,4.604,18.65,9.4667,0.2418
30-Aug-2000,6.64,4.573,13.5778,7.1167,0.2875
31-Aug-2000,0.83,4.541,16.85,4.5167,0.3278
01-Sep-2000,6.45,4.509,10.35,3.2389,0.266
02-Sep-2000,9.77,4.476,8.7944,1.9833,0.2821
03-Sep-2000,0.5,4.443,12.5889,1.45,0.2902
04-Sep-2000,0.01,4.409,13.1944,0.2111,0.223
05-Sep-2000,0.02,4.375,13.7722,-2.9222,0.2015
06-Sep-2000,0.12,4.341,15.0056,-1.4611,0.1881
07-Sep-2000,0.05,4.306,20.5444,0.6556,0.1827
08-Sep-2000,0.11,4.27,20.2444,3.1722,0.1747
09-Sep-2000,0.24,4.235,21.8667,3.8056,0.172
10-Sep-2000,0,4.198,22.6611,3.55,0.1773
11-Sep-2000,0.15,4.162,24.1611,3.8889,0.1747
12-Sep-2000,0,4.125,24.2889,5.3167,0.1585
13-Sep-2000,0,4.088,25.1778,8.8944,0.1558
14-Sep-2000,0,4.05,24.3889,8.5722,0.1612
15-Sep-2000,0.05,4.012,22.7278,6.6889,0.1666
16-Sep-2000,0.28,3.974,22.6833,6.4,0.1639
17-Sep-2000,0,3.935,23.5222,4.45,0.1612
18-Sep-2000,0,3.896,24.1056,5.65,0.1558
19-Sep-2000,0,3.857,25.9111,6.6611,0.1397
20-Sep-2000,0,3.817,26.15,7.0667,0.137
21-Sep-2000,0.1,3.777,20.7833,7.9889,0.1505
22-Sep-2000,1.43,3.737,13.5667,3.5944,0.1478
23-Sep-2000,0.26,3.697,15.45,-0.7167,0.1397
24-Sep-2000,0.01,3.656,18.1722,-1.5056,0.1424
25-Sep-2000,0,3.616,19.6556,1.2944,0.1558
26-Sep-2000,0,3.575,20.8944,1.6833,0.1478
27-Sep-2000,0,3.534,19.9556,2.4778,0.1424
28-Sep-2000,0,3.492,19.3333,3.5778,0.1424
29-Sep-2000,0.28,3.451,19.7056,3.4111,0.1451
30-Sep-2000,0,3.409,22.7056,3.9833,0.1397
01-Oct-2000,0,3.367,22.3944,5.15,0.137
02-Oct-2000,0,3.325,20.5333,6.7056,0.1344
03-Oct-2000,0,3.283,18.9722,2.9611,0.1317
04-Oct-2000,0,3.241,19.4778,2.2,0.1344
05-Oct-2000,0,3.198,19.8889,2.1611,0.1317
06-Oct-2000,0,3.156,19.6556,2.5111,0.137
07-Oct-2000,0.01,3.113,19.7222,2.7611,0.137
08-Oct-2000,0.09,3.071,20.0222,2.6,0.137
09-Oct-2000,7.47,3.028,14.6722,-0.2667,0.1317
10-Oct-2000,4.23,2.986,5.8167,-3.2444,0.1693
11-Oct-2000,0.96,2.943,3.15,-3.7,0.1908
12-Oct-2000,0.41,2.9,6.5722,-4.5389,0.1881
13-Oct-2000,0.18,2.857,10.9111,-3.3889,0.1881
14-Oct-2000,0.28,2.815,12.7778,-1.3722,0.1908
15-Oct-2000,0,2.772,14.5611,-1.0944,0.1908
16-Oct-2000,0.01,2.729,16.6056,-0.7889,0.1908
17-Oct-2000,0,2.687,17.6111,0.0944,0.1854
18-Oct-2000,0.35,2.644,16.55,0.8722,0.1773
19-Oct-2000,0.02,2.602,17.2444,0.2278,0.1773
20-Oct-2000,0.1,2.56,14.4944,0.4278,0.172
21-Oct-2000,0.76,2.517,5.5056,-2.0778,0.1747
22-Oct-2000,0.12,2.475,3.1,-5.8778,0.1827
23-Oct-2000,0.63,2.433,9.4889,-5.4611,0.172
24-Oct-2000,0.19,2.391,12.7667,-1.95,0.1747
25-Oct-2000,3.34,2.349,8.4889,-1.35,0.18
26-Oct-2000,6.33,2.308,3.0389,-2.6333,0.1881
27-Oct-2000,2.17,2.266,6.0056,-2.5333,0.2015
28-Oct-2000,9.94,2.225,4.3056,-2.1,0.1908
29-Oct-2000,20.58,2.184,2.0889,-4.65,0.2445
30-Oct-2000,1.93,2.143,3.2556,-6.45,0.2069
31-Oct-2000,0.45,2.103,4.6944,-6.1667,0.1962
01-Nov-2000,0.37,2.062,8.2167,-7.1111,0.1908
02-Nov-2000,0.02,2.022,8.7056,-5.0611,0.1908
03-Nov-2000,0,1.982,6.9722,-3.9611,0.1962
04-Nov-2000,0.33,1.943,11.8278,-6.3944,0.1935
05-Nov-2000,0,1.904,10.8778,-2.0278,0.1908
06-Nov-2000,0,1.865,4.6222,-4.3333,0.1935
07-Nov-2000,0.01,1.826,5.9333,-7.4167,0.1881
08-Nov-2000,0.93,1.787,5.6333,-5.1222,0.1747
09-Nov-2000,6.4,1.749,0.2556,-8.6556,0.1935
10-Nov-2000,6.25,1.712,-1.7667,-10.5389,0.1854
11-Nov-2000,0.58,1.674,-2.2333,-14.1389,0.1612
12-Nov-2000,0.93,1.637,2.7611,-15.2222,0.1585
13-Nov-2000,2.22,1.601,2.2833,-12.2889,0.1639
14-Nov-2000,0.61,1.564,-0.7778,-10.2611,0.1854
15-Nov-2000,0.36,1.528,0.2778,-11.7111,0.1693
16-Nov-2000,0.33,1.493,-1.3111,-11.9944,0.1827
17-Nov-2000,0.09,1.458,3.5278,-13.3222,0.172
18-Nov-2000,0.73,1.423,9.8611,-9.4778,0.18
19-Nov-2000,0.1,1.389,10.1611,-5.3278,0.1854
20-Nov-2000,0,1.355,10.6889,-5.9611,0.18
21-Nov-2000,0.11,1.322,8.4722,-6.6111,0.1747
22-Nov-2000,0,1.289,5.3056,-7.7889,0.1773
23-Nov-2000,0,1.257,8.95,-7.0444,0.1612
24-Nov-2000,0,1.225,8.2833,-4.95,0.18
25-Nov-2000,0,1.193,9.85,-4.3444,0.172
26-Nov-2000,0,1.163,9.1278,-2.6167,0.18
27-Nov-2000,0.46,1.132,7.5944,-2.3,0.1773
28-Nov-2000,0.8,1.102,11.7889,-2.1111,0.1773
29-Nov-2000,11.43,1.073,6.0167,-4.35,0.1908
30-Nov-2000,1.51,1.044,6.3056,-5.9056,0.1827
01-Dec-2000,0.68,1.016,7.2778,-4.8222,0.172
02-Dec-2000,0,0.988,9.1722,-5.0889,0.1773
03-Dec-2000,0.07,0.961,10.5667,-4.9,0.172
04-Dec-2000,0,0.935,8.7167,-3.4833,0.1747
05-Dec-2000,0.01,0.909,10.7778,-4.8889,0.1747
06-Dec-2000,0,0.883,9.75,-4.7111,0.1639
07-Dec-2000,0,0.858,8.0333,-1.8444,0.18
08-Dec-2000,0,0.834,6.8167,-3.5944,0.1773
09-Dec-2000,0.07,0.811,4.7389,-4.6222,0.1747
10-Dec-2000,0.22,0.788,4.7111,-5.4056,0.1773
11-Dec-2000,2.91,0.765,5.6889,-7.1278,0.1612
12-Dec-2000,2.64,0.743,1.7778,-8.2667,0.172
13-Dec-2000,1.98,0.722,0.4611,-6.4,0.1558
14-Dec-2000,8.17,0.702,1.1333,-3.4056,0.1747
15-Dec-2000,1.86,0.682,4.5222,-4.9667,0.1773
16-Dec-2000,0.84,0.663,8.5,-7.7611,0.1639
17-Dec-2000,0.47,0.644,6.2167,-8.3667,0.1639
18-Dec-2000,0.01,0.627,7.7556,-9.1278,0.1585
19-Dec-2000,0.12,0.609,8.9611,-4.5889,0.172
20-Dec-2000,0,0.593,9.9944,-3.4056,0.1908
21-Dec-2000,0.07,0.577,9.0333,-1.9611,0.18
22-Dec-2000,0,0.562,7.5111,-3.9556,0.1693
23-Dec-2000,0,0.547,7.95,-5.6667,0.1639
24-Dec-2000,0.08,0.534,5.8944,-8.2722,0.1693
25-Dec-2000,0,0.521,2.9278,-10.1667,0.1612
26-Dec-2000,0.01,0.508,7.2278,-9.2056,0.1854
27-Dec-2000,0,0.497,8.2833,-6.1222,0.2472
28-Dec-2000,0,0.486,10.6111,-5.7944,0.3036
29-Dec-2000,0,0.475,10.9278,-4.6556,0.266
30-Dec-2000,0.02,0.466,10.8444,-5.5333,0.2418
31-Dec-2000,0.53,0.457,9.6333,-6.7889,0.2069
01-Jan-2001,0.15,0.44,8.5333,-6.5889,0.2177
02-Jan-2001,0,0.442,8.7611,-7.4167,0.2123
03-Jan-2001,0,0.435,12.2778,-4.9111,0.1935
04-Jan-2001,0,0.429,12.8833,-3.85,0.215
05-Jan-2001,0,0.424,12.3889,-4.4833,0.1962
06-Jan-2001,0,0.419,11.6444,-5.7389,0.1585
07-Jan-2001,0.02,0.416,9.9,-5.0389,0.1854
08-Jan-2001,3.71,0.413,3.7944,-4.8944,0.1773
09-Jan-2001,1.25,0.41,3.4167,-8.0056,0.1666
10-Jan-2001,25.03,0.409,2.2,-7.2167,0.1505
11-Jan-2001,20.83,0.408,-0.3944,-7.3,0.1666
12-Jan-2001,1.11,0.408,0.7278,-10.2722,0.1532
13-Jan-2001,0.47,0.409,-0.1778,-10.4889,0.1451
14-Jan-2001,1.33,0.41,0.55,-11.1556,0.1397
15-Jan-2001,2.79,0.412,-5.9667,-10.4278,0.129
16-Jan-2001,1.31,0.415,-6.7389,-13.3778,0.1263
17-Jan-2001,0.97,0.419,-0.8722,-16.7444,0.1236
18-Jan-2001,0.7,0.423,5.1722,-10.5667,0.1344
19-Jan-2001,1.14,0.428,4.8778,-8.4167,0.1558
20-Jan-2001,1.04,0.434,6.3167,-9.8722,0.1666
21-Jan-2001,1.01,0.44,7.2556,-5.4667,0.1773
22-Jan-2001,0.02,0.447,6.5722,-5.8444,0.1881
23-Jan-2001,1.1,0.455,5.4778,-7.1389,0.1693
24-Jan-2001,9.08,0.464,0.1778,-8.45,0.1747
25-Jan-2001,9.54,0.473,-1.35,-9.9944,0.1747
26-Jan-2001,5.25,0.483,-0.9556,-9.3778,0.1747
27-Jan-2001,3.16,0.494,-2.7944,-9.3944,0.1773
28-Jan-2001,1.23,0.506,4.2667,-13.9167,0.1747
29-Jan-2001,1.42,0.518,0.6222,-11.5611,0.1693
30-Jan-2001,0.54,0.531,0.6722,-14.8556,0.172
31-Jan-2001,0.72,0.545,1.3222,-14.8944,0.1935
01-Feb-2001,1.15,0.559,7.4167,-10.65,0.2123
02-Feb-2001,0.6,0.574,7.4778,-4.4556,0.1962
03-Feb-2001,0.24,0.589,11.6,-2.6722,0.1881
04-Feb-2001,0.04,0.606,14.1889,-2.4944,0.1962
05-Feb-2001,0.01,0.623,11.9056,-3.3444,0.2096
06-Feb-2001,1.06,0.641,3.5667,-9.2667,0.2069
07-Feb-2001,2.43,0.659,-6.2444,-13.5056,0.1908
08-Feb-2001,2.44,0.678,0.1167,-16.7389,0.1747
09-Feb-2001,16.46,0.698,-2.0667,-9.4056,0.258
10-Feb-2001,18.73,0.718,-3.75,-9.4222,0.1988
11-Feb-2001,14.14,0.739,-4.6389,-11.9556,0.1935
12-Feb-2001,4.21,0.761,-3.3167,-17.0222,0.18
13-Feb-2001,5.32,0.783,-3.2944,-10.1889,0.1962
14-Feb-2001,1.95,0.806,1.2222,-12.0389,0.1908
15-Feb-2001,1.03,0.829,4.9611,-13.3444,0.18
16-Feb-2001,0.21,0.853,6.1444,-8.4667,0.2096
17-Feb-2001,0.41,0.878,4.4333,-7.85,0.1935
18-Feb-2001,1.21,0.903,3.6167,-5.9556,0.1962
19-Feb-2001,13.44,0.929,0.8833,-6.3222,0.1988
20-Feb-2001,6.38,0.955,1.5111,-5.9944,0.1962
21-Feb-2001,7.97,0.982,2.9667,-5.4389,0.1935
22-Feb-2001,7.09,1.01,-1.2,-9.8389,0.1962
23-Feb-2001,3.35,1.038,0.7,-13.1333,0.18
24-Feb-2001,7.37,1.067,-0.6889,-7.6111,0.2042
25-Feb-2001,2.37,1.096,2.4444,-6.8944,0.1908
26-Feb-2001,0.13,1.126,-0.1833,-5.3667,0.1908
27-Feb-2001,0.8,1.156,2.5,-10.0611,0.1854
28-Feb-2001,0.18,1.187,-0.8056,-13.1889,0.18
01-Mar-2001,2.42,1.218,5.7333,-13.9556,0.1585
02-Mar-2001,2.84,1.25,2.7167,-10.5056,0.1988
03-Mar-2001,2.07,1.282,4.8389,-13.1278,0.172
04-Mar-2001,18.03,1.315,2.8722,-4.0278,0.1988
05-Mar-2001,21.05,1.348,3.0944,-2.1833,0.2177
06-Mar-2001,1.87,1.382,5.4,-1.9833,0.2096
07-Mar-2001,1.25,1.416,10.1389,-3.0222,0.2096
08-Mar-2001,0.74,1.451,9.8444,-4.0167,0.2472
09-Mar-2001,7.6,1.486,4.1444,-5.4167,0.3036
10-Mar-2001,1.62,1.521,2.8667,-6.6722,0.2741
11-Mar-2001,0.62,1.557,4.8111,-8.8222,0.2365
12-Mar-2001,0.05,1.593,8.2722,-8.5167,0.2338
13-Mar-2001,0.38,1.629,12.6889,-6.4167,0.2418
14-Mar-2001,0.12,1.666,12.3278,-5.7556,0.266
15-Mar-2001,0.13,1.704,9.3222,-5.8167,0.2902
16-Mar-2001,0.02,1.741,9.4667,-4.2444,0.2821
17-Mar-2001,0.21,1.779,12.2944,-2.25,0.2956
18-Mar-2001,0.21,1.818,15.0833,-1.9,0.3762
19-Mar-2001,0.07,1.856,17.1278,-0.9167,0.4944
20-Mar-2001,0,1.895,15.0167,0.2611,0.6879
21-Mar-2001,0.01,1.935,15.1444,0.3444,0.8276
22-Mar-2001,1.19,1.974,13.7056,-0.7167,0.9163
23-Mar-2001,0.02,2.014,14.7667,-2.4,0.8169
24-Mar-2001,0.17,2.054,12.8722,-0.9944,0.884
25-Mar-2001,2.96,2.094,11.2389,-1.2889,0.9915
26-Mar-2001,1.04,2.135,13.4278,-3.6833,0.9727
27-Mar-2001,0.06,2.176,14.8778,-3.8389,0.876
28-Mar-2001,0.01,2.217,15.4556,2.0444,1.0076
29-Mar-2001,0,2.258,12.7556,-1.0944,1.2253
30-Mar-2001,0.01,2.299,15.9,-2.6611,1.1393
31-Mar-2001,0.01,2.341,17.2889,-1.6444,1.2334
01-Apr-2001,0.76,2.382,13.1722,-0.5222,1.4376
02-Apr-2001,0.21,2.424,5.5111,-4.3833,1.3113
03-Apr-2001,0.49,2.466,1.4,-7.9444,0.9512
04-Apr-2001,0.84,2.508,3.1333,-7.55,0.8061
05-Apr-2001,1.77,2.551,6.3944,-5.8833,0.7067
06-Apr-2001,4.19,2.593,3.0667,-5.1056,0.6395
07-Apr-2001,25.9,2.635,0.4056,-9.2444,0.6234
08-Apr-2001,2.3,2.678,-0.1778,-11.9278,0.5589
09-Apr-2001,6.15,2.72,-0.35,-11.6333,0.5374
10-Apr-2001,2.49,2.763,5.5111,-11.9611,0.5159
11-Apr-2001,8.36,2.806,2.3,-7.2333,0.5347
12-Apr-2001,3.58,2.848,7.0222,-11.1667,0.5159
13-Apr-2001,1.02,2.891,6.9444,-7.1889,0.5374
14-Apr-2001,0.68,2.934,9.9944,-8.5222,0.5213
15-Apr-2001,0.19,2.977,13.5944,-4.9167,0.532
16-Apr-2001,0.22,3.019,15.1667,-0.9167,0.6019
17-Apr-2001,1.55,3.062,14.5333,0.2333,0.7336
18-Apr-2001,8.93,3.104,12.0222,-2.7833,0.8599
19-Apr-2001,8.08,3.147,4.0222,-5.1667,0.927
20-Apr-2001,22.41,3.189,0.8722,-5.5833,0.8034
21-Apr-2001,13.75,3.232,4.5,-5.4556,0.7846
22-Apr-2001,2.65,3.274,10.3167,-6.7333,0.8115
23-Apr-2001,0.25,3.316,14.5389,-2.6389,0.9942
24-Apr-2001,0.42,3.358,17.5722,-0.3944,1.2978
25-Apr-2001,0.01,3.4,19.0778,1.5167,1.8272
26-Apr-2001,0,3.442,18.1056,2.1778,2.5285
27-Apr-2001,0,3.483,16.2556,0.7944,2.8751
28-Apr-2001,0,3.525,11.5389,-0.9778,2.7677
29-Apr-2001,0.01,3.566,16.5167,-2.9111,2.4936
30-Apr-2001,0.46,3.607,19.3,1.85,2.7139
01-May-2001,0,3.648,18.1722,0.8333,3.2782
02-May-2001,0.7,3.689,6.9389,-4.2278,3.0632
03-May-2001,0.08,3.729,8.95,-5.25,2.1684
04-May-2001,0.03,3.769,15.45,-3.6389,1.9105
05-May-2001,2.19,3.809,17.2222,0.2389,2.1335
06-May-2001,0.01,3.848,19.65,0.0111,2.5124
07-May-2001,3.17,3.888,21.3722,1.95,2.7945
08-May-2001,0.01,3.927,21.9111,4.0611,3.2244
09-May-2001,0,3.965,21.4833,3.1111,3.4663
10-May-2001,0.01,4.004,21.1444,2.4333,3.4125
11-May-2001,0,4.042,22.7444,4.1167,3.4125
12-May-2001,0.73,4.08,19.0167,4.7944,3.6275
13-May-2001,0.01,4.117,17.1778,3.4167,3.3857
14-May-2001,0.12,4.154,16.95,1.8389,3.1976
15-May-2001,1.32,4.191,14.4333,5.4722,3.0095
16-May-2001,0.56,4.227,18.2056,4.4389,3.5469
17-May-2001,0.04,4.263,19.9167,2.0222,3.2782
18-May-2001,0.07,4.298,19.3444,3.0167,2.9826
19-May-2001,0.05,4.333,20.6444,2.9444,2.7945
20-May-2001,0.12,4.368,21.6778,3.35,2.6655
21-May-2001,0,4.402,20.9278,4.3,2.6252
22-May-2001,1.96,4.436,23.6944,4.1333,2.5796
23-May-2001,0.13,4.469,24.2556,6.2667,2.7677
24-May-2001,0.53,4.502,24.7,5.8778,2.6414
25-May-2001,0,4.535,24.0111,5.9611,2.464
26-May-2001,0,4.566,21.3667,7.7167,2.2491
27-May-2001,0.36,4.598,19.2556,5.4667,1.975
28-May-2001,0.03,4.629,19.2222,2.5222,1.7251
29-May-2001,0.06,4.659,22.4444,3.15,1.5585
30-May-2001,0,4.689,22.8389,4.6111,1.4779
31-May-2001,0,4.718,25.9111,5.7056,1.3892
01-Jun-2001,0,4.747,22.3,7.55,1.3785
02-Jun-2001,0,4.775,16.7056,5.1389,1.3247
03-Jun-2001,0.04,4.803,15.8944,0.7167,1.0614
04-Jun-2001,0,4.83,17.6833,-2.3833,0.9512
05-Jun-2001,0,4.857,16.65,4.9667,0.8625
06-Jun-2001,0,4.883,21.8056,4.1556,0.8222
07-Jun-2001,0,4.908,23.5833,4.2667,0.79
08-Jun-2001,0,4.933,21.8722,5.3556,0.7389
09-Jun-2001,0,4.957,22.2111,5.15,0.7067
10-Jun-2001,0,4.981,20.8333,6.0667,0.6637
11-Jun-2001,0.02,5.004,19.0833,3.7833,0.6261
12-Jun-2001,0.02,5.026,17.2556,3.3111,0.6073
13-Jun-2001,0,5.048,15.4333,-0.9722,0.5777
14-Jun-2001,0,5.069,20.7278,0.0667,0.5428
15-Jun-2001,0,5.089,23.0389,4.3222,0.5267
16-Jun-2001,0,5.109,25.5889,5.4722,0.5025
17-Jun-2001,0,5.128,23.3222,7.3333,0.4837
18-Jun-2001,0,5.147,23.7944,4.1944,0.4622
19-Jun-2001,0,5.165,24.7278,4.8056,0.4299
20-Jun-2001,0,5.182,27.0389,6.95,0.4084
21-Jun-2001,0,5.198,27.6444,8.6778,0.3869
22-Jun-2001,0,5.214,26.6556,9.0389,0.3735
23-Jun-2001,0,5.229,23.15,9.7389,0.3574
24-Jun-2001,0,5.244,19.7167,8.6611,0.3789
25-Jun-2001,0,5.258,19.2333,8.4222,0.3762
26-Jun-2001,0.11,5.271,18.15,7.3056,0.3574
27-Jun-2001,0.02,5.283,15.8111,8,0.3493
28-Jun-2001,0.01,5.295,22.1,5.0778,0.3359
29-Jun-2001,0,5.306,25.3444,5.9778,0.3171
30-Jun-2001,0,5.316,26.0889,8.3167,0.2714
01-Jul-2001,0,5.325,27.4778,8.3444,0.2848
02-Jul-2001,0.29,5.334,29.55,10.2778,0.2821
03-Jul-2001,1.95,5.342,28.7889,11.4667,0.3117
04-Jul-2001,3.48,5.35,24.7833,11.2556,0.3332
05-Jul-2001,0.06,5.356,24.3167,10.7111,0.3547
06-Jul-2001,0.32,5.362,21.4667,10.8944,0.3224
07-Jul-2001,0.34,5.367,19.1278,9.1833,0.3251
08-Jul-2001,0.72,5.372,23.3889,7.2833,0.3198
09-Jul-2001,5.45,5.376,23.4889,8.2222,0.3009
10-Jul-2001,1.05,5.379,23.2167,7.0444,0.3386
11-Jul-2001,0.09,5.381,21.9056,6.4889,0.3359
12-Jul-2001,0.04,5.382,23.3222,4.1889,0.2606
13-Jul-2001,0,5.383,24.0278,7.3444,0.266
14-Jul-2001,0,5.383,22.5833,5.5833,0.2391
15-Jul-2001,0.02,5.383,21.5,4.1389,0.223
16-Jul-2001,0.02,5.381,18.7389,6.6444,0.2096
17-Jul-2001,0,5.379,19.1556,4.0889,0.2123
18-Jul-2001,0,5.376,21.2722,3.7056,0.2284
19-Jul-2001,0,5.373,20.7556,5.2778,0.215
20-Jul-2001,0,5.368,20.6333,6.7167,0.2015
21-Jul-2001,0,5.363,20.5833,5.3,0.1962
22-Jul-2001,0,5.358,22.5333,4.2833,0.1962
23-Jul-2001,0.02,5.351,23.5333,6.3111,0.2096
24-Jul-2001,0,5.344,25.8333,7.6333,0.1988
25-Jul-2001,0,5.336,27.5222,9.15,0.2015
26-Jul-2001,0,5.327,27.5222,9.5278,0.1962
27-Jul-2001,0,5.318,26.4556,8.7167,0.1854
28-Jul-2001,0,5.308,25.6278,10.3556,0.1827
29-Jul-2001,0,5.297,24.85,9.6944,0.1962
30-Jul-2001,1,5.286,19.7444,6.7611,0.1908
31-Jul-2001,0.06,5.273,23.5944,3.8667,0.2096
01-Aug-2001,0,5.26,25.15,7.1389,0.2257
02-Aug-2001,0,5.247,26.1944,8.5556,0.2177
03-Aug-2001,0,5.232,24.05,10.2556,0.2096
04-Aug-2001,0,5.217,21.8778,7.9056,0.1988
05-Aug-2001,0,5.202,26.3167,6.3889,0.1908
06-Aug-2001,0,5.185,28.6667,8.4278,0.1773
07-Aug-2001,0,5.168,28.5389,11,0.1478
08-Aug-2001,2.99,5.151,28.4889,11.5611,0.1397
09-Aug-2001,2.33,5.132,28.1722,10.2111,0.1854
10-Aug-2001,0,5.113,27.45,9.7167,0.1585
11-Aug-2001,0,5.094,28.5389,7.3889,0.1558
12-Aug-2001,0,5.073,27.1,10.7333,0.1505
13-Aug-2001,0.76,5.052,26.5778,9.7278,0.1612
14-Aug-2001,0,5.031,27.4167,9.0444,0.1612
15-Aug-2001,0,5.009,27.9944,8.4222,0.1585
16-Aug-2001,0,4.986,29.2778,9.4944,0.1558
17-Aug-2001,0.4,4.962,28.2333,10.9722,0.1505
18-Aug-2001,0,4.938,28.2833,12.3,0.1397
19-Aug-2001,0,4.913,26.55,11.4389,0.129
20-Aug-2001,0.05,4.888,23.2222,8.9389,0.1155
21-Aug-2001,0,4.862,21.7056,5.2278,0.1129
22-Aug-2001,0,4.836,21.2556,4.9778,0.1102
23-Aug-2001,0.01,4.809,22.2944,4.7278,0.1102
24-Aug-2001,0,4.781,24.7944,6.7556,0.1075
25-Aug-2001,0,4.753,27.75,7.2667,0.1021
26-Aug-2001,0,4.724,28.1222,9.4444,0.0994
27-Aug-2001,0.08,4.695,28.7889,9.0333,0.1021
28-Aug-2001,0,4.665,29.2722,9.85,0.1236
29-Aug-2001,0,4.635,27.6056,7.8222,0.1129
30-Aug-2001,0,4.604,25.8222,8.1611,0.1129
31-Aug-2001,0,4.573,25.1778,7.6778,0.1263
01-Sep-2001,0,4.541,25.1222,8.1556,0.1182
02-Sep-2001,0,4.509,24.7722,8.6722,0.1155
03-Sep-2001,1.13,4.476,24.5278,8.1889,0.1102
04-Sep-2001,0,4.443,23.8889,7.3444,0.1182
05-Sep-2001,0.01,4.409,21.6278,6.7889,0.1021
06-Sep-2001,0.47,4.375,20.3833,1.5056,0.0914
07-Sep-2001,0,4.341,23.7778,3.1667,0.0833
08-Sep-2001,0,4.306,21.8667,3.6,0.0806
09-Sep-2001,0.01,4.27,23.75,4.6556,0.0779
10-Sep-2001,0,4.235,22.8278,6.2111,0.086
11-Sep-2001,0.01,4.198,19.2444,6.9333,0.0967
12-Sep-2001,0,4.162,19.5778,4.2722,0.1048
13-Sep-2001,1.24,4.125,20.8111,2.0889,0.1129
14-Sep-2001,0,4.088,22.6222,3.2611,0.1129
15-Sep-2001,0,4.05,22.0389,4.0833,0.1129
16-Sep-2001,0,4.012,20.8611,5.6,0.1129
17-Sep-2001,0.09,3.974,21.3944,3.9056,0.1129
18-Sep-2001,0,3.935,22.9222,5.1833,0.1129
19-Sep-2001,0,3.896,23.9056,5.7056,0.1182
20-Sep-2001,0,3.857,23.8889,6.2,0.1182
21-Sep-2001,0,3.817,24.3278,6.1556,0.1129
22-Sep-2001,0,3.777,24.8778,5.9667,0.1182
23-Sep-2001,0,3.737,21.9056,6.7278,0.1182
24-Sep-2001,0.09,3.697,23.5889,5.9389,0.1155
25-Sep-2001,10,3.656,17.9111,5.2278,0.1048
26-Sep-2001,0.13,3.616,20.8222,3.9167,0.1397
27-Sep-2001,0,3.575,20.3833,4.3111,0.1236
28-Sep-2001,0.01,3.534,18.6833,3.8389,0.1155
29-Sep-2001,0.03,3.492,18.9722,3.0111,0.1209
30-Sep-2001,0,3.451,22.7833,3.9556,0.094
01-Oct-2001,0,3.409,23.6778,6.1,0.1102
02-Oct-2001,0,3.367,23.7,6.4611,0.1263
03-Oct-2001,0,3.325,24.4333,6.0222,0.1263
04-Oct-2001,0,3.283,22.3389,5.5944,0.1263
05-Oct-2001,0,3.241,20.2722,4.9667,0.1236
06-Oct-2001,0,3.198,18.4944,2.9667,0.1236
07-Oct-2001,0,3.156,19.4944,2.5389,0.1236
08-Oct-2001,0.36,3.113,15.5111,1.3778,0.1155
09-Oct-2001,0.67,3.071,13.8611,-2.8611,0.1102
10-Oct-2001,0.35,3.028,16.5167,-2.8389,0.1155
11-Oct-2001,0,2.986,13.9667,0.6611,0.1155
12-Oct-2001,0,2.943,16.1056,-1.8889,0.1182
13-Oct-2001,0,2.9,19.95,0.4278,0.1209
14-Oct-2001,0,2.857,20.4389,0.8944,0.1209
15-Oct-2001,0,2.815,20.5278,2.8722,0.1182
16-Oct-2001,0,2.772,19.7722,4.3444,0.1182
17-Oct-2001,0,2.729,18.55,2.6,0.1182
18-Oct-2001,0,2.687,18.0667,0.3389,0.1182
19-Oct-2001,0,2.644,18.1389,0.95,0.1236
20-Oct-2001,0,2.602,18.0444,2.4667,0.1236
21-Oct-2001,0,2.56,16.1556,1.6556,0.1209
22-Oct-2001,0,2.517,15.1833,1.8056,0.1155
23-Oct-2001,0,2.475,15.9167,0.3111,0.1155
24-Oct-2001,0,2.433,16.6889,-1.9722,0.1155
25-Oct-2001,0,2.391,16.5111,-0.2111,0.1155
26-Oct-2001,0,2.349,17.4611,0.9556,0.1182
27-Oct-2001,0,2.308,15.6611,2.4833,0.1155
28-Oct-2001,0,2.266,14.4611,3.0222,0.1182
29-Oct-2001,0.6,2.225,14.25,2.3556,0.1155
30-Oct-2001,21.85,2.184,8.9944,0.45,0.1209
31-Oct-2001,1.83,2.143,7.9889,-2.1333,0.1988
01-Nov-2001,0.03,2.103,13.7722,-2.9722,0.172
02-Nov-2001,0.04,2.062,13.0833,-1.9444,0.1532
03-Nov-2001,0.42,2.022,12.9056,-1.9333,0.1505
04-Nov-2001,0.03,1.982,15.7222,-1.1,0.1451
05-Nov-2001,0,1.943,15.2944,-0.0333,0.1397
06-Nov-2001,0,1.904,12.5444,-0.4278,0.1236
07-Nov-2001,0.04,1.865,10.8111,-3.1278,0.129
08-Nov-2001,0,1.826,12.2111,-3.9722,0.1263
09-Nov-2001,0.02,1.787,11.3111,-4.2167,0.1236
10-Nov-2001,1.1,1.749,11.1833,-3.3056,0.1236
11-Nov-2001,3.91,1.712,7.9111,0.0889,0.129
12-Nov-2001,8.38,1.674,8.9778,-2.15,0.1397
13-Nov-2001,2.25,1.637,6.2778,-3.0778,0.1532
14-Nov-2001,0.64,1.601,11.3167,-2.4222,0.1344
15-Nov-2001,0,1.564,12.1333,-1.05,0.1344
16-Nov-2001,0.04,1.528,11.1167,-0.8333,0.1317
17-Nov-2001,0,1.493,9.0778,-0.9278,0.129
18-Nov-2001,0.32,1.458,11.2556,-3.5444,0.1236
19-Nov-2001,0.13,1.423,10.5944,-2.5444,0.1209
20-Nov-2001,0.27,1.389,10.1111,-0.2222,0.1182
21-Nov-2001,24.53,1.355,5.9889,0.0611,0.1209
22-Nov-2001,18.49,1.322,3.3389,-3.2167,0.3251
23-Nov-2001,1.96,1.289,4.0611,-6.3722,0.2499
24-Nov-2001,41.74,1.257,2.8333,-5.55,0.3681
25-Nov-2001,7.97,1.225,-2.1667,-10.0667,0.3735
26-Nov-2001,2.77,1.193,-1.8444,-13.0444,0.2015
27-Nov-2001,0.55,1.163,-1.9056,-12.1944,0.2338
28-Nov-2001,10.13,1.132,1.1222,-7.6278,0.18
29-Nov-2001,14.86,1.102,-0.55,-7.5556,0.2015
30-Nov-2001,1.65,1.073,1,-8.6444,0.1612
01-Dec-2001,18.4,1.044,0.8278,-4.2444,0.1854
02-Dec-2001,73.33,1.016,0.8278,-4.7111,0.2983
03-Dec-2001,13.81,0.988,-0.3944,-9.35,0.2445
04-Dec-2001,0.32,0.961,0.6,-13.9056,0.2042
05-Dec-2001,3.78,0.935,0.4889,-7.5333,0.2338
06-Dec-2001,1.45,0.909,5.9556,-3.9444,0.1935
07-Dec-2001,0.11,0.883,5.6444,-7.1,0.2069
08-Dec-2001,1.22,0.858,7.5056,-6.7222,0.2472
09-Dec-2001,6.01,0.834,1.0167,-6.5278,0.215
10-Dec-2001,2.21,0.811,-3.1667,-8.9722,0.2123
11-Dec-2001,1.47,0.788,-0.1556,-8.4889,0.2015
12-Dec-2001,1.05,0.765,3.2833,-8.1278,0.1962
13-Dec-2001,1.98,0.743,5.85,-5.8833,0.1962
14-Dec-2001,14.27,0.722,0.05,-11.0889,0.1988
15-Dec-2001,1.34,0.702,-0.6111,-15.9444,0.2042
16-Dec-2001,2.31,0.682,4.45,-8.7556,0.2015
17-Dec-2001,7.91,0.663,2.3444,-9.1389,0.2015
18-Dec-2001,2.39,0.644,3.6722,-8.0278,0.1988
19-Dec-2001,0.51,0.627,5.8,-4.6556,0.223
20-Dec-2001,13.77,0.609,1.5278,-7.5556,0.2096
21-Dec-2001,2.44,0.593,1.3222,-9.9333,0.215
22-Dec-2001,6.37,0.577,-0.0944,-6.9778,0.1988
23-Dec-2001,2.82,0.562,-1.0389,-8.0611,0.1935
24-Dec-2001,1.12,0.547,2.6833,-11.4222,0.1962
25-Dec-2001,0.51,0.534,3.0222,-8.1333,0.1881
26-Dec-2001,0.84,0.521,4.7556,-3.1611,0.2015
27-Dec-2001,4.12,0.508,6.9167,-2.5333,0.2015
28-Dec-2001,6.99,0.497,3.3389,-1.6611,0.2177
29-Dec-2001,8.01,0.486,3.4722,-1.2389,0.2445
30-Dec-2001,8.76,0.475,4.6722,-2.3722,0.2956
31-Dec-2001,3.62,0.466,5.9056,-2.4333,0.4407
01-Jan-2002,1.28,0.44,5.8389,-1.5944,0.3869
02-Jan-2002,12.09,0.442,4.3389,-1.5,0.3923
03-Jan-2002,4.36,0.435,3.85,-7.6833,0.4998
04-Jan-2002,1.34,0.429,6.0556,-9.7833,0.3601
05-Jan-2002,3.35,0.424,5.1333,-4.6167,0.3332
06-Jan-2002,5.65,0.419,6.6333,0.1778,0.4299
07-Jan-2002,1.01,0.416,10.3889,0.6389,0.5804
08-Jan-2002,0.11,0.413,9.2778,-0.8889,0.5105
09-Jan-2002,0.14,0.41,4.6056,-5.2944,0.4568
10-Jan-2002,0.47,0.409,9.7278,-6.7889,0.4057
11-Jan-2002,0.24,0.408,12.4556,-3.6167,0.3601
12-Jan-2002,0.02,0.408,10.6,-4.2833,0.3654
13-Jan-2002,0.04,0.409,10.8222,-6.7111,0.3386
14-Jan-2002,0.07,0.41,5.9778,-10.1444,0.3278
15-Jan-2002,0.27,0.412,-0.3889,-12.0389,0.3359
16-Jan-2002,0.03,0.415,-1.1556,-12.7556,0.2983
17-Jan-2002,0.8,0.419,-1.7056,-13.3778,0.2983
18-Jan-2002,0.47,0.423,1.8556,-14.1167,0.2956
19-Jan-2002,0,0.428,0.9,-12.8944,0.2956
20-Jan-2002,1.2,0.434,5.6389,-12.6111,0.2902
21-Jan-2002,1.42,0.44,2.7167,-7.6667,0.2714
22-Jan-2002,0.87,0.447,-2.0444,-14.9722,0.258
23-Jan-2002,1.05,0.455,-0.9278,-16.7278,0.2445
24-Jan-2002,1.21,0.464,8.9056,-11.2056,0.2472
25-Jan-2002,0.45,0.473,7.5278,-3.6778,0.2526
26-Jan-2002,7.75,0.483,2.5722,-3.5778,0.2553
27-Jan-2002,2.8,0.494,-1.5778,-11.0833,0.2526
28-Jan-2002,2.56,0.506,-5.5389,-16.7167,0.2553
29-Jan-2002,1.91,0.518,-5.9833,-18.2556,0.2553
30-Jan-2002,1.07,0.531,-3.1611,-18.0444,0.258
31-Jan-2002,1.98,0.545,2.8333,-15.1944,0.258
01-Feb-2002,0.41,0.559,2.4889,-12.7667,0.258
02-Feb-2002,0.38,0.574,4.4222,-13.7056,0.258
03-Feb-2002,0.11,0.589,6.8167,-11.5667,0.258
04-Feb-2002,0.76,0.606,8.7778,-11.2833,0.258
05-Feb-2002,0.07,0.623,9.5444,-9.5611,0.258
06-Feb-2002,1.18,0.641,9.3,-8.7056,0.2741
07-Feb-2002,7.75,0.659,6.3889,-4.85,0.2445
08-Feb-2002,2.49,0.678,4.8667,-7.6556,0.258
09-Feb-2002,0.94,0.698,5,-11.4167,0.2284
10-Feb-2002,0.5,0.718,11.2444,-8.5889,0.2338
11-Feb-2002,0.58,0.739,12.1222,-5.0167,0.2418
12-Feb-2002,0,0.761,8.3,-5.5389,0.2418
13-Feb-2002,0.29,0.783,6.9778,-4.5056,0.2445
14-Feb-2002,0.25,0.806,7.7722,-4.4333,0.2526
15-Feb-2002,0.97,0.829,7.2111,-4.8278,0.258
16-Feb-2002,2.31,0.853,7,-4.3111,0.2606
17-Feb-2002,11.16,0.878,2.4444,-7.9778,0.2875
18-Feb-2002,1.91,0.903,4.2722,-7.7,0.258
19-Feb-2002,3.06,0.929,3.9167,-3.0667,0.266
20-Feb-2002,2.42,0.955,9.3778,-1.7944,0.3251
21-Feb-2002,1.07,0.982,12.9111,-3.7722,0.3708
22-Feb-2002,0.01,1.01,14.0111,-1.9278,0.395
23-Feb-2002,0,1.038,6.7333,-4.7389,0.4783
24-Feb-2002,0.12,1.067,10.6167,-7.3389,0.4407
25-Feb-2002,0.04,1.096,11.1167,-6.8167,0.4138
26-Feb-2002,0.39,1.126,12.5111,-6.1278,0.4246
27-Feb-2002,0,1.156,10.15,-5.1167,0.4514
28-Feb-2002,0.13,1.187,10.0333,-8.8556,0.446
01-Mar-2002,0.11,1.218,4.4167,-12.65,0.4622
02-Mar-2002,0.09,1.25,5.0278,-12.4556,0.4111
03-Mar-2002,0,1.282,8.4278,-10.1722,0.395
04-Mar-2002,0.03,1.315,9.2889,-7.6333,0.4192
05-Mar-2002,1.1,1.348,8.9,-3.0556,0.4192
06-Mar-2002,27.82,1.382,3.7556,-3.1056,0.4729
07-Mar-2002,21.49,1.416,0.9222,-8.8278,0.5267
08-Mar-2002,4.38,1.451,3.4778,-15.5167,0.3977
09-Mar-2002,1.58,1.486,5.2444,-9.0056,0.4272
10-Mar-2002,3.23,1.521,4.1444,-5.7167,0.4595
11-Mar-2002,1.86,1.557,10.1444,-5.4111,0.4407
12-Mar-2002,0.9,1.593,7.5778,-3.7056,0.5186
13-Mar-2002,0.25,1.629,1.4444,-10.0611,0.5804
14-Mar-2002,4.05,1.666,-0.8944,-12.9333,0.4837
15-Mar-2002,1.41,1.704,-1.9889,-15.2722,0.395
16-Mar-2002,2.36,1.741,-2.5,-13.5611,0.4165
17-Mar-2002,3.63,1.779,-2.0611,-10.1722,0.4031
18-Mar-2002,3.64,1.818,2.15,-13.1778,0.3842
19-Mar-2002,1.35,1.856,11.1889,-8.7167,0.3654
20-Mar-2002,0.48,1.895,13,-4.7222,0.4246
21-Mar-2002,0.25,1.935,14.1222,-1.9333,0.4353
22-Mar-2002,0.88,1.974,9.6167,-3.4333,0.4783
23-Mar-2002,26.5,2.014,3.3556,-4.3556,0.5374
24-Mar-2002,1.17,2.054,5.6333,-6.1389,0.5052
25-Mar-2002,1,2.094,7.7333,-9.2056,0.5079
26-Mar-2002,1.13,2.135,10.7556,-6.1444,0.5482
27-Mar-2002,0.52,2.176,13.9056,-5.0278,0.5831
28-Mar-2002,0.21,2.217,12.7,-3.8833,0.6073
29-Mar-2002,0.01,2.258,15.0556,-2.3611,0.6583
30-Mar-2002,0.22,2.299,17.1056,-2.2056,0.7927
31-Mar-2002,0.01,2.341,17.7444,-2.6556,0.9109
01-Apr-2002,0.02,2.382,17.9556,-1.5056,1.0157
02-Apr-2002,0,2.424,18.3889,-0.6722,1.1527
03-Apr-2002,0.72,2.466,18.6611,0.3389,1.357
04-Apr-2002,0.22,2.508,18.0944,0.6333,1.7116
05-Apr-2002,0.03,2.551,13.9722,-0.9,1.9911
06-Apr-2002,0,2.593,12.9222,-2.9611,1.8245
07-Apr-2002,0,2.635,13.8833,-2.7778,1.6606
08-Apr-2002,1.07,2.678,14.3056,-1.3944,1.709
09-Apr-2002,0.06,2.72,9.9667,1.1611,1.8648
10-Apr-2002,0.05,2.763,11.8889,1.4667,1.9615
11-Apr-2002,0,2.806,13.7222,2.0944,2.1926
12-Apr-2002,0.12,2.848,16.85,-0.8167,2.5312
13-Apr-2002,0.27,2.891,19.6111,-0.0444,2.5876
14-Apr-2002,0,2.934,15.9167,2.4444,3.117
15-Apr-2002,1.1,2.977,5.3333,-6.2611,3.8156
16-Apr-2002,4.93,3.019,4.2889,-8.0722,2.2705
17-Apr-2002,10.75,3.062,0.8667,-7.2111,1.7976
18-Apr-2002,3.78,3.104,1.4778,-9.8611,1.5047
19-Apr-2002,3.64,3.147,3.1056,-6.3333,1.3462
20-Apr-2002,2.66,3.189,7.8556,-8.0333,1.2226
21-Apr-2002,0.3,3.232,12.35,-5.3333,1.1823
22-Apr-2002,0.31,3.274,15.2722,-2.8167,1.2092
23-Apr-2002,0.24,3.316,16.9944,-1.2944,1.2871
24-Apr-2002,0.4,3.358,15.7444,-1.2444,1.4161
25-Apr-2002,1.43,3.4,14.7167,0.2056,1.5397
26-Apr-2002,3.18,3.442,8.5222,0.0389,1.8944
27-Apr-2002,2.35,3.483,4.8889,-3.1556,1.666
28-Apr-2002,2.34,3.525,7.4833,-6.8722,1.4295
29-Apr-2002,6.03,3.566,5.3333,-3.8222,1.3543
30-Apr-2002,2.79,3.607,3.7778,-6.1778,1.2602
01-May-2002,1.83,3.648,8.0111,-8.1278,1.1554
02-May-2002,0.85,3.689,12.7667,-3.2167,1.1071
03-May-2002,0.02,3.729,13.6056,-1.1444,1.2119
04-May-2002,0.26,3.769,15.1222,-1.0722,1.5907
05-May-2002,0.13,3.809,15.3389,-1.4333,1.9696
06-May-2002,0,3.848,14.7444,-0.7056,2.3243
07-May-2002,0.04,3.888,12.9667,-2.8278,2.6387
08-May-2002,0,3.927,12.7611,-6.1722,2.5339
09-May-2002,0.05,3.965,11.3444,-0.9722,2.4318
10-May-2002,1.1,4.004,8.4278,-1.2944,2.3673
11-May-2002,1.05,4.042,11.3611,-2.1333,1.8782
12-May-2002,0.13,4.08,16.3778,-2.6,1.9266
13-May-2002,1.31,4.117,16.8667,1.3667,2.2034
14-May-2002,0.52,4.154,17.7556,0.8778,2.6602
15-May-2002,0.44,4.191,16.9333,0.5778,2.8483
16-May-2002,0.03,4.227,19.1833,-0.0722,3.1438
17-May-2002,0.1,4.263,19.7444,2.5667,3.2782
18-May-2002,0.12,4.298,17.2667,5.3889,3.8693
19-May-2002,0.58,4.333,13.2667,1.6833,3.6812
20-May-2002,11.02,4.368,4.4556,-3.4778,2.9826
21-May-2002,2.39,4.402,5.1167,-5.5167,2.2867
22-May-2002,1.44,4.436,9.4667,-7.3667,1.889
23-May-2002,0.24,4.469,12.5944,-2.6778,1.6875
24-May-2002,0.29,4.502,16.5667,-1.4389,1.6472
25-May-2002,1.25,4.535,17.5278,1.55,1.8084
26-May-2002,0.19,4.566,17.6889,1.4833,1.9938
27-May-2002,0,4.598,17.3444,2.6556,2.3109
28-May-2002,0,4.629,20.0611,2.2611,2.4183
29-May-2002,0.01,4.659,24.0333,4.9056,2.7408
30-May-2002,0.01,4.689,24.25,6.75,3.2782
31-May-2002,0.01,4.718,24.5389,6.3889,3.4663
01-Jun-2002,0.03,4.747,17.5111,5.0389,3.5469
02-Jun-2002,0.01,4.775,17.7833,0.1222,3.0632
03-Jun-2002,0.01,4.803,19.8278,2.2944,2.5581
04-Jun-2002,0,4.83,22.9222,4.0222,2.5204
05-Jun-2002,0,4.857,25.5389,5.9722,2.687
06-Jun-2002,0,4.883,24.4444,5.5667,2.4721
07-Jun-2002,0,4.908,22.2722,4.85,2.4506
08-Jun-2002,0,4.933,16.4778,0.1556,2.3243
09-Jun-2002,0.86,4.957,12.4722,-2.8333,1.9696
10-Jun-2002,0,4.981,15.1778,-1.6444,1.6176
11-Jun-2002,0.02,5.004,19.8111,0.4111,1.5182
12-Jun-2002,0,5.026,22.6333,4.0556,1.4752
13-Jun-2002,0,5.048,23.7556,5.7667,1.5182
14-Jun-2002,0,5.069,23.0444,4.2333,1.6015
15-Jun-2002,0.11,5.089,24.0111,3.05,1.4832
16-Jun-2002,0,5.109,23.8333,3.4667,1.4161
17-Jun-2002,0.78,5.128,22.6778,6.95,1.3408
18-Jun-2002,0,5.147,20.8778,7.4333,1.3435
19-Jun-2002,0.02,5.165,21.4222,4.7222,1.3999
20-Jun-2002,0.11,5.182,21.8056,5.5056,1.3005
21-Jun-2002,0.07,5.198,20.2889,4.7056,1.2656
22-Jun-2002,0,5.214,21.3611,3.2889,1.1662
23-Jun-2002,0.11,5.229,22.5833,6.0278,1.0856
24-Jun-2002,0,5.244,24.2056,5.3611,1.0506
25-Jun-2002,0.06,5.258,25.9,7.4278,0.9835
26-Jun-2002,0.01,5.271,25.3944,8.5333,0.9646
27-Jun-2002,0.02,5.283,24.8,6.7778,0.9297
28-Jun-2002,0,5.295,25.0778,6.9,0.8572
29-Jun-2002,0,5.306,25.3222,7.55,0.8007
30-Jun-2002,0.08,5.316,27.9222,7.8389,0.7658
01-Jul-2002,0.04,5.325,28.1167,9.5056,0.704
02-Jul-2002,0,5.334,26.7056,10.0056,0.6691
03-Jul-2002,0,5.342,23.9444,8.7389,0.6341
04-Jul-2002,0,5.35,24.65,7.5667,0.5885
05-Jul-2002,0,5.356,25.15,7.5278,0.5482
06-Jul-2002,0,5.362,25.8667,7.9611,0.5159
07-Jul-2002,0,5.367,24.5,9.4,0.4917
08-Jul-2002,0.07,5.372,26.9722,6.2222,0.4622
09-Jul-2002,0,5.376,30.0389,9.0444,0.4595
10-Jul-2002,0.05,5.379,32.4167,11.7889,0.446
11-Jul-2002,0.09,5.381,31.9611,12.8278,0.4165
12-Jul-2002,0.67,5.382,29.3333,13.3833,0.4192
13-Jul-2002,1.06,5.383,28.0333,11.6167,0.4407
14-Jul-2002,2.45,5.383,26.5556,11.0611,0.4165
15-Jul-2002,0.2,5.383,25.1667,10.5333,0.3869
16-Jul-2002,0.16,5.381,25.2444,10.1111,0.352
17-Jul-2002,0.76,5.379,24.0389,9.3778,0.3305
18-Jul-2002,0.96,5.376,20.1667,6.75,0.3493
19-Jul-2002,1.78,5.373,23.1833,5.5833,0.3735
20-Jul-2002,0.13,5.368,25.8111,8.5944,0.3251
21-Jul-2002,0,5.363,25.9889,9.6278,0.3009
22-Jul-2002,0,5.358,24.5833,8.0278,0.2795
23-Jul-2002,0,5.351,25.0833,6.0111,0.2687
24-Jul-2002,0,5.344,25.4278,10.1167,0.2687
25-Jul-2002,0,5.336,24.8278,7.0222,0.2606
26-Jul-2002,0,5.327,25.8111,5.2444,0.2472
27-Jul-2002,0,5.318,27,8.3722,0.2338
28-Jul-2002,0,5.308,27.2167,8.3778,0.2365
29-Jul-2002,0,5.297,28.0556,9.5444,0.2365
30-Jul-2002,0,5.286,28.8056,10.6667,0.2499
31-Jul-2002,0.04,5.273,27.3,9.75,0.2445
01-Aug-2002,0.83,5.26,26.2056,9.6056,0.266
02-Aug-2002,0.14,5.247,25.0944,8.6944,0.2768
03-Aug-2002,0,5.232,22.8667,7.2111,0.2714
04-Aug-2002,0.01,5.217,20.2167,7.6889,0.258
05-Aug-2002,0,5.202,19.0444,8.4056,0.2338
06-Aug-2002,0,5.185,19.6944,4.4333,0.2257
07-Aug-2002,0.37,5.168,21.0167,2.4833,0.223
08-Aug-2002,0,5.151,23.7,3.4667,0.2687
09-Aug-2002,0.38,5.132,25.9667,5.9611,0.2741
10-Aug-2002,0.38,5.113,27.8389,7.9333,0.2606
11-Aug-2002,0,5.094,28.1056,9.1556,0.2096
12-Aug-2002,0,5.073,29.5111,9.8389,0.215
13-Aug-2002,0,5.052,29.6611,10.1944,0.1962
14-Aug-2002,0,5.031,29.4833,10.9333,0.2042
15-Aug-2002,0,5.009,29.6,10.75,0.2042
16-Aug-2002,0,4.986,29.0611,10.1222,0.2069
17-Aug-2002,0,4.962,28.0611,9.0667,0.2015
18-Aug-2002,0,4.938,26.9611,7.5889,0.1908
19-Aug-2002,0.02,4.913,23.8222,6.3611,0.1827
20-Aug-2002,0.4,4.888,19.7778,4.2278,0.1693
21-Aug-2002,0,4.862,20.1944,1.1722,0.2042
22-Aug-2002,0.03,4.836,20.5111,3.4,0.1881
23-Aug-2002,0,4.809,20.8944,3.6778,0.172
24-Aug-2002,0,4.781,22.5333,3.5444,0.1666
25-Aug-2002,0,4.753,23.3278,3.9278,0.1639
26-Aug-2002,0.03,4.724,22.7167,3.9944,0.1639
27-Aug-2002,0.01,4.695,21.5944,4.9,0.1612
28-Aug-2002,0,4.665,22.8389,5.6,0.1747
29-Aug-2002,0,4.635,23.3944,6.3389,0.1988
30-Aug-2002,0.03,4.604,22.6889,7.3333,0.1988
31-Aug-2002,0,4.573,23.7111,6.6333,0.1908
01-Sep-2002,0,4.541,26.1944,7.8389,0.18
02-Sep-2002,0.44,4.509,26.7111,8.5889,0.1773
03-Sep-2002,0.37,4.476,24.0667,10.3111,0.1693
04-Sep-2002,0.69,4.443,18.0333,10.4389,0.1666
05-Sep-2002,0.2,4.409,17.5222,9.3722,0.18
06-Sep-2002,3.91,4.375,13.0833,4.5111,0.1854
07-Sep-2002,0.26,4.341,14.1944,-0.9556,0.2069
08-Sep-2002,0.11,4.306,17.0667,-0.25,0.1908
09-Sep-2002,0.01,4.27,20.1667,1.4889,0.1827
10-Sep-2002,0,4.235,22.4667,3.0889,0.1773
11-Sep-2002,0.05,4.198,23.3778,4.5,0.1935
12-Sep-2002,0,4.162,23.8722,5.3722,0.1827
13-Sep-2002,0.04,4.125,24.7611,5.6667,0.1639
14-Sep-2002,0,4.088,24.9778,6.7444,0.1585
15-Sep-2002,0.07,4.05,22.0611,6.6444,0.1532
16-Sep-2002,0,4.012,19.3667,2.3667,0.1505
17-Sep-2002,0,3.974,18.8444,3.4444,0.1505
18-Sep-2002,0,3.935,17.4389,2.1889,0.1478
19-Sep-2002,0,3.896,21.0111,2.5944,0.1478
20-Sep-2002,0,3.857,23.2778,4.3333,0.1478
21-Sep-2002,0,3.817,24.4667,5.4778,0.1478
22-Sep-2002,0,3.777,25.1389,6.1222,0.1424
23-Sep-2002,0,3.737,25.2944,6.3944,0.1424
24-Sep-2002,0,3.697,24.1556,6.5556,0.1397
25-Sep-2002,0,3.656,22.9889,4.4222,0.1505
26-Sep-2002,0.01,3.616,22.0889,2.5667,0.1451
27-Sep-2002,0.09,3.575,17.5556,4.5111,0.1263
28-Sep-2002,0.53,3.534,14.5167,1.5944,0.1236
29-Sep-2002,0.09,3.492,14.1944,-0.4833,0.1236
30-Sep-2002,0.09,3.451,13.4222,-0.9278,0.1344
01-Oct-2002,2.55,3.409,6.4222,-2.5833,-99
02-Oct-2002,0.72,3.367,6.3167,-3.8167,-99
03-Oct-2002,0.03,3.325,13.1611,-4.1889,-99
04-Oct-2002,2.46,3.283,11.3833,1.5111,-99
05-Oct-2002,0.4,3.241,15.3444,-0.6833,-99
06-Oct-2002,0,3.198,17.1722,1.1944,-99
07-Oct-2002,0.02,3.156,19.0889,1.5667,-99
08-Oct-2002,0,3.113,20.7944,1.7944,-99
09-Oct-2002,0,3.071,20.1389,2.6722,-99
10-Oct-2002,0,3.028,16.4556,5.6444,-99
11-Oct-2002,0,2.986,14.4444,-0.3722,-99
12-Oct-2002,0,2.943,14.65,-2.3944,-99
13-Oct-2002,0,2.9,17.4278,-0.2722,-99
14-Oct-2002,0,2.857,18,1.6389,-99
15-Oct-2002,0,2.815,16.8889,0.6056,-99
16-Oct-2002,0,2.772,15.6556,-0.0167,-99
17-Oct-2002,0,2.729,17.1833,-0.1333,-99
18-Oct-2002,0,2.687,17.8667,-0.2389,-99
19-Oct-2002,0,2.644,16.7056,-0.3333,-99
20-Oct-2002,0,2.602,16.1056,-0.45,-99
21-Oct-2002,0.16,2.56,12.5333,-2.05,-99
22-Oct-2002,0,2.517,12.0556,-3.1667,-99
23-Oct-2002,0,2.475,12.0556,-2.7278,-99
24-Oct-2002,0,2.433,11.3833,-3.9333,-99
25-Oct-2002,0.15,2.391,10.3167,-2.3389,-99
26-Oct-2002,0.06,2.349,10.4056,-3.5111,-99
27-Oct-2002,0,2.308,11.2778,-3.45,-99
28-Oct-2002,0.18,2.266,11.6944,-1.9778,-99
29-Oct-2002,0,2.225,10.5611,-3.0167,-99
30-Oct-2002,0.13,2.184,9.6667,-3.6889,-99
31-Oct-2002,0,2.143,9.7,-7.9056,-99
01-Nov-2002,0.01,2.103,6.0389,-11.7056,-99
02-Nov-2002,0,2.062,8.7944,-7.1167,-99
03-Nov-2002,0,2.022,8.8444,-5.3556,-99
04-Nov-2002,0.07,1.982,10.9056,-5.6889,-99
05-Nov-2002,0.12,1.943,12.9722,-5.1333,-99
06-Nov-2002,0.51,1.904,12.5944,-4.2944,-99
07-Nov-2002,47.48,1.865,7.0889,-1.6722,-99
08-Nov-2002,79.85,1.826,3.9611,0.4056,-99
09-Nov-2002,9.3,1.787,2.7556,-2.5278,-99
10-Nov-2002,8.17,1.749,2.5111,-2.7222,-99
11-Nov-2002,1.54,1.712,8.1333,-4.3167,-99
12-Nov-2002,0.47,1.674,10.1389,-1.1111,-99
13-Nov-2002,0.32,1.637,10.0889,-1.6167,-99
14-Nov-2002,0.41,1.601,8.9111,-3.85,-99
15-Nov-2002,0,1.564,10.8167,-4.9778,-99
16-Nov-2002,0.04,1.528,10.55,-0.6444,-99
17-Nov-2002,0,1.493,9.3667,-3.05,-99
18-Nov-2002,0.23,1.458,11.0667,-5.2944,-99
19-Nov-2002,0.03,1.423,12.2167,-2.4444,-99
20-Nov-2002,0,1.389,13.4833,-1.9333,-99
21-Nov-2002,0,1.355,13.9278,-0.7722,-99
22-Nov-2002,0,1.322,11.9389,-0.4778,-99
23-Nov-2002,0.06,1.289,9.1667,-2.3444,-99
24-Nov-2002,0.03,1.257,9.9167,-4.3444,-99
25-Nov-2002,0.31,1.225,2.9611,-6.5778,-99
26-Nov-2002,0.11,1.193,5.7556,-7.2056,-99
27-Nov-2002,0,1.163,5.9833,-6.7444,-99
28-Nov-2002,0,1.132,8.0778,-6.8667,-99
29-Nov-2002,0,1.102,7.9333,-6.0944,-99
30-Nov-2002,0,1.073,4.1444,-6.4667,-99
01-Dec-2002,0,1.044,6.0833,-6.45,-99
02-Dec-2002,0.02,1.016,6.2667,-6.3222,-99
03-Dec-2002,0,0.988,8.5056,-6.7944,-99
04-Dec-2002,0,0.961,9.55,-4.9444,-99
05-Dec-2002,0,0.935,7.7889,-4.8778,-99
06-Dec-2002,0,0.909,6.3833,-4.45,-99
07-Dec-2002,0,0.883,6.7222,-6.5611,-99
08-Dec-2002,0,0.858,8.5833,-7.0944,-99
09-Dec-2002,0.23,0.834,5.2111,-4.8389,-99
10-Dec-2002,0.71,0.811,3.9333,-6.1667,-99
11-Dec-2002,0.24,0.788,6.6111,-7.8389,-99
12-Dec-2002,0.17,0.765,7.7056,-5.0444,-99
13-Dec-2002,11.68,0.743,4.6,-2.4167,-99
14-Dec-2002,39.79,0.722,5.9389,-2.2667,-99
15-Dec-2002,14.64,0.702,1.1278,-4.0556,-99
16-Dec-2002,81.12,0.682,-0.8056,-4.3278,-99
17-Dec-2002,22.27,0.663,-2.5167,-8.1111,-99
18-Dec-2002,5.8,0.644,-1.5056,-12.6722,-99
19-Dec-2002,26.69,0.627,-0.4778,-12.0111,-99
20-Dec-2002,5.36,0.609,-1.9833,-8.2389,-99
21-Dec-2002,3.1,0.593,-0.2056,-7.85,-99
22-Dec-2002,1.12,0.577,-3.4722,-10.5444,-99
23-Dec-2002,0.96,0.562,-3.7389,-13.8611,-99
24-Dec-2002,0.51,0.547,-2.2444,-14.4222,-99
25-Dec-2002,1.84,0.534,0.5944,-13.5333,-99
26-Dec-2002,1.98,0.521,2.0611,-6.8111,-99
27-Dec-2002,1.4,0.508,4.9167,-0.9,-99
28-Dec-2002,24.21,0.497,4.4611,-4.3944,-99
29-Dec-2002,10.68,0.486,-0.3,-8.35,-99
30-Dec-2002,6.54,0.475,2.1389,-7.1444,-99
31-Dec-2002,15.46,0.466,0.2944,-9.55,-99
01-Jan-2003,2.96,0.44,6.1,-11.2,-99
02-Jan-2003,0.48,0.442,8.7333,-2.8944,-99
03-Jan-2003,0.41,0.435,11.7111,-0.3944,-99
04-Jan-2003,0,0.429,11.2278,-0.5833,-99
05-Jan-2003,0.03,0.424,9.7444,-3.4778,-99
06-Jan-2003,0.04,0.419,6.95,-6.5,-99
07-Jan-2003,0.25,0.416,9.0389,-6.3889,-99
08-Jan-2003,0.42,0.413,8.4889,-4.75,-99
09-Jan-2003,2.86,0.41,4.25,-2.6722,-99
10-Jan-2003,4.73,0.409,2.8611,-1.8778,-99
11-Jan-2003,0.91,0.408,5.8889,-5.5,-99
12-Jan-2003,0.04,0.408,7.8056,-1.4167,-99
13-Jan-2003,0.05,0.409,9.9444,-2.3778,-99
14-Jan-2003,0,0.41,7.6833,-5.2778,-99
15-Jan-2003,0.23,0.412,10.7111,-8.0833,-99
16-Jan-2003,0.12,0.415,11.8389,-4.5722,-99
17-Jan-2003,0,0.419,11.0556,-4.1056,-99
18-Jan-2003,0.12,0.423,11.0722,-3.9667,-99
19-Jan-2003,0,0.428,12,-3.65,-99
20-Jan-2003,0.76,0.434,10.1722,-4.0778,-99
21-Jan-2003,0.57,0.44,6.4,-2.4833,-99
22-Jan-2003,2.12,0.447,8.6111,-0.8222,-99
23-Jan-2003,3.06,0.455,7.2389,-0.1,-99
24-Jan-2003,0.74,0.464,8.3333,-2.5056,-99
25-Jan-2003,0.27,0.473,10.5389,-1.4833,-99
26-Jan-2003,0.47,0.483,12.6222,-0.1111,-99
27-Jan-2003,2.72,0.494,10.3667,-0.8778,-99
28-Jan-2003,0.39,0.506,10.1667,-4.3389,-99
29-Jan-2003,0.07,0.518,11.6944,-3.4778,-99
30-Jan-2003,0.79,0.531,13.3444,-1.35,-99
31-Jan-2003,0.06,0.545,14.6667,0.4722,-99
01-Feb-2003,4.8,0.559,8.3556,-5.1556,-99
02-Feb-2003,0.27,0.574,3.05,-9.7278,-99
03-Feb-2003,0.04,0.589,6.7278,-10.45,-99
04-Feb-2003,0.19,0.606,4.7278,-10.9444,-99
05-Feb-2003,0.12,0.623,2.5556,-13.6222,-99
06-Feb-2003,0.04,0.641,-1.35,-12.9222,-99
07-Feb-2003,0.42,0.659,-1.8722,-13.5056,-99
08-Feb-2003,0.54,0.678,2.8278,-15,-99
09-Feb-2003,0.04,0.698,6.2222,-11.7111,-99
10-Feb-2003,0.03,0.718,9.2389,-8.0556,-99
11-Feb-2003,0.22,0.739,6.1389,-5.5389,-99
12-Feb-2003,1.77,0.761,3.9167,-5.2944,-99
13-Feb-2003,6.32,0.783,5.2278,-2.4889,-99
14-Feb-2003,0.13,0.806,8.5611,-5.0667,-99
15-Feb-2003,1.92,0.829,7.3167,-3.4667,-99
16-Feb-2003,13.32,0.853,2.5722,-7.0611,-99
17-Feb-2003,0.87,0.878,4.5556,-8.2944,-99
18-Feb-2003,0.73,0.903,5.5833,-9.7667,-99
19-Feb-2003,0.85,0.929,1.6667,-7.5889,-99
20-Feb-2003,0.57,0.955,5.0222,-5.5833,-99
21-Feb-2003,0.51,0.982,9.8944,-7.8111,-99
22-Feb-2003,0.03,1.01,8.85,-6.0056,-99
23-Feb-2003,0.07,1.038,8.8833,-6.7722,-99
24-Feb-2003,5.27,1.067,4.4833,-3.6389,-99
25-Feb-2003,2.69,1.096,0.6556,-5.5333,-99
26-Feb-2003,1.85,1.126,2.6,-10.4056,-99
27-Feb-2003,1.68,1.156,2.1889,-8.3667,-99
28-Feb-2003,1.96,1.187,2.9,-10.5222,-99
01-Mar-2003,0.78,1.218,2.2444,-8.4389,-99
02-Mar-2003,1.55,1.25,9.1222,-11.3778,-99
03-Mar-2003,3,1.282,5.0944,-6.2278,-99
04-Mar-2003,1.54,1.315,3.5722,-7.5278,-99
05-Mar-2003,1,1.348,8.7611,-8.6333,-99
06-Mar-2003,0.45,1.382,9.2778,-4.3889,-99
07-Mar-2003,0,1.416,9.6056,-4.3833,-99
08-Mar-2003,0.26,1.451,12.0944,-4.9111,-99
09-Mar-2003,0.07,1.486,10.9111,-3.2167,-99
10-Mar-2003,0.06,1.521,11.0444,-2.4333,-99
11-Mar-2003,0.19,1.557,13.0222,-3.9833,-99
12-Mar-2003,0.34,1.593,13.7889,-3.0111,-99
13-Mar-2003,1.24,1.629,12.3278,0.35,-99
14-Mar-2003,3.61,1.666,8.6778,-0.0111,-99
15-Mar-2003,23.72,1.704,3.7389,-4.4944,-99
16-Mar-2003,1.55,1.741,4.1833,-8.6,-99
17-Mar-2003,1.6,1.779,2.3778,-6.4667,-99
18-Mar-2003,1.14,1.818,5.0333,-9.1278,-99
19-Mar-2003,1.35,1.856,10.9056,-9.6222,-99
20-Mar-2003,1,1.895,8.05,-4.6556,-99
21-Mar-2003,1.54,1.935,11.9167,-4.4611,-99
22-Mar-2003,0.21,1.974,10.8278,-1.1333,-99
23-Mar-2003,5.27,2.014,6.8389,-0.0778,-99
24-Mar-2003,0.39,2.054,9.1667,-2.6389,-99
25-Mar-2003,0.5,2.094,12.1778,-3.2056,-99
26-Mar-2003,5.9,2.135,7.2278,-1.2611,-99
27-Mar-2003,0.12,2.176,6.1222,-5.3833,-99
28-Mar-2003,0.7,2.217,6.9722,-7.2,-99
29-Mar-2003,0.25,2.258,12.4722,-5.5556,-99
30-Mar-2003,1.02,2.299,16.5556,-2.1667,-99
31-Mar-2003,0.48,2.341,15.3167,0.7278,-99
01-Apr-2003,7.35,2.382,7.6944,-3.3444,-99
02-Apr-2003,12.37,2.424,-0.8167,-7.5222,-99
03-Apr-2003,4.86,2.466,0.4722,-10.35,-99
04-Apr-2003,10.46,2.508,-0.4222,-9.0444,-99
05-Apr-2003,2.81,2.551,3.0056,-12.1722,-99
06-Apr-2003,0.55,2.593,3.9278,-7,-99
07-Apr-2003,1.05,2.635,10.9667,-7.05,-99
08-Apr-2003,0.4,2.678,14.2167,-2.4889,-99
09-Apr-2003,0.16,2.72,14.8222,-1.2056,-99
10-Apr-2003,0.03,2.763,12.3889,-0.8611,-99
11-Apr-2003,0.12,2.806,11.7333,0.2278,-99
12-Apr-2003,15.32,2.848,5.8889,-0.9944,-99
13-Apr-2003,47.63,2.891,0.9667,-3.9944,-99
14-Apr-2003,11.87,2.934,4.9778,-6.0556,-99
15-Apr-2003,3.25,2.977,5.0944,-9.6222,-99
16-Apr-2003,1.34,3.019,3.85,-5.4278,-99
17-Apr-2003,1.69,3.062,5.6111,-3.3722,-99
18-Apr-2003,0.56,3.104,5.9111,-5.6222,-99
19-Apr-2003,1.43,3.147,9.5444,-7.1444,-99
20-Apr-2003,1.36,3.189,9.1556,-4.0389,-99
21-Apr-2003,2.51,3.232,4.0556,-5.6111,-99
22-Apr-2003,1.11,3.274,5.65,-6.7611,-99
23-Apr-2003,0.72,3.316,9.6667,-4.2222,-99
24-Apr-2003,3.39,3.358,5.4333,-1.3778,-99
25-Apr-2003,5.25,3.4,3.5222,-2.8056,-99
26-Apr-2003,3.58,3.442,6.7278,-3.9556,-99
27-Apr-2003,0.91,3.483,7.0556,-3.1944,-99
28-Apr-2003,9.07,3.525,5,-4.4778,-99
29-Apr-2003,1.49,3.566,4.7056,-4.9778,-99
30-Apr-2003,1.64,3.607,7.8444,-8.0833,-99
01-May-2003,1.56,3.648,9.4611,-5.0889,-99
02-May-2003,1.6,3.689,7.2056,-0.7556,-99
03-May-2003,9.51,3.729,6.9,-1.6444,-99
04-May-2003,5.22,3.769,5.95,-3.1556,-99
05-May-2003,2.89,3.809,9.4222,-5.9111,-99
06-May-2003,0.23,3.848,9.7667,-4.5111,-99
07-May-2003,1.23,3.888,7.1,-1.4222,-99
08-May-2003,9.93,3.927,1.7556,-6.7,-99
09-May-2003,4.47,3.965,5.2333,-8.2333,-99
10-May-2003,1.16,4.004,9.3111,-4.0833,-99
11-May-2003,1.37,4.042,13.0278,-3.3,-99
12-May-2003,0.04,4.08,16.1333,-0.5167,-99
13-May-2003,1.54,4.117,18.5944,0.5444,-99
14-May-2003,0.36,4.154,15.7389,1.3722,-99
15-May-2003,0,4.191,15.8389,0.6167,-99
16-May-2003,0.44,4.227,16.9722,-0.3444,-99
17-May-2003,0.12,4.263,16.2944,0.5833,-99
18-May-2003,0.03,4.298,15.3611,-2.4611,-99
19-May-2003,0.45,4.333,15.5889,-3.2111,-99
20-May-2003,0.03,4.368,19.3278,0.0667,-99
21-May-2003,0,4.402,21.9,2.7444,-99
22-May-2003,0.5,4.436,23.6778,4.1778,-99
23-May-2003,2.06,4.469,24.0889,4.7944,-99
24-May-2003,0.5,4.502,21.6278,5.3056,-99
25-May-2003,0,4.535,17.7222,4.9,-99
26-May-2003,0,4.566,20.4333,4.2111,-99
27-May-2003,0,4.598,25.3944,4.6833,-99
28-May-2003,0.5,4.629,25.6611,7.5222,-99
29-May-2003,1.5,4.659,24.5667,8.2222,-99
30-May-2003,2.02,4.689,20.8333,6.5556,-99
31-May-2003,0,4.718,21.5833,3.7167,-99
01-Jun-2003,0.02,4.747,24.0722,3.5778,-99
02-Jun-2003,0,4.775,24.6778,5.6222,-99
03-Jun-2003,0.09,4.803,25.2778,5.8056,-99
04-Jun-2003,0.01,4.83,24.5611,6.85,-99
05-Jun-2003,0.09,4.857,23.8833,5.6278,-99
06-Jun-2003,0.01,4.883,24.9056,6.1056,-99
07-Jun-2003,0.1,4.908,25.6056,7.2889,-99
08-Jun-2003,0,4.933,24.6056,7,-99
09-Jun-2003,0.01,4.957,22.0667,5.9611,-99
10-Jun-2003,0.09,4.981,21.2444,4.5889,-99
11-Jun-2003,0.09,5.004,20.4056,3.1111,-99
12-Jun-2003,0.31,5.026,19.6389,1.9944,-99
13-Jun-2003,0,5.048,20.1056,3.4389,-99
14-Jun-2003,0,5.069,22.6389,3.6056,-99
15-Jun-2003,0.31,5.089,23.4278,4.2333,-99
16-Jun-2003,0.31,5.109,24.8333,6.7333,-99
17-Jun-2003,0.05,5.128,26.0833,8.5833,-99
18-Jun-2003,0,5.147,23.3056,8.0278,-99
19-Jun-2003,0.09,5.165,19.4278,3.9944,-99
20-Jun-2003,0.02,5.182,17.7167,2.6444,-99
21-Jun-2003,0.05,5.198,17.3333,1.5389,-99
22-Jun-2003,0.02,5.214,17.3722,0.4111,-99
23-Jun-2003,2.23,5.229,13.5278,-0.3889,-99
24-Jun-2003,0.77,5.244,15.4111,0.2056,-99
25-Jun-2003,0,5.258,20.2556,2.1222,-99
26-Jun-2003,0,5.271,23.5722,4.3611,-99
27-Jun-2003,0,5.283,26.0222,6.3278,-99
28-Jun-2003,0,5.295,26.9111,8.4333,-99
29-Jun-2003,0,5.306,23.2278,7.7333,-99
30-Jun-2003,0.01,5.316,22.8444,4.2222,-99
01-Jul-2003,0.34,5.325,20.8333,6.7056,-99
02-Jul-2003,0,5.334,21.15,6.85,-99
03-Jul-2003,0.07,5.342,22.3056,6.4,-99
04-Jul-2003,0.02,5.35,24.9222,4.3611,-99
05-Jul-2003,0,5.356,25.8722,5.9278,-99
06-Jul-2003,0,5.362,24.5944,5.1444,-99
07-Jul-2003,0,5.367,23.35,4.3889,-99
08-Jul-2003,0,5.372,24.6944,4.7611,-99
09-Jul-2003,0,5.376,28.3833,7,-99
10-Jul-2003,0,5.379,26.7944,8.5167,-99
11-Jul-2003,0.01,5.381,27.4833,7.7167,-99
12-Jul-2003,0,5.382,25.8444,7.7222,-99
13-Jul-2003,0.01,5.383,25.8,8.8944,-99
14-Jul-2003,0.01,5.383,27.1778,6.8278,-99
15-Jul-2003,0.03,5.383,26.3167,9.2278,-99
16-Jul-2003,0.01,5.381,26.8556,10.7056,-99
17-Jul-2003,0.01,5.379,26.8667,11.3222,-99
18-Jul-2003,0.38,5.376,27.55,11.3889,-99
19-Jul-2003,1.27,5.373,27.8944,12.2833,-99
20-Jul-2003,1.9,5.368,27.8333,12.3222,-99
21-Jul-2003,1.29,5.363,29.4333,12.5333,-99
22-Jul-2003,1,5.358,30.4667,12.8444,-99
23-Jul-2003,4.69,5.351,27.5111,13.6722,-99
24-Jul-2003,1.13,5.344,25.2889,12.0056,-99
25-Jul-2003,0.24,5.336,24.3389,10.4667,-99
26-Jul-2003,0.78,5.327,25.3222,9.3333,-99
27-Jul-2003,1.29,5.318,24.9056,11.2056,-99
28-Jul-2003,2.6,5.308,26.8889,10.2722,-99
29-Jul-2003,0.28,5.297,28.5944,11.6667,-99
30-Jul-2003,0.69,5.286,29.1333,13.2944,-99
31-Jul-2003,7.74,5.273,25.3278,11.7056,-99
01-Aug-2003,3.19,5.26,21.0278,9.6611,-99
02-Aug-2003,2.8,5.247,16.3278,9.3,-99
03-Aug-2003,1,5.232,20.9667,7.0722,-99
04-Aug-2003,0.14,5.217,22.2889,8.2444,-99
05-Aug-2003,0,5.202,20.8056,6.1944,-99
06-Aug-2003,0,5.185,19.7556,5.4278,-99
07-Aug-2003,0.17,5.168,21.3722,5.4833,-99
08-Aug-2003,0.01,5.151,22.1389,6.0944,-99
09-Aug-2003,0.12,5.132,23.5333,5.9611,-99
10-Aug-2003,0.02,5.113,24.6278,8.3056,-99
11-Aug-2003,0,5.094,24.2611,9.7944,-99
12-Aug-2003,0,5.073,23.7722,8.0278,-99
13-Aug-2003,0,5.052,24.4444,8.1556,-99
14-Aug-2003,0.01,5.031,25.0778,8.9222,-99
15-Aug-2003,0.03,5.009,25.5944,10.3778,-99
16-Aug-2003,0,4.986,25.5333,9.8278,-99
17-Aug-2003,0.02,4.962,27.0111,8.6722,-99
18-Aug-2003,0.03,4.938,28.0278,10.0111,-99
19-Aug-2003,0,4.913,26.6389,11.2778,-99
20-Aug-2003,1.77,4.888,26.0167,9.9944,-99
21-Aug-2003,10.4,4.862,20.2389,11.4944,-99
22-Aug-2003,1.12,4.836,19.2556,8.6333,-99
23-Aug-2003,0.03,4.809,21.8889,6.1222,-99
24-Aug-2003,0.03,4.781,24.3111,7.1778,-99
25-Aug-2003,1.18,4.753,25.9722,8.2,-99
26-Aug-2003,2.72,4.724,22.5278,9.3722,-99
27-Aug-2003,0.03,4.695,22.7111,8.1889,-99
28-Aug-2003,0.06,4.665,22.6222,8.8222,-99
29-Aug-2003,0.71,4.635,23.5111,5.8444,-99
30-Aug-2003,0.35,4.604,24.9056,6.5833,-99
31-Aug-2003,1.36,4.573,20.2389,6.9111,-99
01-Sep-2003,0.75,4.541,23.3833,6.7333,-99
02-Sep-2003,1.33,4.509,25.2556,8.6389,-99
03-Sep-2003,3.67,4.476,23.0778,9.0167,-99
04-Sep-2003,0.85,4.443,22.8778,8.4167,-99
05-Sep-2003,0.55,4.409,22.6389,7.6,-99
06-Sep-2003,0,4.375,21.7889,7.2111,-99
07-Sep-2003,0.02,4.341,20.1278,7.3,-99
08-Sep-2003,0.05,4.306,17.3056,6.0333,-99
09-Sep-2003,0.6,4.27,14.7778,3.9556,-99
10-Sep-2003,0.38,4.235,16.9833,1.0944,-99
11-Sep-2003,0.75,4.198,19.7722,5.5111,-99
12-Sep-2003,0,4.162,23.2,5.2167,-99
13-Sep-2003,0,4.125,19.6111,3.2833,-99
14-Sep-2003,0.38,4.088,22.1167,4.7222,-99
15-Sep-2003,0,4.05,20.8667,7.2389,-99
16-Sep-2003,0,4.012,18.3,6.3611,-99
17-Sep-2003,0,3.974,15.1111,1.4389,-99
18-Sep-2003,0.38,3.935,18.9556,-0.0667,-99
19-Sep-2003,0,3.896,21.2667,3.3444,-99
20-Sep-2003,0,3.857,22.9,4.1111,-99
21-Sep-2003,0.01,3.817,24.0611,5.3167,-99
22-Sep-2003,0.13,3.777,25.3,6.1056,-99
23-Sep-2003,0.04,3.737,26,6.7722,-99
24-Sep-2003,0,3.697,25.4833,7.1222,-99
25-Sep-2003,0.13,3.656,24.8333,6.8,-99
26-Sep-2003,0.01,3.616,24.8,6.1,-99
27-Sep-2003,0,3.575,25.8333,6.2167,-99
28-Sep-2003,0.76,3.534,25.7167,7.4556,-99
29-Sep-2003,0,3.492,22.2056,8.1333,-99
30-Sep-2003,0,3.451,22.9444,5.85,-99
01-Oct-2003,0,3.409,21.9611,6.3278,-99
02-Oct-2003,0.58,3.367,20.2278,3.8722,-99
03-Oct-2003,0,3.325,19.7833,3.7222,-99
04-Oct-2003,0.22,3.283,20.25,4.8722,-99
05-Oct-2003,0,3.241,20.5667,4.6833,-99
06-Oct-2003,0,3.198,21.9778,4.5556,-99
07-Oct-2003,0,3.156,22.4889,5.1444,-99
08-Oct-2003,0,3.113,22.5778,4.7333,-99
09-Oct-2003,0,3.071,21.3611,4.8889,-99
10-Oct-2003,0,3.028,16.7611,0.6722,-99
11-Oct-2003,0,2.986,16.7222,-1.9444,-99
12-Oct-2003,0,2.943,18.95,0.5278,-99
13-Oct-2003,0.02,2.9,18.1778,-1.1056,-99
14-Oct-2003,0,2.857,19.5778,-0.1778,-99
15-Oct-2003,0,2.815,19.3389,0.7611,-99
16-Oct-2003,0,2.772,19.7056,0.6778,-99
17-Oct-2003,0,2.729,21.5889,1.3778,-99
18-Oct-2003,0,2.687,22.2278,2.2222,-99
19-Oct-2003,0,2.644,21.0889,3.2833,-99
20-Oct-2003,0,2.602,22.7833,3.1556,-99
21-Oct-2003,0,2.56,23.0778,2.5,-99
22-Oct-2003,0,2.517,22.3056,2.7944,-99
23-Oct-2003,0,2.475,18.9389,2.8,-99
24-Oct-2003,0,2.433,16.7722,-1.3444,-99
25-Oct-2003,0,2.391,16.6222,-0.9833,-99
26-Oct-2003,0,2.349,17.7722,-0.5222,-99
27-Oct-2003,0,2.308,19.1667,0.3611,-99
28-Oct-2003,0,2.266,19.7,1,-99
29-Oct-2003,0,2.225,18.3611,2.5889,-99
30-Oct-2003,0.3,2.184,9.3778,-0.6889,-99
31-Oct-2003,6.86,2.143,0.95,-5.6778,-99
01-Nov-2003,2.1,2.103,1.4222,-5.6889,-99
02-Nov-2003,0.14,2.062,1.7778,-10.2778,-99
03-Nov-2003,5.05,2.022,2.2556,-7.9111,-99
04-Nov-2003,1,1.982,3.2722,-10.7111,-99
05-Nov-2003,0.02,1.943,4.8667,-6.5611,-99
06-Nov-2003,0.05,1.904,5.55,-8.3611,-99
07-Nov-2003,0.51,1.865,5.8389,-4.9778,-99
08-Nov-2003,14.69,1.826,5.6722,-4.7333,-99
09-Nov-2003,34.25,1.787,4.9611,-3,-99
10-Nov-2003,0.13,1.749,4.8722,-6.3,-99
11-Nov-2003,0.04,1.712,5.7278,-7.6056,-99
12-Nov-2003,0.7,1.674,6.6611,-6.6611,-99
13-Nov-2003,0.02,1.637,6.5611,-4.7389,-99
14-Nov-2003,1.14,1.601,5.8389,-6.2222,-99
15-Nov-2003,2.43,1.564,3.5167,-3.7167,-99
16-Nov-2003,0.15,1.528,5.5833,-6.1833,-99
17-Nov-2003,0.13,1.493,8.0778,-3.2667,-99
18-Nov-2003,0.04,1.458,11.75,-4.7444,-99
19-Nov-2003,0.02,1.423,12.9611,-4.5611,-99
20-Nov-2003,0,1.389,11.5,-1.6611,-99
21-Nov-2003,1.34,1.355,6.4444,-1.1722,-99
22-Nov-2003,0.58,1.322,0.9444,-11.9278,-99
23-Nov-2003,0,1.289,1.4389,-12.7278,-99
24-Nov-2003,0,1.257,5.4778,-10.5944,-99
25-Nov-2003,0,1.225,5.3444,-8.6556,-99
26-Nov-2003,0.48,1.193,4.5833,-7.7611,-99
27-Nov-2003,0,1.163,5.2611,-10.0167,-99
28-Nov-2003,0.01,1.132,4.3,-7.6889,-99
29-Nov-2003,0.32,1.102,5.8722,-2.0167,-99
30-Nov-2003,0.03,1.073,6.8056,-3.7,-99
01-Dec-2003,0.4,1.044,8.0333,-4.4556,-99
02-Dec-2003,0.23,1.016,8.9889,-4.8222,-99
03-Dec-2003,0.57,0.988,10.0389,-5.1389,-99
04-Dec-2003,2.15,0.961,9.1722,-6.2333,-99
05-Dec-2003,18.58,0.935,9.4611,-2.2778,-99
06-Dec-2003,14.14,0.909,7.0556,2.8111,-99
07-Dec-2003,5.76,0.883,5.4889,0.3167,-99
08-Dec-2003,4.86,0.858,3.0889,-8.1944,-99
09-Dec-2003,6.71,0.834,4.9889,-8.2667,-99
10-Dec-2003,15.86,0.811,4.2944,-5.8056,-99
11-Dec-2003,6.45,0.788,2.6111,-6.5278,-99
12-Dec-2003,2.57,0.765,2.5611,-9.5111,-99
13-Dec-2003,1.58,0.743,4.7444,-4.3222,-99
14-Dec-2003,20.16,0.722,1.9944,-3.5611,-99
15-Dec-2003,1.35,0.702,0.6167,-12.3944,-99
16-Dec-2003,0.09,0.682,1.1889,-11.6111,-99
17-Dec-2003,0.1,0.663,2.5056,-9.85,-99
18-Dec-2003,0.81,0.644,2.7389,-8.9667,-99
19-Dec-2003,4.99,0.627,4.9389,-7.1056,-99
20-Dec-2003,4.7,0.609,5.0333,-3.9556,-99
21-Dec-2003,1.54,0.593,4.25,-3.4667,-99
22-Dec-2003,1.54,0.577,4.5722,-5.7389,-99
23-Dec-2003,4.11,0.562,4.2222,-5.3167,-99
24-Dec-2003,35.84,0.547,3.0722,-2.9667,-99
25-Dec-2003,11.39,0.534,-0.8944,-2.7167,-99
26-Dec-2003,1.79,0.521,-1.9111,-8.35,-99
27-Dec-2003,0.56,0.508,-1.8611,-15.2833,-99
28-Dec-2003,1.87,0.497,0.3778,-14.9,-99
29-Dec-2003,11.98,0.486,0.8333,-11.5444,-99
30-Dec-2003,3.87,0.475,0.7278,-3.9389,-99
31-Dec-2003,5.8,0.466,1.8833,-4.4722,-99
